epoch:	train_RMSD:	train_MAE:
0	7.0241	6.1321
1	6.7996	5.8762
2	5.7916	4.7034
3	4.5039	3.2705
4	4.104	2.9504
5	3.9183	2.8518
6	3.7846	2.8069
7	3.6771	2.7892
8	3.5908	2.7887
9	3.5246	2.7979
10	3.4806	2.813
11	3.4558	2.8303
12	3.4444	2.8455
13	3.4403	2.8574
14	3.4391	2.8656
15	3.4391	2.8715
16	3.4393	2.8751
17	3.4395	2.877
18	3.4396	2.8772
19	3.4395	2.877
20	3.4393	2.8751
21	3.4392	2.874
22	3.4391	2.8721
23	3.439	2.8701
24	3.439	2.8708
25	3.4391	2.8718
26	3.4391	2.8726
27	3.4391	2.8731
28	3.4389	2.8717
29	3.4387	2.8697
30	3.4386	2.8695
31	3.4384	2.8688
32	3.4382	2.8686
33	3.438	2.8688
34	3.4378	2.8704
35	3.4377	2.8732
36	3.4375	2.8744
37	3.437	2.8732
38	3.4362	2.872
39	3.4348	2.8658
40	3.433	2.8624
41	3.4305	2.8618
42	3.427	2.8566
43	3.4221	2.8512
44	3.4156	2.8448
45	3.4074	2.8373
46	3.3975	2.8291
47	3.3838	2.8136
48	3.3647	2.7915
49	3.3312	2.747
50	3.2826	2.6877
51	3.2087	2.5941
52	3.0906	2.4325
53	2.9443	2.2217
54	2.7903	2.0033
55	2.6639	1.8545
56	2.5789	1.7638
57	2.5236	1.7097
58	2.4881	1.6593
59	2.4658	1.6359
60	2.4521	1.6203
61	2.4388	1.6087
62	2.4182	1.6029
63	2.3969	1.5959
64	2.3567	1.5716
65	2.3591	1.5713
66	2.3541	1.5651
67	2.3378	1.5452
68	2.3401	1.5572
69	2.3215	1.5366
70	2.3111	1.5266
71	2.3033	1.5172
72	2.2874	1.5032
73	2.282	1.5097
74	2.2726	1.5011
75	2.2447	1.4726
76	2.2511	1.4889
77	2.2284	1.4611
78	2.2252	1.4535
79	2.2135	1.4498
80	2.2087	1.4493
81	2.1926	1.4245
82	2.1933	1.4266
83	2.189	1.4329
84	2.1774	1.4079
85	2.1669	1.41
86	2.164	1.4096
87	2.1476	1.4026
88	2.1262	1.3725
89	2.1101	1.3793
90	2.0928	1.3527
91	2.0566	1.3364
92	2.0583	1.3593
93	2.0449	1.3545
94	2.0323	1.3209
95	2.0505	1.38
96	1.9805	1.2809
97	1.9533	1.2615
98	1.9477	1.2712
99	1.9516	1.2617
100	1.9293	1.2623
101	1.8885	1.2107
102	1.8733	1.2043
103	1.861	1.185
104	1.8807	1.2263
105	1.9243	1.2546
106	1.8818	1.2348
107	1.8149	1.1594
108	1.8063	1.156
109	1.8048	1.1675
110	1.8791	1.2275
111	1.8376	1.2107
112	1.8011	1.1612
113	1.7578	1.1274
114	1.7474	1.1209
115	1.7406	1.1146
116	1.7241	1.0969
117	1.7131	1.1007
118	1.733	1.1123
119	1.7039	1.1026
120	1.6999	1.1039
121	1.6997	1.0858
122	1.6689	1.0733
123	1.6728	1.0829
124	1.6943	1.0894
125	1.7437	1.1568
126	1.7194	1.113
127	1.6507	1.0635
128	1.6392	1.0588
129	1.633	1.0483
130	1.6304	1.0514
131	1.6422	1.051
132	1.6108	1.0354
133	1.6453	1.0665
134	1.6018	1.03
135	1.6157	1.0377
136	1.6109	1.0482
137	1.5987	1.0263
138	1.5792	1.0131
139	1.605	1.0407
140	1.6006	1.0458
141	1.7089	1.1278
142	1.6851	1.1156
143	1.5771	1.0161
144	1.5692	1.0143
145	1.5621	1.004
146	1.5535	1.0015
147	1.5445	0.9923
148	1.6398	1.0976
149	1.5427	0.9981
150	1.5386	0.9895
151	1.5334	0.9888
152	1.5296	0.9857
153	1.5333	0.9957
154	1.5298	0.9818
155	1.5159	0.9794
156	1.5304	0.9937
157	1.5219	0.9836
158	1.5098	0.976
159	1.5237	0.9907
160	1.512	0.9842
161	1.494	0.9618
162	1.5027	0.9794
163	1.4845	0.9575
164	1.5263	1.008
165	1.5839	1.0475
166	1.4817	0.9601
167	1.4885	0.9694
168	1.4763	0.9556
169	1.4627	0.9405
170	1.4605	0.9451
171	1.4537	0.9375
172	1.4473	0.9346
173	1.4694	0.9521
174	1.4924	0.9681
175	1.4544	0.941
176	1.4333	0.9246
177	1.4676	0.957
178	1.5681	1.0597
179	1.4455	0.941
180	1.474	0.9723
181	1.4637	0.9593
182	1.4466	0.9427
183	1.4181	0.921
184	1.4104	0.9115
185	1.4086	0.9094
186	1.4329	0.927
187	1.4294	0.9387
188	1.4755	0.9732
189	1.419	0.9347
190	1.3973	0.9058
191	1.3891	0.8998
192	1.4086	0.9169
193	1.3891	0.9018
194	1.3836	0.9013
195	1.3793	0.8933
196	1.3727	0.8895
197	1.4112	0.9268
198	1.4107	0.9179
199	1.429	0.9433
200	1.3652	0.8827
201	1.3732	0.8957
202	1.3836	0.8994
203	1.3583	0.8832
204	1.3563	0.8788
205	1.4167	0.9422
206	1.4145	0.9291
207	1.3685	0.905
208	1.3629	0.8886
209	1.3467	0.8816
210	1.376	0.9021
211	1.3292	0.8676
212	1.3642	0.8918
213	1.398	0.9224
214	1.4246	0.945
215	1.4061	0.9372
216	1.3412	0.8796
217	1.3188	0.8578
218	1.3086	0.8484
219	1.3061	0.8415
220	1.3168	0.8508
221	1.332	0.8666
222	1.301	0.8439
223	1.3319	0.8763
224	1.3035	0.8467
225	1.2877	0.8318
226	1.296	0.8373
227	1.3231	0.865
228	1.3413	0.8829
229	1.308	0.8659
230	1.276	0.8265
231	1.2991	0.8456
232	1.2868	0.8392
233	1.2667	0.8135
234	1.2575	0.8099
235	1.2645	0.8132
236	1.26	0.8145
237	1.2671	0.8153
238	1.278	0.8384
239	1.3116	0.8659
240	1.2613	0.8233
241	1.3074	0.8564
242	1.2886	0.8477
243	1.2553	0.8219
244	1.34	0.8978
245	1.2386	0.8031
246	1.2281	0.791
247	1.261	0.8213
248	1.2245	0.7836
249	1.2162	0.7867
250	1.2254	0.7894
251	1.2312	0.7953
252	1.2177	0.7828
253	1.2209	0.7865
254	1.2345	0.8061
255	1.1989	0.7749
256	1.2027	0.7721
257	1.1914	0.7631
258	1.2299	0.8031
259	1.1957	0.7673
260	1.2642	0.8432
261	1.2131	0.7844
262	1.2198	0.7966
263	1.1883	0.7649
264	1.174	0.75
265	1.1699	0.7493
266	1.2116	0.7828
267	1.1759	0.7641
268	1.1652	0.7431
269	1.1788	0.7558
270	1.1629	0.7465
271	1.1763	0.7625
272	1.202	0.7843
273	1.1557	0.7384
274	1.1585	0.7456
275	1.1523	0.7402
276	1.1567	0.7427
277	1.146	0.7341
278	1.1431	0.7273
279	1.1612	0.7544
280	1.1391	0.7289
281	1.136	0.7263
282	1.1588	0.7582
283	1.15	0.7397
284	1.1355	0.7286
285	1.1261	0.7185
286	1.1271	0.7278
287	1.156	0.748
288	1.1654	0.776
289	1.1788	0.7739
290	1.1471	0.7469
291	1.1244	0.7237
292	1.1283	0.7235
293	1.1158	0.7164
294	1.113	0.7189
295	1.1108	0.7121
296	1.1051	0.7053
297	1.1045	0.7124
298	1.1069	0.7096
299	1.103	0.7114
300	1.0944	0.6978
301	1.1039	0.7161
302	1.1081	0.7169
303	1.0905	0.6966
304	1.0956	0.7068
305	1.1378	0.7504
306	1.1123	0.7243
307	1.1772	0.778
308	1.108	0.7236
309	1.0841	0.707
310	1.0785	0.6928
311	1.0792	0.692
312	1.0705	0.6845
313	1.0808	0.6934
314	1.0677	0.6846
315	1.0724	0.6955
316	1.0645	0.6816
317	1.0739	0.6913
318	1.0595	0.6805
319	1.0868	0.7052
320	1.0546	0.6788
321	1.0637	0.689
322	1.0932	0.7122
323	1.0662	0.6864
324	1.0559	0.6822
325	1.0603	0.6916
326	1.0525	0.6766
327	1.0792	0.7052
328	1.0483	0.6747
329	1.06	0.6907
330	1.0428	0.671
331	1.0447	0.6739
332	1.0481	0.6841
333	1.037	0.6701
334	1.0459	0.6717
335	1.0335	0.6674
336	1.0305	0.6682
337	1.0841	0.7211
338	1.0468	0.6775
339	1.0258	0.6634
340	1.0444	0.679
341	1.0293	0.6668
342	1.0503	0.6876
343	1.0863	0.7236
344	1.0708	0.7043
345	1.0264	0.6678
346	1.0207	0.6582
347	1.0205	0.6597
348	1.0096	0.6494
349	1.0208	0.6621
350	1.0203	0.6704
351	1.0079	0.6513
352	1.0116	0.6565
353	1.0194	0.6643
354	1.0809	0.7194
355	1.0296	0.6773
356	1.0047	0.6568
357	1.0147	0.6662
358	1.0026	0.6505
359	0.9979	0.6444
360	1.0266	0.6797
361	1.0032	0.6559
362	1.0031	0.653
363	0.9925	0.6418
364	1.028	0.6851
365	0.9956	0.6513
366	1.0046	0.6578
367	1.0377	0.6867
368	1.0453	0.6947
369	0.9893	0.648
370	0.9872	0.6415
371	0.9843	0.6398
372	0.9848	0.642
373	1.003	0.6554
374	0.9821	0.6462
375	0.9768	0.6362
376	0.9904	0.6485
377	0.9844	0.6445
378	0.9844	0.6493
379	0.974	0.6379
380	0.99	0.6502
381	0.9665	0.6315
382	0.9737	0.6374
383	0.9655	0.6304
384	0.9773	0.6341
385	0.96	0.6245
386	0.9651	0.6312
387	0.9656	0.6278
388	0.9949	0.6538
389	0.9863	0.6475
390	0.9895	0.6517
391	0.9614	0.6318
392	0.9702	0.641
393	0.9729	0.6414
394	0.9637	0.6287
395	0.9651	0.6259
396	0.9718	0.6417
397	0.9657	0.6409
398	0.9574	0.6268
399	0.9533	0.6229
400	0.9514	0.6178
401	0.9692	0.6408
402	0.9507	0.6248
403	0.948	0.6198
404	0.9487	0.6202
405	0.9466	0.6172
406	0.9478	0.6232
407	0.9566	0.6265
408	0.9538	0.6248
409	0.9452	0.6164
410	0.9411	0.6201
411	0.9413	0.6178
412	0.9484	0.6249
413	0.9617	0.64
414	0.9332	0.6115
415	0.9407	0.6237
416	0.9297	0.6122
417	0.9451	0.6333
418	0.9681	0.6486
419	1.0587	0.7457
420	0.9468	0.6249
421	0.9376	0.6201
422	0.9596	0.645
423	0.9395	0.6174
424	0.9178	0.6025
425	0.9405	0.6247
426	0.9348	0.6219
427	0.9159	0.5995
428	0.9168	0.602
429	0.9182	0.6052
430	0.917	0.6043
431	0.9206	0.61
432	0.921	0.6069
433	0.9187	0.6059
434	0.9111	0.5991
435	0.9525	0.635
436	0.9188	0.6052
437	0.916	0.6036
438	0.915	0.605
439	0.9174	0.6063
440	0.9445	0.6238
441	0.9586	0.6463
442	0.9271	0.6176
443	0.9398	0.6345
444	0.9448	0.6346
445	0.932	0.6164
446	0.9397	0.6298
447	0.9023	0.5946
448	0.9131	0.6107
449	0.9033	0.5972
450	0.8997	0.5939
451	0.8918	0.5871
452	0.8934	0.5887
453	0.8951	0.5942
454	0.8954	0.5933
455	0.9008	0.5948
456	0.9043	0.5951
457	0.9022	0.5995
458	0.8966	0.5898
459	0.8857	0.5851
460	0.8856	0.5846
461	0.8969	0.5919
462	0.8913	0.5929
463	0.9163	0.6109
464	0.9066	0.6146
465	0.9137	0.6158
466	0.9126	0.615
467	0.9331	0.6372
468	0.9081	0.6087
469	0.8785	0.5833
470	0.9053	0.5965
471	0.9075	0.61
472	0.8908	0.5978
473	0.8901	0.5914
474	0.8889	0.5937
475	0.8907	0.5977
476	0.8836	0.5839
477	0.879	0.5804
478	0.8735	0.5741
479	0.9095	0.6154
480	0.9045	0.6143
481	0.8768	0.5848
482	0.8748	0.5758
483	0.8736	0.5756
484	0.8705	0.58
485	0.8835	0.5913
486	0.8776	0.5862
487	0.8673	0.5789
488	0.9343	0.64
489	0.9048	0.6029
490	0.8775	0.5855
491	0.9031	0.6122
492	0.9367	0.6448
493	0.8685	0.5794
494	0.8821	0.591
495	0.8641	0.5711
496	0.8648	0.575
497	0.8662	0.5776
498	0.8623	0.5746
499	0.863	0.5718
500	0.8549	0.5713
501	0.872	0.5928
502	0.8614	0.5774
503	0.8723	0.5864
504	0.8557	0.5707
505	0.8589	0.578
506	0.8612	0.5743
507	0.8476	0.5648
508	0.8564	0.5709
509	0.8491	0.5602
510	0.855	0.5686
511	0.8516	0.568
512	0.8715	0.5935
513	0.8526	0.5662
514	0.8413	0.5607
515	0.8831	0.6036
516	0.8546	0.573
517	0.8405	0.5596
518	0.8507	0.5653
519	0.8433	0.56
520	0.9231	0.6362
521	0.8613	0.5815
522	0.8379	0.5666
523	0.8335	0.5592
524	0.8506	0.5727
525	0.8306	0.5563
526	0.8502	0.5724
527	0.8947	0.6097
528	0.8511	0.5796
529	0.8345	0.5614
530	0.849	0.5694
531	0.8512	0.5796
532	0.8657	0.5839
533	0.8365	0.5591
534	0.8679	0.59
535	0.8452	0.5761
536	0.8537	0.5865
537	0.8821	0.6152
538	0.8281	0.5525
539	0.8339	0.5614
540	0.8463	0.5767
541	0.8207	0.5496
542	0.8224	0.5537
543	0.8426	0.5721
544	0.8335	0.562
545	0.8522	0.5779
546	0.8173	0.551
547	0.8182	0.5539
548	0.8405	0.5719
549	0.8232	0.5593
550	0.8251	0.5575
551	0.8212	0.5521
552	0.8139	0.5462
553	0.8208	0.5485
554	0.818	0.5486
555	0.8181	0.5541
556	0.8481	0.5785
557	0.824	0.5571
558	0.8093	0.5461
559	0.8074	0.5386
560	0.8167	0.5574
561	0.8176	0.5537
562	0.8563	0.5877
563	0.8508	0.583
564	0.876	0.6065
565	0.8549	0.5933
566	0.8345	0.5668
567	0.8078	0.5472
568	0.8121	0.5583
569	0.8008	0.538
570	0.7995	0.5431
571	0.8038	0.5425
572	0.7938	0.5347
573	0.8123	0.5539
574	0.8153	0.5599
575	0.8159	0.5589
576	0.7933	0.5366
577	0.8184	0.5647
578	0.7937	0.5404
579	0.7974	0.5381
580	0.7886	0.5303
581	0.8446	0.5823
582	0.8432	0.5779
583	0.8154	0.5578
584	0.8091	0.5507
585	0.7948	0.5375
586	0.7972	0.5452
587	0.7877	0.5349
588	0.7887	0.5374
589	0.782	0.527
590	0.8055	0.5505
591	0.8088	0.552
592	0.8007	0.5475
593	0.8117	0.5591
594	0.7924	0.5412
595	0.8023	0.5567
596	0.8128	0.5705
597	0.7837	0.5371
598	0.7752	0.5265
599	0.7761	0.5268
600	0.7893	0.5401
601	0.784	0.5332
602	0.7769	0.5317
603	0.7802	0.5324
604	0.7839	0.5404
605	0.8081	0.5628
606	0.7674	0.5188
607	0.7671	0.5201
608	0.7642	0.5225
609	0.7748	0.5301
610	0.7645	0.5211
611	0.7666	0.519
612	0.7834	0.5361
613	0.7723	0.5264
614	0.7804	0.532
615	0.7687	0.5248
616	0.7712	0.5266
617	0.7849	0.5451
618	0.7788	0.5311
619	0.7593	0.5154
620	0.7849	0.5375
621	0.7882	0.5438
622	0.8218	0.5833
623	0.826	0.5813
624	0.7717	0.5329
625	0.7662	0.5211
626	0.7602	0.5156
627	0.7573	0.518
628	0.7508	0.5114
629	0.7533	0.5163
630	0.7512	0.5156
631	0.7533	0.516
632	0.7672	0.5292
633	0.7492	0.5098
634	0.7637	0.5216
635	0.7506	0.511
636	0.7643	0.5261
637	0.7501	0.5147
638	0.7605	0.5201
639	0.7453	0.5097
640	0.7572	0.5179
641	0.7743	0.5274
642	0.7503	0.5148
643	0.755	0.5228
644	0.7497	0.5163
645	0.7497	0.5147
646	0.746	0.5084
647	0.8329	0.5917
648	0.8047	0.5746
649	0.7705	0.5371
650	0.7502	0.5204
651	0.7401	0.5073
652	0.7594	0.5276
653	0.7499	0.5195
654	0.7569	0.5243
655	0.813	0.5736
656	0.7704	0.5442
657	0.7745	0.5346
658	0.8186	0.5767
659	0.758	0.5252
660	0.8351	0.5867
661	0.7759	0.5435
662	0.7725	0.5437
663	0.7643	0.5371
664	0.7577	0.5294
665	0.7621	0.5313
666	0.7485	0.5193
667	0.7485	0.5134
668	0.7346	0.5028
669	0.7528	0.5281
670	0.7477	0.5158
671	0.735	0.5062
672	0.7306	0.4993
673	0.7306	0.51
674	0.7427	0.5172
675	0.7685	0.5408
676	0.7274	0.4988
677	0.7289	0.5001
678	0.7288	0.5017
679	0.725	0.4966
680	0.7344	0.5081
681	0.756	0.5294
682	0.7207	0.4974
683	0.7455	0.5172
684	0.7385	0.5069
685	0.748	0.5209
686	0.7692	0.5407
687	0.7212	0.4985
688	0.7209	0.4983
689	0.7283	0.4988
690	0.7197	0.4936
691	0.7142	0.4952
692	0.72	0.4965
693	0.7165	0.4969
694	0.7187	0.4977
695	0.7115	0.4918
696	0.7237	0.5019
697	0.7313	0.5103
698	0.7187	0.499
699	0.7105	0.4974
700	0.705	0.4893
701	0.7191	0.4992
702	0.7248	0.5016
703	0.7153	0.4983
704	0.7208	0.4997
705	0.739	0.5258
706	0.7548	0.5369
707	0.7279	0.5107
708	0.7336	0.5181
709	0.7533	0.5309
710	0.7286	0.5117
711	0.7699	0.5435
712	0.7237	0.5053
713	0.7192	0.5057
714	0.7283	0.5078
715	0.7661	0.5461
716	0.7131	0.4942
717	0.7464	0.5266
718	0.7544	0.5348
719	0.6942	0.4798
720	0.7103	0.4968
721	0.7203	0.5065
722	0.7444	0.5314
723	0.766	0.5398
724	0.7202	0.5023
725	0.7452	0.5229
726	0.7201	0.501
727	0.7341	0.5138
728	0.7193	0.5054
729	0.7756	0.5586
730	0.7191	0.5097
731	0.8167	0.5887
732	0.768	0.5527
733	0.7083	0.4987
734	0.6951	0.4805
735	0.6987	0.4866
736	0.7043	0.491
737	0.7373	0.5209
738	0.7376	0.53
739	0.7067	0.4943
740	0.7536	0.536
741	0.7943	0.5852
742	0.712	0.5
743	0.7311	0.5246
744	0.6839	0.4728
745	0.731	0.5143
746	0.7221	0.5108
747	0.7155	0.5041
748	0.6936	0.485
749	0.6876	0.4774
750	0.6906	0.4796
751	0.6869	0.4738
752	0.6968	0.4922
753	0.6889	0.4778
754	0.6837	0.4752
755	0.6864	0.477
756	0.6909	0.4824
757	0.6971	0.491
758	0.6992	0.4917
759	0.6835	0.4792
760	0.6823	0.4729
761	0.6975	0.4882
762	0.69	0.4797
763	0.6769	0.4714
764	0.6766	0.4697
765	0.6721	0.4665
766	0.6762	0.4732
767	0.699	0.4887
768	0.6825	0.4762
769	0.7457	0.5413
770	0.7233	0.5162
771	0.7202	0.5182
772	0.719	0.5113
773	0.6755	0.4683
774	0.6722	0.4687
775	0.6731	0.4706
776	0.6923	0.4887
777	0.6862	0.4803
778	0.6738	0.4695
779	0.6746	0.4746
780	0.6981	0.4902
781	0.6794	0.4823
782	0.6688	0.4651
783	0.6726	0.471
784	0.7002	0.4968
785	0.7182	0.5114
786	0.6684	0.468
787	0.7119	0.5072
788	0.6836	0.4811
789	0.6688	0.4662
790	0.6708	0.4705
791	0.6748	0.4745
792	0.6912	0.4893
793	0.6805	0.4759
794	0.6691	0.4671
795	0.6671	0.4621
796	0.6752	0.4733
797	0.7183	0.5133
798	0.6751	0.473
799	0.685	0.4825
800	0.6824	0.481
801	0.6832	0.4792
802	0.6728	0.4682
803	0.6911	0.4878
804	0.6709	0.4677
805	0.679	0.4829
806	0.6567	0.4579
807	0.6638	0.4624
808	0.6565	0.458
809	0.6789	0.4767
810	0.667	0.4659
811	0.6727	0.4719
812	0.658	0.4602
813	0.6571	0.4575
814	0.6695	0.4727
815	0.6624	0.4621
816	0.727	0.5221
817	0.6899	0.4832
818	0.6772	0.4721
819	0.6806	0.4816
820	0.6709	0.4786
821	0.6648	0.4721
822	0.6534	0.457
823	0.6643	0.4671
824	0.657	0.4574
825	0.6807	0.4797
826	0.7381	0.5329
827	0.6783	0.4765
828	0.6659	0.4659
829	0.6633	0.4722
830	0.658	0.4622
831	0.6544	0.4606
832	0.6774	0.476
833	0.6637	0.4651
834	0.6493	0.4525
835	0.6697	0.4695
836	0.6715	0.4798
837	0.6586	0.4661
838	0.6587	0.4612
839	0.655	0.4559
840	0.6465	0.4532
841	0.6529	0.4575
842	0.651	0.4557
843	0.6476	0.4527
844	0.655	0.4603
845	0.6435	0.4514
846	0.6437	0.4485
847	0.6425	0.4491
848	0.6846	0.4949
849	0.6795	0.4876
850	0.655	0.461
851	0.655	0.4613
852	0.646	0.4512
853	0.6536	0.4585
854	0.678	0.4837
855	0.6929	0.495
856	0.7524	0.554
857	0.6993	0.5062
858	0.6624	0.4659
859	0.6423	0.4487
860	0.6713	0.4798
861	0.6417	0.4514
862	0.6371	0.4452
863	0.6592	0.4646
864	0.6398	0.4481
865	0.6455	0.4534
866	0.6462	0.4514
867	0.6412	0.451
868	0.6478	0.4581
869	0.6705	0.472
870	0.648	0.4536
871	0.6701	0.4765
872	0.678	0.4806
873	0.6973	0.5025
874	0.6927	0.501
875	0.6514	0.4571
876	0.6429	0.4509
877	0.6371	0.4473
878	0.6347	0.4475
879	0.6399	0.4498
880	0.6336	0.4473
881	0.6288	0.4376
882	0.6407	0.4517
883	0.671	0.4851
884	0.6714	0.48
885	0.6502	0.4642
886	0.636	0.446
887	0.7118	0.5107
888	0.6963	0.4973
889	0.692	0.4939
890	0.6758	0.4915
891	0.6483	0.463
892	0.6463	0.4537
893	0.6581	0.4707
894	0.6608	0.4763
895	0.6465	0.4657
896	0.626	0.4396
897	0.6341	0.4446
898	0.6196	0.4327
899	0.6286	0.4406
900	0.6273	0.44
901	0.6303	0.4395
902	0.6253	0.437
903	0.6316	0.4445
904	0.645	0.4578
905	0.663	0.4752
906	0.6517	0.4642
907	0.6423	0.4537
908	0.6311	0.4436
909	0.6846	0.494
910	0.6232	0.4362
911	0.6638	0.467
912	0.6412	0.452
913	0.6278	0.4427
914	0.6261	0.4401
915	0.6667	0.476
916	0.643	0.4527
917	0.6535	0.4682
918	0.6349	0.4504
919	0.6656	0.4728
920	0.6509	0.4672
921	0.6608	0.4754
922	0.6251	0.4408
923	0.6352	0.4481
924	0.63	0.4478
925	0.6237	0.4367
926	0.622	0.44
927	0.615	0.4306
928	0.622	0.4384
929	0.6232	0.4385
930	0.6165	0.4314
931	0.6228	0.4392
932	0.6352	0.4489
933	0.6207	0.4387
934	0.6198	0.4346
935	0.6293	0.4504
936	0.6274	0.4469
937	0.6258	0.4451
938	0.6178	0.4316
939	0.6158	0.4334
940	0.6178	0.436
941	0.6519	0.47
942	0.626	0.4452
943	0.6367	0.4558
944	0.6158	0.4332
945	0.6145	0.4308
946	0.6241	0.4439
947	0.6102	0.4302
948	0.6074	0.4279
949	0.6209	0.4383
950	0.6129	0.4303
951	0.6061	0.4225
952	0.6271	0.4449
953	0.6308	0.4516
954	0.618	0.4377
955	0.6299	0.4428
956	0.6374	0.4533
957	0.6103	0.4294
958	0.6474	0.4649
959	0.6322	0.4492
960	0.6254	0.4433
961	0.6536	0.4725
962	0.6922	0.4989
963	0.6356	0.4533
964	0.6342	0.4472
965	0.6153	0.4334
966	0.6077	0.4272
967	0.6135	0.4311
968	0.6084	0.4279
969	0.6135	0.4326
970	0.6193	0.4405
971	0.6208	0.4376
972	0.6531	0.4714
973	0.6039	0.4235
974	0.6148	0.4334
975	0.6189	0.439
976	0.6258	0.4428
977	0.6143	0.4344
978	0.603	0.425
979	0.6116	0.4308
980	0.6667	0.485
981	0.6891	0.5109
982	0.6096	0.4302
983	0.6358	0.4583
984	0.6046	0.4249
985	0.6088	0.4333
986	0.6176	0.4429
987	0.6103	0.4287
988	0.6192	0.4447
989	0.6744	0.4921
990	0.6194	0.4418
991	0.602	0.4274
992	0.5945	0.416
993	0.6139	0.4304
994	0.6219	0.4384
995	0.6186	0.4371
996	0.6152	0.4337
997	0.6296	0.4522
998	0.6242	0.4452
999	0.6237	0.4457
1000	0.6186	0.4336
1001	0.6241	0.4498
1002	0.61	0.432
1003	0.6092	0.4343
1004	0.5975	0.4215
1005	0.597	0.4193
1006	0.597	0.4209
1007	0.5891	0.4137
1008	0.5914	0.4153
1009	0.6019	0.4251
1010	0.6062	0.428
1011	0.5927	0.4181
1012	0.605	0.4279
1013	0.6481	0.4591
1014	0.6069	0.4273
1015	0.5938	0.4168
1016	0.599	0.422
1017	0.5963	0.4221
1018	0.5937	0.4198
1019	0.6007	0.4227
1020	0.6005	0.4244
1021	0.6101	0.4373
1022	0.5984	0.4276
1023	0.6004	0.4279
1024	0.5868	0.4118
1025	0.5962	0.4254
1026	0.6166	0.4417
1027	0.6281	0.4552
1028	0.6076	0.4323
1029	0.5906	0.4168
1030	0.6055	0.4321
1031	0.5884	0.4149
1032	0.5901	0.4151
1033	0.6379	0.4706
1034	0.6696	0.4932
1035	0.6076	0.4333
1036	0.6337	0.4591
1037	0.6374	0.4696
1038	0.6152	0.4409
1039	0.5914	0.4139
1040	0.5926	0.4195
1041	0.592	0.4177
1042	0.6046	0.4279
1043	0.5941	0.4185
1044	0.5782	0.4054
1045	0.5829	0.411
1046	0.5822	0.4078
1047	0.5825	0.4105
1048	0.5802	0.4061
1049	0.5859	0.4156
1050	0.5891	0.4145
1051	0.5821	0.4083
1052	0.5832	0.4114
1053	0.5799	0.4078
1054	0.5831	0.4087
1055	0.5854	0.4123
1056	0.5944	0.422
1057	0.5815	0.414
1058	0.6079	0.4301
1059	0.5836	0.4114
1060	0.5918	0.4197
1061	0.6085	0.4314
1062	0.5823	0.4104
1063	0.6311	0.4561
1064	0.6017	0.4265
1065	0.589	0.4185
1066	0.6053	0.4335
1067	0.5932	0.4222
1068	0.5809	0.4081
1069	0.5875	0.4156
1070	0.6024	0.431
1071	0.6103	0.4379
1072	0.5911	0.4179
1073	0.6038	0.4285
1074	0.6096	0.4311
1075	0.6072	0.4351
1076	0.6009	0.4285
1077	0.5812	0.4119
1078	0.5778	0.4072
1079	0.5799	0.4103
1080	0.5852	0.414
1081	0.5828	0.4123
1082	0.5921	0.418
1083	0.5722	0.3999
1084	0.6021	0.4306
1085	0.6308	0.4616
1086	0.5794	0.4071
1087	0.5956	0.4253
1088	0.6299	0.4598
1089	0.5772	0.4061
1090	0.5938	0.4251
1091	0.5923	0.4174
1092	0.5851	0.4124
1093	0.5872	0.4174
1094	0.6104	0.4384
1095	0.5804	0.4098
1096	0.5897	0.4165
1097	0.5869	0.4139
1098	0.5848	0.4125
1099	0.5681	0.3983
1100	0.5746	0.4036
1101	0.578	0.4076
1102	0.5901	0.4239
1103	0.5833	0.4154
1104	0.6024	0.4274
1105	0.609	0.4385
1106	0.5758	0.4073
1107	0.5683	0.3963
1108	0.5704	0.4012
1109	0.5807	0.4129
1110	0.5717	0.4024
1111	0.5774	0.4082
1112	0.5766	0.4055
1113	0.5651	0.3962
1114	0.5665	0.3962
1115	0.5855	0.4164
1116	0.5775	0.4066
1117	0.5867	0.4181
1118	0.5807	0.4114
1119	0.6064	0.4375
1120	0.6183	0.4519
1121	0.5715	0.4028
1122	0.5695	0.4021
1123	0.5788	0.4084
1124	0.5982	0.4289
1125	0.5696	0.402
1126	0.5634	0.3954
1127	0.559	0.3905
1128	0.5718	0.4027
1129	0.5762	0.4087
1130	0.5767	0.409
1131	0.5753	0.4059
1132	0.5709	0.4049
1133	0.5673	0.3991
1134	0.5641	0.3962
1135	0.5688	0.3999
1136	0.6205	0.4527
1137	0.5728	0.405
1138	0.577	0.409
1139	0.5675	0.3991
1140	0.5934	0.4283
1141	0.5892	0.4216
1142	0.5792	0.4126
1143	0.5835	0.4151
1144	0.5708	0.4027
1145	0.5626	0.3935
1146	0.5864	0.4228
1147	0.5843	0.417
1148	0.5735	0.405
1149	0.5839	0.4159
1150	0.5831	0.4145
1151	0.5764	0.4056
1152	0.5765	0.4089
1153	0.5922	0.4259
1154	0.5724	0.4061
1155	0.5662	0.3991
1156	0.565	0.3995
1157	0.5761	0.4085
1158	0.5603	0.3925
1159	0.5644	0.3984
1160	0.5617	0.3945
1161	0.5613	0.3956
1162	0.5606	0.3953
1163	0.5837	0.4157
1164	0.5716	0.4049
1165	0.5615	0.3976
1166	0.5972	0.4259
1167	0.6248	0.4584
1168	0.6409	0.4789
1169	0.6126	0.4426
1170	0.5848	0.4208
1171	0.563	0.4013
1172	0.5649	0.4021
1173	0.563	0.3977
1174	0.5589	0.3937
1175	0.5692	0.4051
1176	0.6023	0.4362
1177	0.5696	0.4017
1178	0.5551	0.3904
1179	0.5847	0.4216
1180	0.563	0.3964
1181	0.61	0.4415
1182	0.5625	0.3987
1183	0.5765	0.4118
1184	0.5802	0.418
1185	0.6145	0.4524
1186	0.5675	0.4033
1187	0.5518	0.3868
1188	0.5942	0.4331
1189	0.5563	0.3951
1190	0.5552	0.3937
1191	0.5453	0.3822
1192	0.6125	0.4508
1193	0.6046	0.44
1194	0.6004	0.4329
1195	0.5892	0.4278
1196	0.5804	0.4203
1197	0.6231	0.4473
1198	0.5686	0.4018
1199	0.57	0.4033
1200	0.5566	0.3955
1201	0.5692	0.4055
1202	0.5809	0.4138
1203	0.5594	0.3978
1204	0.5518	0.3865
1205	0.5608	0.3998
1206	0.5537	0.3909
1207	0.5509	0.3875
1208	0.5696	0.4066
1209	0.5649	0.401
1210	0.5592	0.3961
1211	0.5692	0.403
1212	0.588	0.4195
1213	0.5689	0.4077
1214	0.5422	0.3811
1215	0.5715	0.4118
1216	0.5735	0.413
1217	0.5618	0.4001
1218	0.5507	0.3871
1219	0.5478	0.3844
1220	0.5533	0.3927
1221	0.5445	0.3802
1222	0.5624	0.4003
1223	0.5536	0.3916
1224	0.5615	0.3966
1225	0.5531	0.3918
1226	0.5551	0.3972
1227	0.5613	0.3978
1228	0.5473	0.388
1229	0.5516	0.3891
1230	0.5407	0.3803
1231	0.549	0.3904
1232	0.5463	0.3841
1233	0.5458	0.3825
1234	0.5431	0.382
1235	0.5368	0.3748
1236	0.5555	0.395
1237	0.5696	0.4065
1238	0.5613	0.3993
1239	0.5441	0.3829
1240	0.5524	0.3927
1241	0.5714	0.41
1242	0.5526	0.3926
1243	0.5532	0.3957
1244	0.5736	0.4138
1245	0.5544	0.394
1246	0.5898	0.4266
1247	0.5887	0.4242
1248	0.546	0.3864
1249	0.5468	0.3846
1250	0.6034	0.4353
1251	0.5435	0.3806
1252	0.5578	0.3964
1253	0.6018	0.4421
1254	0.545	0.3848
1255	0.5453	0.3849
1256	0.5407	0.3836
1257	0.5476	0.3851
1258	0.5403	0.3805
1259	0.5476	0.3868
1260	0.5424	0.3822
1261	0.5751	0.4143
1262	0.5378	0.3776
1263	0.5932	0.43
1264	0.5956	0.4309
1265	0.5522	0.389
1266	0.5366	0.3763
1267	0.5371	0.3756
1268	0.5422	0.3827
1269	0.543	0.3859
1270	0.5378	0.3793
1271	0.5576	0.393
1272	0.5521	0.394
1273	0.5718	0.4077
1274	0.5416	0.3819
1275	0.5458	0.3883
1276	0.5493	0.3894
1277	0.556	0.3944
1278	0.5433	0.3834
1279	0.5368	0.3788
1280	0.5284	0.3688
1281	0.5644	0.407
1282	0.5404	0.3858
1283	0.568	0.4139
1284	0.5422	0.3829
1285	0.5628	0.4009
1286	0.5304	0.3729
1287	0.5298	0.3696
1288	0.5341	0.3778
1289	0.557	0.397
1290	0.5639	0.4047
1291	0.5504	0.39
1292	0.5321	0.3729
1293	0.543	0.3885
1294	0.531	0.3745
1295	0.5257	0.3689
1296	0.5543	0.3955
1297	0.5698	0.4075
1298	0.5385	0.3786
1299	0.5563	0.3937
1300	0.5947	0.4294
1301	0.5736	0.4124
1302	0.5313	0.3727
1303	0.5628	0.4061
1304	0.5656	0.4065
1305	0.5346	0.3783
1306	0.5468	0.3889
1307	0.5689	0.4094
1308	0.5324	0.3749
1309	0.5462	0.3895
1310	0.5799	0.4228
1311	0.5543	0.3954
1312	0.5292	0.3736
1313	0.5377	0.3789
1314	0.5333	0.3786
1315	0.5342	0.3796
1316	0.5346	0.3779
1317	0.5368	0.3789
1318	0.5248	0.3692
1319	0.533	0.3759
1320	0.5395	0.3796
1321	0.533	0.3754
1322	0.5219	0.3674
1323	0.5299	0.3736
1324	0.5293	0.3736
1325	0.5271	0.3722
1326	0.5314	0.372
1327	0.5428	0.383
1328	0.5338	0.3783
1329	0.5199	0.3643
1330	0.5439	0.3861
1331	0.5286	0.3737
1332	0.5383	0.3858
1333	0.5637	0.4077
1334	0.5711	0.4138
1335	0.5777	0.4213
1336	0.5485	0.39
1337	0.5324	0.3783
1338	0.5324	0.3777
1339	0.5276	0.3717
1340	0.5506	0.3923
1341	0.5288	0.3717
1342	0.5442	0.3891
1343	0.5664	0.4133
1344	0.5571	0.4032
1345	0.5471	0.3844
1346	0.5432	0.3883
1347	0.5304	0.3752
1348	0.5303	0.3763
1349	0.5418	0.3857
1350	0.5349	0.3807
1351	0.5263	0.3682
1352	0.5297	0.3714
1353	0.5273	0.3727
1354	0.5253	0.3724
1355	0.5262	0.3693
1356	0.5335	0.3759
1357	0.5468	0.3883
1358	0.5309	0.3723
1359	0.5264	0.375
1360	0.5241	0.3687
1361	0.5281	0.3726
1362	0.5228	0.3686
1363	0.5266	0.3718
1364	0.5287	0.3761
1365	0.5323	0.3771
1366	0.5317	0.3776
1367	0.5426	0.3859
1368	0.531	0.3742
1369	0.5397	0.386
1370	0.559	0.4029
1371	0.5447	0.3914
1372	0.5497	0.3904
1373	0.5234	0.3715
1374	0.5245	0.3713
1375	0.527	0.373
1376	0.5126	0.3589
1377	0.5165	0.3631
1378	0.5269	0.3736
1379	0.5198	0.3634
1380	0.5409	0.3871
1381	0.5145	0.3571
1382	0.5228	0.3656
1383	0.5345	0.3807
1384	0.5285	0.3745
1385	0.5211	0.367
1386	0.5606	0.4024
1387	0.5265	0.3708
1388	0.5129	0.3585
1389	0.5338	0.3797
1390	0.5425	0.3887
1391	0.5643	0.4102
1392	0.5184	0.365
1393	0.5354	0.3792
1394	0.5534	0.3953
1395	0.531	0.3803
1396	0.5444	0.3916
1397	0.5141	0.3584
1398	0.5358	0.3803
1399	0.5698	0.4096
1400	0.5606	0.4032
1401	0.5204	0.3654
1402	0.5311	0.3794
1403	0.534	0.3787
1404	0.5183	0.364
1405	0.5217	0.3689
1406	0.5098	0.358
1407	0.5131	0.3629
1408	0.5245	0.3697
1409	0.552	0.3974
1410	0.5363	0.3762
1411	0.5379	0.3851
1412	0.5762	0.4223
1413	0.5778	0.4135
1414	0.5681	0.4192
1415	0.5282	0.3766
1416	0.5284	0.3743
1417	0.5433	0.3905
1418	0.5119	0.3581
1419	0.5279	0.3786
1420	0.5261	0.3784
1421	0.51	0.3576
1422	0.5221	0.3712
1423	0.527	0.3755
1424	0.5052	0.3529
1425	0.5139	0.3629
1426	0.5107	0.3598
1427	0.5232	0.371
1428	0.5151	0.3649
1429	0.5038	0.3512
1430	0.5102	0.3568
1431	0.5178	0.367
1432	0.5237	0.3719
1433	0.5137	0.3613
1434	0.516	0.3628
1435	0.51	0.3593
1436	0.5083	0.3542
1437	0.5168	0.3684
1438	0.5211	0.3704
1439	0.5254	0.3719
1440	0.5303	0.3741
1441	0.5439	0.3927
1442	0.5581	0.4071
1443	0.5491	0.3966
1444	0.5319	0.3803
1445	0.5375	0.3867
1446	0.512	0.3596
1447	0.5187	0.3688
1448	0.5094	0.3596
1449	0.5247	0.3734
1450	0.5157	0.3655
1451	0.535	0.3785
1452	0.516	0.3661
1453	0.5029	0.3511
1454	0.5124	0.3583
1455	0.5221	0.3704
1456	0.5459	0.3907
1457	0.5815	0.4301
1458	0.5413	0.3867
1459	0.5229	0.3721
1460	0.5297	0.3746
1461	0.5403	0.3851
1462	0.5205	0.3692
1463	0.5108	0.3587
1464	0.5059	0.3558
1465	0.5139	0.3607
1466	0.5133	0.3653
1467	0.5294	0.3733
1468	0.5297	0.3831
1469	0.5937	0.4451
1470	0.5825	0.4275
1471	0.5536	0.4026
1472	0.5412	0.3907
1473	0.5255	0.3759
1474	0.5277	0.3817
1475	0.5089	0.3585
1476	0.5518	0.4011
1477	0.5662	0.4067
1478	0.5456	0.3894
1479	0.5328	0.3831
1480	0.5167	0.3667
1481	0.5263	0.3798
1482	0.521	0.3664
1483	0.5099	0.3577
1484	0.5139	0.3624
1485	0.5071	0.3558
1486	0.5363	0.3883
1487	0.4982	0.3487
1488	0.5062	0.358
1489	0.5111	0.3604
1490	0.5076	0.3582
1491	0.5073	0.356
1492	0.54	0.3896
1493	0.5425	0.3931
1494	0.5917	0.4425
1495	0.5588	0.4076
1496	0.5131	0.3623
1497	0.5039	0.3549
1498	0.539	0.3818
1499	0.5425	0.3866
1500	0.5006	0.3507
1501	0.4936	0.3433
1502	0.4864	0.3354
1503	0.4851	0.3343
1504	0.4849	0.3342
1505	0.4841	0.3337
1506	0.4833	0.3331
1507	0.4822	0.3319
1508	0.483	0.333
1509	0.4817	0.3316
1510	0.4826	0.3316
1511	0.4807	0.3299
1512	0.4839	0.3338
1513	0.4817	0.331
1514	0.4811	0.3311
1515	0.4826	0.3336
1516	0.4808	0.3309
1517	0.4808	0.3307
1518	0.4804	0.3301
1519	0.4802	0.3292
1520	0.4793	0.3281
1521	0.4797	0.3288
1522	0.4804	0.3297
1523	0.4802	0.3298
1524	0.4789	0.3281
1525	0.4782	0.3278
1526	0.4802	0.3312
1527	0.4778	0.3278
1528	0.4785	0.3287
1529	0.4779	0.3277
1530	0.4777	0.3269
1531	0.4782	0.3278
1532	0.4785	0.3282
1533	0.4814	0.3313
1534	0.4776	0.3272
1535	0.4772	0.3272
1536	0.4774	0.328
1537	0.4779	0.3285
1538	0.478	0.3281
1539	0.4805	0.3304
1540	0.4791	0.3299
1541	0.4766	0.3272
1542	0.4769	0.3278
1543	0.4788	0.3285
1544	0.4773	0.3268
1545	0.4751	0.3246
1546	0.4771	0.3271
1547	0.4757	0.3255
1548	0.4748	0.3249
1549	0.4744	0.3243
1550	0.4754	0.3252
1551	0.4775	0.3284
1552	0.476	0.3269
1553	0.4747	0.3251
1554	0.4752	0.3252
1555	0.4747	0.3249
1556	0.4749	0.3257
1557	0.4746	0.3247
1558	0.4783	0.3302
1559	0.4848	0.3372
1560	0.4775	0.3285
1561	0.4756	0.3259
1562	0.4762	0.3268
1563	0.4752	0.3263
1564	0.4761	0.3271
1565	0.4749	0.3255
1566	0.4739	0.3248
1567	0.4755	0.3272
1568	0.4755	0.3259
1569	0.4796	0.3308
1570	0.4785	0.3302
1571	0.4779	0.3293
1572	0.4812	0.3338
1573	0.4766	0.329
1574	0.4752	0.3258
1575	0.4739	0.3248
1576	0.4742	0.3251
1577	0.4727	0.3231
1578	0.4739	0.325
1579	0.4744	0.3259
1580	0.4748	0.3262
1581	0.4782	0.3292
1582	0.4758	0.3277
1583	0.473	0.3243
1584	0.4736	0.3243
1585	0.4742	0.3253
1586	0.4747	0.3266
1587	0.474	0.3263
1588	0.4808	0.3323
1589	0.4751	0.3266
1590	0.4737	0.3251
1591	0.4719	0.3232
1592	0.474	0.3263
1593	0.4718	0.3227
1594	0.4727	0.3232
1595	0.474	0.325
1596	0.4716	0.3223
1597	0.472	0.3231
1598	0.472	0.3237
1599	0.4718	0.3234
1600	0.4723	0.3238
1601	0.4716	0.3228
1602	0.4768	0.3292
1603	0.4724	0.3231
1604	0.4713	0.3232
1605	0.471	0.3228
1606	0.4715	0.3227
1607	0.4709	0.3225
1608	0.4745	0.3254
1609	0.4737	0.3251
1610	0.4739	0.3255
1611	0.4738	0.3256
1612	0.4703	0.3214
1613	0.4719	0.3227
1614	0.4703	0.3207
1615	0.4715	0.3218
1616	0.472	0.3239
1617	0.471	0.3226
1618	0.4739	0.326
1619	0.4715	0.3219
1620	0.4727	0.3221
1621	0.4785	0.3302
1622	0.4899	0.3431
1623	0.4776	0.3295
1624	0.4755	0.3276
1625	0.4715	0.3225
1626	0.4712	0.3226
1627	0.471	0.322
1628	0.4718	0.3226
1629	0.471	0.3219
1630	0.4703	0.3217
1631	0.4711	0.323
1632	0.47	0.3211
1633	0.4704	0.3215
1634	0.4699	0.3211
1635	0.4716	0.3232
1636	0.4706	0.3219
1637	0.4717	0.3237
1638	0.4711	0.3233
1639	0.471	0.3225
1640	0.4735	0.3253
1641	0.4724	0.3238
1642	0.4713	0.3236
1643	0.4701	0.3223
1644	0.4721	0.3242
1645	0.4719	0.3249
1646	0.4701	0.322
1647	0.47	0.3224
1648	0.4706	0.3233
1649	0.4704	0.3226
1650	0.4728	0.3253
1651	0.4703	0.3213
1652	0.4709	0.3226
1653	0.4735	0.3262
1654	0.4738	0.3265
1655	0.472	0.3244
1656	0.4712	0.3227
1657	0.471	0.3227
1658	0.4714	0.3233
1659	0.4703	0.3222
1660	0.4688	0.3203
1661	0.4693	0.3216
1662	0.4697	0.3218
1663	0.4693	0.3209
1664	0.4699	0.3216
1665	0.4697	0.3217
1666	0.4694	0.3212
1667	0.4698	0.3213
1668	0.469	0.3212
1669	0.4705	0.3221
1670	0.4688	0.3203
1671	0.4696	0.3217
1672	0.4684	0.3194
1673	0.4696	0.321
1674	0.4694	0.3209
1675	0.4705	0.3222
1676	0.4681	0.32
1677	0.4707	0.3232
1678	0.4694	0.3215
1679	0.4694	0.3219
1680	0.468	0.3201
1681	0.4696	0.3218
1682	0.4692	0.3214
1683	0.4711	0.3237
1684	0.4755	0.329
1685	0.4768	0.3298
1686	0.4741	0.3273
1687	0.4694	0.3214
1688	0.4693	0.3211
1689	0.4706	0.3226
1690	0.4717	0.3239
1691	0.4721	0.3244
1692	0.4687	0.3207
1693	0.469	0.3213
1694	0.477	0.3292
1695	0.4708	0.3214
1696	0.4689	0.3203
1697	0.4681	0.3197
1698	0.4686	0.3204
1699	0.4711	0.3236
1700	0.4696	0.3218
1701	0.4697	0.3227
1702	0.4694	0.3218
1703	0.4695	0.3205
1704	0.471	0.3231
1705	0.473	0.3251
1706	0.4742	0.3267
1707	0.4721	0.324
1708	0.4701	0.3218
1709	0.4727	0.3245
1710	0.4696	0.3211
1711	0.4718	0.3234
1712	0.4759	0.3279
1713	0.4705	0.322
1714	0.468	0.3194
1715	0.4696	0.3221
1716	0.4677	0.3197
1717	0.4686	0.321
1718	0.4691	0.3216
1719	0.4723	0.3248
1720	0.4703	0.3221
1721	0.4678	0.319
1722	0.4671	0.3188
1723	0.467	0.3188
1724	0.4673	0.319
1725	0.4683	0.3204
1726	0.4674	0.3194
1727	0.4693	0.3209
1728	0.4689	0.3203
1729	0.4669	0.3192
1730	0.468	0.3209
1731	0.4678	0.3209
1732	0.4692	0.322
1733	0.4693	0.3222
1734	0.4662	0.3182
1735	0.4682	0.321
1736	0.468	0.3209
1737	0.4666	0.3193
1738	0.4668	0.3197
1739	0.4668	0.3192
1740	0.4672	0.3193
1741	0.4662	0.3184
1742	0.4682	0.3211
1743	0.4674	0.3201
1744	0.4668	0.3191
1745	0.4695	0.3231
1746	0.4674	0.3199
1747	0.4663	0.3187
1748	0.4676	0.3191
1749	0.4678	0.3197
1750	0.4676	0.3207
1751	0.4678	0.3209
1752	0.4676	0.32
1753	0.4662	0.3188
1754	0.4653	0.3176
1755	0.4661	0.3179
1756	0.4665	0.3187
1757	0.4678	0.3201
1758	0.4674	0.3202
1759	0.4689	0.3213
1760	0.4661	0.318
1761	0.4665	0.319
1762	0.4677	0.3207
1763	0.4679	0.3212
1764	0.4662	0.319
1765	0.4651	0.3175
1766	0.4659	0.319
1767	0.4651	0.3175
1768	0.4665	0.3181
1769	0.4656	0.3173
1770	0.4675	0.3204
1771	0.4656	0.3178
1772	0.4667	0.3191
1773	0.4651	0.318
1774	0.4659	0.319
1775	0.4666	0.3195
1776	0.4717	0.3253
1777	0.4683	0.3215
1778	0.4684	0.3211
1779	0.4688	0.3212
1780	0.4677	0.321
1781	0.4666	0.3194
1782	0.4663	0.3192
1783	0.4649	0.3173
1784	0.4642	0.3169
1785	0.4669	0.3202
1786	0.4649	0.318
1787	0.4653	0.3184
1788	0.4682	0.3227
1789	0.4676	0.3214
1790	0.4647	0.3178
1791	0.4649	0.3178
1792	0.4646	0.3174
1793	0.4681	0.3205
1794	0.4705	0.3239
1795	0.4656	0.3184
1796	0.465	0.3179
1797	0.4683	0.3217
1798	0.473	0.3271
1799	0.4662	0.3195
1800	0.4645	0.3171
1801	0.4651	0.3175
1802	0.4652	0.3172
1803	0.4693	0.3228
1804	0.4659	0.319
1805	0.4644	0.3173
1806	0.4656	0.3187
1807	0.4656	0.3183
1808	0.4678	0.3219
1809	0.466	0.3191
1810	0.4635	0.3168
1811	0.469	0.3235
1812	0.4691	0.3236
1813	0.4661	0.3195
1814	0.4662	0.3197
1815	0.4671	0.3205
1816	0.4674	0.3203
1817	0.4645	0.317
1818	0.464	0.3159
1819	0.4645	0.3166
1820	0.4687	0.3223
1821	0.4655	0.319
1822	0.4647	0.3174
1823	0.4642	0.317
1824	0.464	0.3166
1825	0.4659	0.3184
1826	0.464	0.3167
1827	0.4634	0.3159
1828	0.4671	0.3208
1829	0.4709	0.3252
1830	0.4671	0.3195
1831	0.4641	0.3164
1832	0.4679	0.3219
1833	0.4665	0.3189
1834	0.4633	0.3162
1835	0.4633	0.3163
1836	0.4652	0.3186
1837	0.4644	0.3178
1838	0.4638	0.317
1839	0.4672	0.3209
1840	0.4655	0.3188
1841	0.4633	0.3161
1842	0.4637	0.3166
1843	0.4632	0.317
1844	0.4681	0.3228
1845	0.4657	0.3193
1846	0.4662	0.32
1847	0.4667	0.3211
1848	0.4644	0.3186
1849	0.4637	0.3174
1850	0.4692	0.3223
1851	0.4658	0.3193
1852	0.4654	0.3187
1853	0.4644	0.3181
1854	0.4639	0.3173
1855	0.4687	0.3231
1856	0.4648	0.3178
1857	0.4632	0.3161
1858	0.464	0.317
1859	0.4644	0.3179
1860	0.4633	0.3167
1861	0.471	0.3258
1862	0.472	0.3264
1863	0.4648	0.3186
1864	0.4624	0.3157
1865	0.4627	0.3159
1866	0.4616	0.3146
1867	0.4632	0.3166
1868	0.4626	0.3153
1869	0.4638	0.3172
1870	0.4631	0.3165
1871	0.4624	0.3148
1872	0.4644	0.3177
1873	0.4611	0.314
1874	0.463	0.3155
1875	0.4643	0.3169
1876	0.4625	0.3154
1877	0.4627	0.3157
1878	0.4621	0.3151
1879	0.463	0.3164
1880	0.4627	0.3165
1881	0.4639	0.3177
1882	0.462	0.3151
1883	0.4662	0.3214
1884	0.4631	0.3172
1885	0.4642	0.3184
1886	0.4622	0.3165
1887	0.4611	0.3149
1888	0.4629	0.3163
1889	0.4665	0.3219
1890	0.4624	0.3166
1891	0.4617	0.316
1892	0.4656	0.3204
1893	0.471	0.326
1894	0.4679	0.3232
1895	0.4639	0.3178
1896	0.4625	0.3163
1897	0.461	0.3142
1898	0.4621	0.3156
1899	0.4615	0.3143
1900	0.4604	0.3131
1901	0.4615	0.315
1902	0.4613	0.315
1903	0.4617	0.3143
1904	0.4662	0.3205
1905	0.4657	0.3198
1906	0.4617	0.3143
1907	0.4624	0.3162
1908	0.4615	0.3151
1909	0.4656	0.3186
1910	0.4656	0.3194
1911	0.4622	0.3157
1912	0.4606	0.314
1913	0.4636	0.318
1914	0.4618	0.3153
1915	0.4625	0.3159
1916	0.4618	0.3153
1917	0.4633	0.3164
1918	0.4632	0.3165
1919	0.4633	0.3153
1920	0.4622	0.3151
1921	0.4613	0.3152
1922	0.4688	0.3242
1923	0.4659	0.3208
1924	0.4607	0.3141
1925	0.4632	0.3171
1926	0.4637	0.3171
1927	0.4627	0.3156
1928	0.4625	0.3159
1929	0.4664	0.321
1930	0.4632	0.317
1931	0.4636	0.316
1932	0.4617	0.315
1933	0.4606	0.3146
1934	0.4616	0.3158
1935	0.4653	0.3189
1936	0.4677	0.3223
1937	0.4603	0.3134
1938	0.4598	0.3134
1939	0.4598	0.3132
1940	0.4594	0.3125
1941	0.461	0.3154
1942	0.464	0.3171
1943	0.4651	0.319
1944	0.4606	0.3144
1945	0.4619	0.3146
1946	0.462	0.3157
1947	0.461	0.3147
1948	0.4602	0.3136
1949	0.4599	0.3144
1950	0.4601	0.3141
1951	0.4597	0.3138
1952	0.4602	0.3139
1953	0.4596	0.3132
1954	0.4591	0.3124
1955	0.4604	0.3144
1956	0.4593	0.3124
1957	0.46	0.3135
1958	0.4599	0.3135
1959	0.4621	0.3157
1960	0.463	0.3176
1961	0.4628	0.317
1962	0.4592	0.313
1963	0.4601	0.3144
1964	0.4617	0.3163
1965	0.4609	0.3147
1966	0.4591	0.3131
1967	0.4592	0.3135
1968	0.4606	0.3152
1969	0.46	0.3146
1970	0.4597	0.3137
1971	0.4607	0.3141
1972	0.4595	0.3133
1973	0.4588	0.3122
1974	0.4596	0.3129
1975	0.4607	0.3144
1976	0.4585	0.3116
1977	0.4619	0.3155
1978	0.4599	0.3127
1979	0.459	0.3124
1980	0.4613	0.3153
1981	0.4605	0.3149
1982	0.4605	0.3152
1983	0.4599	0.3135
1984	0.4593	0.3128
1985	0.4594	0.3138
1986	0.4595	0.3135
1987	0.4601	0.3141
1988	0.4582	0.3115
1989	0.4593	0.3123
1990	0.4586	0.3119
1991	0.4586	0.3123
1992	0.461	0.3149
1993	0.4598	0.3137
1994	0.4602	0.3139
1995	0.4616	0.3157
1996	0.4601	0.3135
1997	0.4582	0.3111
1998	0.4611	0.3157
1999	0.4654	0.3198
