epoch:	train_RMSD:	train_MAE:	val_RMSD:	val_MAE:	test_RMSD:	test_MAE:
0	5.8037	5.1301	5.9579	5.3177	5.9212	5.2585
1	3.9771	3.1749	4.0703	3.2727	3.9837	3.2011
2	3.9466	3.1464	3.9589	3.1564	3.8847	3.1339
3	3.5889	2.8682	3.6737	2.9564	3.6076	2.9051
4	3.2373	2.5926	3.267	2.6188	3.2003	2.6007
5	3.0514	2.4998	3.101	2.5351	3.0215	2.5295
6	3.0061	2.394	3.0126	2.3813	2.9217	2.3682
7	2.8848	2.3282	2.9113	2.333	2.8206	2.3252
8	2.7271	2.1683	2.7454	2.1757	2.6579	2.1697
9	2.5642	1.9643	2.5594	1.9544	2.4839	1.9486
10	2.437	1.8648	2.4331	1.846	2.3736	1.8349
11	2.4133	1.864	2.4152	1.8524	2.3707	1.8384
12	2.3869	1.8378	2.3853	1.8215	2.3429	1.8114
13	2.3611	1.7686	2.3448	1.7398	2.302	1.7371
14	2.3516	1.7479	2.338	1.7219	2.2928	1.7174
15	2.3355	1.7685	2.3387	1.7515	2.2859	1.7426
16	2.3179	1.7514	2.3213	1.7332	2.2678	1.7274
17	2.297	1.7219	2.2981	1.7044	2.2428	1.699
18	2.2844	1.6888	2.2766	1.6666	2.2217	1.6625
19	2.2511	1.7008	2.2615	1.6942	2.1968	1.6837
20	2.2307	1.6945	2.256	1.7027	2.1824	1.6876
21	2.1781	1.6242	2.2036	1.6267	2.1194	1.6148
22	2.1432	1.5998	2.1786	1.6122	2.0867	1.5981
23	2.1083	1.5565	2.1324	1.5581	2.0449	1.5501
24	2.0874	1.5224	2.0962	1.5102	2.0174	1.5081
25	2.0402	1.5046	2.053	1.5015	1.9739	1.4867
26	2.0029	1.4973	2.0194	1.4995	1.9439	1.4784
27	1.9589	1.4674	1.9636	1.4581	1.9005	1.4473
28	1.9115	1.427	1.8965	1.4041	1.8513	1.4026
29	1.8824	1.3864	1.8442	1.3423	1.8189	1.3577
30	1.8574	1.3704	1.8151	1.3274	1.7954	1.3422
31	1.8268	1.3423	1.7766	1.2864	1.7664	1.312
32	1.7813	1.3298	1.7461	1.2973	1.7333	1.3034
33	1.7523	1.3047	1.7189	1.2722	1.7046	1.2761
34	1.7285	1.2916	1.705	1.2672	1.6843	1.2657
35	1.6927	1.2508	1.6576	1.2032	1.643	1.2223
36	1.6833	1.2625	1.6698	1.2426	1.6522	1.243
37	1.6429	1.2246	1.6183	1.1831	1.6034	1.2001
38	1.6224	1.2032	1.5996	1.1551	1.5794	1.1821
39	1.595	1.1895	1.5882	1.1649	1.5679	1.1747
40	1.6191	1.2021	1.6049	1.1563	1.5768	1.1842
41	1.5499	1.1577	1.5568	1.1383	1.5283	1.147
42	1.5675	1.1761	1.5778	1.1723	1.5521	1.1662
43	1.526	1.1306	1.5423	1.1145	1.4976	1.1209
44	1.6009	1.1891	1.6068	1.1607	1.5588	1.1758
45	1.5869	1.1758	1.5898	1.1476	1.5479	1.1674
46	1.5038	1.1172	1.5316	1.1171	1.4891	1.111
47	1.4809	1.0935	1.5109	1.0937	1.4705	1.0922
48	1.4804	1.0888	1.508	1.0799	1.4571	1.0858
49	1.4839	1.1067	1.5174	1.1217	1.4893	1.1144
50	1.5076	1.1298	1.542	1.1475	1.5118	1.1363
51	1.46	1.0719	1.4877	1.0663	1.4401	1.0706
52	1.4475	1.0671	1.4868	1.0753	1.4397	1.0685
53	1.4307	1.0513	1.4684	1.0587	1.4305	1.0587
54	1.4272	1.0479	1.465	1.054	1.4177	1.0515
55	1.4203	1.0392	1.4592	1.0397	1.4099	1.0392
56	1.4284	1.051	1.474	1.0652	1.4335	1.0616
57	1.4125	1.0361	1.456	1.0443	1.408	1.0401
58	1.398	1.019	1.4406	1.0233	1.3946	1.0228
59	1.395	1.0176	1.4446	1.0291	1.4026	1.0308
60	1.3929	1.0143	1.4332	1.0166	1.3864	1.0164
61	1.3903	1.0214	1.4347	1.0344	1.3949	1.0277
62	1.3834	1.0104	1.4298	1.0175	1.3934	1.019
63	1.3751	1.0	1.4289	1.0183	1.3834	1.0158
64	1.4309	1.0699	1.4681	1.0858	1.4571	1.0851
65	1.399	1.0179	1.4449	1.0196	1.3915	1.0215
66	1.3675	1.0012	1.4161	1.016	1.3791	1.0115
67	1.3505	0.9809	1.4074	0.9973	1.3662	0.9948
68	1.3673	0.9989	1.4141	1.0009	1.3732	1.0065
69	1.3455	0.9819	1.4037	1.0	1.367	1.003
70	1.3525	0.9932	1.3977	1.0078	1.3691	1.0074
71	1.3382	0.9773	1.4002	1.0015	1.37	1.0008
72	1.3731	1.0031	1.4195	1.0102	1.3744	1.0067
73	1.3169	0.9584	1.379	0.9785	1.3423	0.978
74	1.3178	0.9614	1.3811	0.9777	1.341	0.9792
75	1.3091	0.9532	1.3687	0.9715	1.334	0.97
76	1.3026	0.9413	1.3672	0.9611	1.329	0.9578
77	1.2893	0.9322	1.3567	0.955	1.314	0.9504
78	1.3138	0.962	1.3664	0.9712	1.3347	0.9742
79	1.3145	0.9623	1.3842	0.9898	1.3555	0.9943
80	1.2733	0.9229	1.3397	0.943	1.3107	0.9442
81	1.269	0.9165	1.3417	0.9432	1.302	0.9395
82	1.2645	0.9207	1.332	0.9426	1.2999	0.9413
83	1.2927	0.9421	1.3606	0.9558	1.3158	0.9579
84	1.2712	0.9283	1.3333	0.9458	1.2997	0.9422
85	1.2875	0.947	1.3602	0.9752	1.3315	0.9734
86	1.2557	0.9154	1.3299	0.9341	1.3063	0.9397
87	1.2837	0.9388	1.3478	0.9499	1.3039	0.9532
88	1.3056	0.9673	1.3836	1.0018	1.3629	1.0036
89	1.238	0.8968	1.3224	0.9261	1.2884	0.9257
90	1.2818	0.9478	1.3495	0.9558	1.3054	0.9615
91	1.2286	0.8904	1.3054	0.9151	1.2771	0.9156
92	1.2366	0.9	1.3178	0.9272	1.289	0.9284
93	1.236	0.9058	1.3125	0.9203	1.274	0.9242
94	1.2058	0.8679	1.2882	0.8948	1.2568	0.8982
95	1.2007	0.8699	1.285	0.8921	1.2418	0.8927
96	1.1918	0.8581	1.2845	0.8866	1.2508	0.8898
97	1.2376	0.908	1.3127	0.9258	1.2718	0.9232
98	1.2132	0.8826	1.3009	0.9136	1.2733	0.9208
99	1.1784	0.8532	1.2755	0.8832	1.2389	0.8828
100	1.182	0.8528	1.2719	0.8788	1.2325	0.8785
101	1.303	0.9795	1.3796	1.0121	1.3719	1.0222
102	1.2143	0.8903	1.3043	0.9248	1.2851	0.9346
103	1.1799	0.8611	1.273	0.8854	1.2383	0.8885
104	1.1749	0.8478	1.2701	0.8809	1.2425	0.8882
105	1.1739	0.8595	1.2723	0.8887	1.2349	0.8887
106	1.1665	0.8452	1.2645	0.8789	1.2401	0.8893
107	1.1664	0.8398	1.2597	0.8688	1.223	0.8699
108	1.1405	0.8211	1.2448	0.8545	1.2126	0.8596
109	1.1487	0.8382	1.2489	0.864	1.22	0.8734
110	1.1441	0.8272	1.2434	0.8629	1.223	0.8789
111	1.1328	0.814	1.2367	0.8484	1.2134	0.8574
112	1.1397	0.8152	1.2436	0.8454	1.2166	0.859
113	1.1379	0.8254	1.238	0.8553	1.2155	0.8666
114	1.1415	0.8242	1.2403	0.8587	1.2175	0.8723
115	1.1701	0.864	1.2715	0.8911	1.2379	0.8906
116	1.1439	0.8284	1.2416	0.8628	1.2258	0.8789
117	1.1389	0.8351	1.2422	0.867	1.2085	0.8677
118	1.1241	0.8082	1.2293	0.8376	1.2116	0.8573
119	1.1349	0.8325	1.2369	0.8632	1.2087	0.8659
120	1.1528	0.8376	1.255	0.8754	1.2317	0.8857
121	1.1143	0.8127	1.2221	0.8454	1.1997	0.8581
122	1.0981	0.785	1.2095	0.8225	1.1839	0.8338
123	1.1072	0.7904	1.2127	0.8213	1.1801	0.8286
124	1.0879	0.7794	1.1998	0.8165	1.1754	0.829
125	1.09	0.7864	1.2016	0.817	1.1782	0.831
126	1.0839	0.7763	1.197	0.8134	1.1714	0.8261
127	1.1344	0.8384	1.2403	0.8672	1.2044	0.8687
128	1.0847	0.7803	1.1926	0.8134	1.1668	0.8254
129	1.1381	0.8322	1.2439	0.8703	1.2337	0.8926
130	1.0899	0.7898	1.2037	0.8203	1.176	0.8314
131	1.0837	0.7751	1.1954	0.8043	1.166	0.8161
132	1.0881	0.7838	1.2048	0.8207	1.1869	0.8416
133	1.0714	0.7658	1.1878	0.7999	1.1579	0.8097
134	1.0704	0.7619	1.1847	0.7993	1.1572	0.8107
135	1.0658	0.7634	1.1846	0.7994	1.1647	0.8189
136	1.0625	0.7611	1.1793	0.7938	1.1571	0.8107
137	1.0569	0.7486	1.1706	0.7869	1.1472	0.802
138	1.0662	0.7612	1.1876	0.8014	1.1697	0.8192
139	1.0553	0.7553	1.1776	0.7942	1.1593	0.8145
140	1.0516	0.7454	1.1691	0.7844	1.1391	0.7956
141	1.0473	0.7424	1.1705	0.7772	1.1479	0.7944
142	1.0503	0.7492	1.1669	0.7879	1.1453	0.8079
143	1.0554	0.762	1.1876	0.8002	1.1605	0.8157
144	1.0618	0.7711	1.1794	0.8072	1.15	0.815
145	1.0469	0.7464	1.1675	0.788	1.1469	0.8062
146	1.0416	0.7424	1.1667	0.7783	1.1356	0.7892
147	1.0376	0.7373	1.1561	0.7778	1.1353	0.7955
148	1.0333	0.734	1.1562	0.7736	1.1344	0.7912
149	1.0347	0.7383	1.156	0.7706	1.1301	0.7866
150	1.0416	0.7477	1.1649	0.7892	1.1396	0.8009
151	1.0245	0.7254	1.1436	0.7605	1.1201	0.7754
152	1.037	0.7405	1.1662	0.7819	1.149	0.8022
153	1.09	0.7932	1.1989	0.823	1.1651	0.8306
154	1.0638	0.7769	1.1903	0.8216	1.1747	0.8381
155	1.0261	0.7367	1.1501	0.7737	1.1285	0.7918
156	1.0383	0.7482	1.1648	0.7848	1.1417	0.7999
157	1.0183	0.7302	1.1486	0.7714	1.1256	0.7892
158	1.022	0.7337	1.1593	0.7709	1.1381	0.7906
159	1.0089	0.7128	1.136	0.752	1.1174	0.7741
160	1.0161	0.7187	1.1358	0.7579	1.1109	0.7736
161	1.0134	0.7193	1.14	0.7561	1.1129	0.7734
162	1.0109	0.7217	1.1454	0.7626	1.124	0.783
163	1.0236	0.7337	1.144	0.7761	1.1303	0.7941
164	1.0443	0.7536	1.1635	0.7807	1.1398	0.8045
165	1.0351	0.7459	1.1568	0.7898	1.1424	0.8094
166	1.014	0.7235	1.1407	0.7601	1.1153	0.7781
167	0.9986	0.7084	1.1312	0.7461	1.113	0.7695
168	1.0195	0.727	1.151	0.764	1.1218	0.7818
169	1.014	0.7257	1.1526	0.7672	1.1395	0.7932
170	0.9949	0.7059	1.1303	0.7511	1.1011	0.7641
171	1.0053	0.7174	1.146	0.7575	1.1309	0.7814
172	0.9907	0.7033	1.1137	0.7393	1.0944	0.7581
173	0.9888	0.7	1.1323	0.7426	1.112	0.7653
174	0.9869	0.7014	1.1162	0.7402	1.0983	0.7615
175	0.9836	0.6938	1.1276	0.7358	1.1045	0.7611
176	0.9872	0.7005	1.1122	0.7427	1.0964	0.7609
177	0.9902	0.7031	1.1317	0.7417	1.1024	0.7629
178	0.9826	0.6984	1.12	0.7425	1.0992	0.7635
179	1.0026	0.7206	1.1446	0.7669	1.1221	0.782
180	0.9929	0.7145	1.1318	0.7558	1.1058	0.7748
181	0.9729	0.6902	1.1117	0.7332	1.0909	0.7523
182	0.9695	0.6856	1.1058	0.7285	1.082	0.7476
183	0.9819	0.7018	1.1318	0.7457	1.1063	0.7659
184	0.9714	0.6939	1.1283	0.7411	1.0957	0.7588
185	0.9791	0.6942	1.1086	0.7447	1.0849	0.7552
186	0.9717	0.6892	1.0981	0.7329	1.0793	0.7513
187	0.9589	0.6788	1.1131	0.7246	1.0876	0.745
188	0.9924	0.7285	1.1445	0.772	1.1188	0.7918
189	0.9536	0.673	1.0995	0.7172	1.0772	0.7379
190	0.9575	0.6744	1.0992	0.7197	1.071	0.7387
191	0.963	0.6839	1.1074	0.7364	1.0818	0.7495
192	0.9627	0.6864	1.1142	0.7291	1.0827	0.7518
193	0.9667	0.6907	1.1086	0.7344	1.0774	0.755
194	0.9591	0.6803	1.1302	0.7291	1.0963	0.7471
195	0.9551	0.681	1.1042	0.7288	1.0833	0.7504
196	0.9464	0.6713	1.1065	0.7195	1.07	0.7383
197	0.9655	0.6868	1.1071	0.7288	1.0791	0.7505
198	0.9641	0.6909	1.1078	0.7468	1.0882	0.7579
199	0.9514	0.6743	1.1117	0.7178	1.0706	0.7384
200	0.939	0.6648	1.1018	0.7141	1.0645	0.7323
201	0.9702	0.6935	1.137	0.743	1.1086	0.7614
202	0.9631	0.6904	1.1176	0.7353	1.081	0.7536
203	0.9409	0.6699	1.1042	0.7179	1.0698	0.7357
204	0.9383	0.6692	1.1182	0.7196	1.077	0.7398
205	0.9344	0.6634	1.1047	0.7165	1.0713	0.7327
206	0.9316	0.6572	1.1085	0.7088	1.0715	0.7288
207	0.9308	0.6621	1.0907	0.7146	1.0563	0.7316
208	0.9334	0.6642	1.1142	0.7138	1.077	0.7358
209	0.9289	0.6575	1.0938	0.7096	1.061	0.7246
210	0.9477	0.676	1.1036	0.7192	1.0685	0.7414
211	0.9301	0.6585	1.12	0.7112	1.075	0.7283
212	0.9491	0.6912	1.1277	0.748	1.0861	0.7614
213	0.9344	0.6674	1.115	0.7275	1.0759	0.7337
214	0.9498	0.6794	1.1031	0.7363	1.0659	0.7458
215	0.9244	0.6554	1.0919	0.7099	1.0504	0.7247
216	0.9214	0.6544	1.1118	0.708	1.0622	0.7263
217	0.9203	0.6569	1.0933	0.7117	1.0503	0.7282
218	0.9688	0.6969	1.1615	0.7576	1.1177	0.7668
219	0.9478	0.6849	1.1084	0.734	1.0661	0.7509
220	0.9157	0.6466	1.0943	0.7077	1.0526	0.7184
221	0.9108	0.6448	1.0842	0.7016	1.0449	0.7126
222	0.9112	0.6457	1.091	0.7009	1.0415	0.7129
223	0.9091	0.6413	1.0966	0.7013	1.0498	0.7175
224	0.91	0.6474	1.0952	0.7053	1.0467	0.7165
225	0.9126	0.6468	1.1148	0.7118	1.0565	0.7214
226	0.9082	0.6474	1.1136	0.7079	1.059	0.7223
227	0.9041	0.6418	1.0923	0.7023	1.0426	0.7169
228	0.918	0.6495	1.1141	0.7075	1.0545	0.7205
229	0.9169	0.6559	1.0881	0.7097	1.0451	0.7254
230	0.9151	0.6539	1.1163	0.7178	1.0649	0.7273
231	0.9181	0.6542	1.0998	0.7094	1.0444	0.7227
232	0.9048	0.6386	1.1099	0.6993	1.0634	0.719
233	0.8968	0.6375	1.093	0.6975	1.0403	0.709
234	0.922	0.6653	1.1136	0.7203	1.0532	0.7381
235	0.9167	0.6538	1.1135	0.7177	1.0661	0.7309
236	0.9439	0.6842	1.1181	0.7375	1.0709	0.7552
237	0.8905	0.6321	1.0862	0.6913	1.0299	0.7043
238	0.8967	0.6328	1.1105	0.6958	1.0531	0.7129
239	0.9047	0.6454	1.0934	0.7124	1.039	0.7141
240	0.894	0.6326	1.1009	0.6997	1.0456	0.7139
241	0.8973	0.6393	1.0718	0.708	1.0314	0.7151
242	0.9156	0.6514	1.1047	0.7122	1.047	0.7248
243	0.8949	0.6388	1.0951	0.7027	1.0428	0.715
244	0.8861	0.6261	1.0933	0.6961	1.0235	0.6926
245	0.8802	0.621	1.1012	0.6888	1.0323	0.6947
246	0.8938	0.6348	1.0994	0.6996	1.0468	0.7165
247	0.8923	0.6353	1.1104	0.7069	1.0407	0.7087
248	0.8845	0.6285	1.0899	0.6918	1.025	0.7038
249	0.8825	0.6272	1.1071	0.6988	1.0368	0.7002
250	0.8872	0.6256	1.0961	0.6948	1.0363	0.708
251	0.8774	0.6228	1.0886	0.6862	1.0231	0.6973
252	0.89	0.6342	1.0958	0.6975	1.0275	0.7095
253	0.8935	0.6398	1.1051	0.7089	1.0439	0.7156
254	0.8952	0.6409	1.0964	0.6968	1.0342	0.7154
255	0.9779	0.721	1.1888	0.7914	1.1262	0.7947
256	0.9474	0.7026	1.1519	0.752	1.0811	0.7731
257	0.9203	0.6687	1.1142	0.7391	1.0583	0.742
258	0.9009	0.6522	1.1124	0.7104	1.0453	0.7276
259	0.8839	0.6305	1.0778	0.6983	1.0239	0.7068
260	0.8676	0.6118	1.094	0.6791	1.0246	0.6875
261	0.8742	0.62	1.0727	0.6876	1.0116	0.6943
262	0.9009	0.6512	1.1185	0.7256	1.05	0.7248
263	0.9266	0.6746	1.1211	0.7259	1.0616	0.7456
264	0.9234	0.6708	1.1511	0.7453	1.0886	0.7489
265	0.8712	0.6233	1.0853	0.6869	1.0163	0.6954
266	0.8736	0.6195	1.1059	0.6923	1.0324	0.6965
267	0.8807	0.6278	1.079	0.6881	1.0114	0.6935
268	0.8719	0.619	1.0872	0.6814	1.0196	0.699
269	0.8691	0.6145	1.08	0.6836	1.0101	0.6872
270	0.905	0.6554	1.1396	0.7325	1.0758	0.7386
271	0.9597	0.7138	1.1526	0.763	1.0825	0.7764
272	0.8612	0.6118	1.104	0.6813	1.0246	0.6898
273	0.8654	0.6167	1.0918	0.6869	1.0192	0.6951
274	0.8629	0.6154	1.1027	0.6884	1.0237	0.6946
275	0.8638	0.612	1.0988	0.6862	1.0351	0.6948
276	0.8665	0.6144	1.0936	0.6806	1.0185	0.6915
277	0.8543	0.6054	1.0957	0.6775	1.0205	0.6866
278	0.8601	0.6118	1.1027	0.6923	1.031	0.694
279	0.887	0.6418	1.0933	0.7069	1.0266	0.7173
280	0.8824	0.6316	1.1392	0.711	1.059	0.7117
281	0.8589	0.6125	1.087	0.6823	1.0122	0.6929
282	0.8798	0.6304	1.1261	0.7102	1.0545	0.7092
283	0.8683	0.6267	1.0925	0.6954	1.0141	0.7056
284	0.8693	0.628	1.1157	0.7085	1.0339	0.7094
285	0.863	0.6191	1.0748	0.6925	1.009	0.6989
286	0.8592	0.6162	1.1133	0.6963	1.0386	0.7024
287	0.8569	0.6145	1.0885	0.6867	1.0094	0.6911
288	0.8507	0.6032	1.1104	0.6807	1.034	0.6876
289	0.8397	0.5946	1.0773	0.6705	1.0039	0.6766
290	0.8434	0.599	1.0974	0.6792	1.0168	0.6842
291	0.844	0.5986	1.0877	0.6773	1.0128	0.682
292	0.8423	0.5954	1.1005	0.6782	1.0133	0.6787
293	0.8421	0.5978	1.0739	0.6738	1.0086	0.6841
294	0.8487	0.6036	1.0901	0.6746	1.0135	0.6902
295	0.8999	0.6588	1.148	0.7401	1.0729	0.7423
296	0.8633	0.6224	1.0999	0.6871	1.0195	0.7009
297	0.8633	0.6131	1.1378	0.6967	1.0478	0.699
298	0.9345	0.7073	1.1718	0.7786	1.0962	0.7807
299	0.8633	0.6173	1.125	0.6983	1.0436	0.7003
300	0.8533	0.6107	1.0762	0.6802	1.0025	0.6849
301	0.8433	0.598	1.0822	0.6742	0.9968	0.6741
302	0.8428	0.6001	1.1027	0.6818	1.015	0.6841
303	0.8442	0.6039	1.1055	0.6814	1.0144	0.6888
304	0.8318	0.5922	1.0993	0.6744	1.0083	0.6775
305	0.8286	0.5874	1.094	0.6653	1.0089	0.6735
306	0.851	0.614	1.0922	0.6886	1.0101	0.6995
307	0.8257	0.5856	1.0952	0.6708	1.006	0.6744
308	0.8412	0.6036	1.0902	0.6816	1.0039	0.6889
309	0.8288	0.5876	1.1006	0.6718	1.0044	0.6736
310	0.8278	0.5861	1.0875	0.6759	0.9953	0.6756
311	0.8279	0.5862	1.097	0.6708	1.007	0.6769
312	0.8339	0.5977	1.0964	0.6781	1.0032	0.6831
313	0.8515	0.6107	1.1198	0.697	1.0271	0.6935
314	0.8284	0.5915	1.0971	0.6756	1.0018	0.6773
315	0.8209	0.5805	1.0894	0.671	0.9998	0.6695
316	0.8225	0.5824	1.0816	0.6664	0.992	0.67
317	0.8407	0.6011	1.1239	0.6913	1.0256	0.688
318	0.8294	0.5944	1.0774	0.669	0.9939	0.679
319	0.823	0.5826	1.095	0.6696	0.9973	0.6707
320	0.8198	0.5853	1.0826	0.6714	0.9989	0.6668
321	0.8299	0.5909	1.092	0.6688	1.0006	0.6783
322	0.8237	0.5833	1.1139	0.6755	1.0276	0.6805
323	0.8128	0.5759	1.0781	0.6649	0.9943	0.6645
324	0.8154	0.5803	1.0914	0.6644	1.0013	0.6676
325	0.8133	0.5753	1.0868	0.6624	0.9877	0.6697
326	0.8106	0.5721	1.1037	0.6629	1.0072	0.6659
327	0.8112	0.5769	1.073	0.6591	0.9852	0.6665
328	0.8071	0.5687	1.0902	0.6583	0.9949	0.6634
329	0.8077	0.5743	1.0788	0.6616	0.9865	0.665
330	0.8046	0.5666	1.0943	0.6595	1.0017	0.6603
331	0.8141	0.58	1.1089	0.6659	1.0063	0.67
332	0.8046	0.5703	1.0923	0.6615	0.9908	0.667
333	0.8303	0.5972	1.1006	0.677	0.9975	0.6821
334	0.8172	0.5821	1.0794	0.6622	0.9835	0.6661
335	0.8081	0.5743	1.0954	0.6592	0.9908	0.6667
336	0.8188	0.5861	1.1159	0.678	1.0163	0.6748
337	0.8472	0.6066	1.153	0.7047	1.05	0.6996
338	0.8356	0.6056	1.1431	0.7001	1.0372	0.6931
339	0.8437	0.6171	1.1186	0.7049	1.0222	0.7038
340	0.817	0.5856	1.0942	0.6765	1.0026	0.684
341	0.8348	0.5986	1.0937	0.6772	0.9951	0.6806
342	0.8002	0.5682	1.0904	0.6629	0.9864	0.6612
343	0.8083	0.5746	1.0848	0.67	0.9856	0.6697
344	0.8006	0.5663	1.1044	0.6652	1.0068	0.6658
345	0.7949	0.5619	1.0921	0.6566	0.9871	0.6536
346	0.7983	0.5636	1.0977	0.6558	0.9979	0.6594
347	0.8071	0.5713	1.1084	0.6677	1.0142	0.6687
348	0.7936	0.5603	1.1054	0.6564	1.0077	0.6582
349	0.7923	0.5594	1.0816	0.656	0.9873	0.6593
350	0.8287	0.5894	1.152	0.6952	1.0484	0.6904
351	0.7976	0.5664	1.0905	0.6575	0.9805	0.6589
352	0.7903	0.5578	1.0892	0.6552	0.9801	0.655
353	0.7995	0.5705	1.0819	0.659	0.9742	0.6581
354	0.8823	0.6428	1.191	0.7463	1.0889	0.7349
355	0.8204	0.5938	1.1113	0.6769	1.0075	0.6834
356	0.8259	0.5959	1.1199	0.6957	1.0112	0.691
357	0.8446	0.612	1.0916	0.6869	0.99	0.6864
358	0.8004	0.5656	1.0919	0.6635	0.9789	0.6625
359	0.8017	0.5677	1.1122	0.6635	1.0003	0.6591
360	0.7932	0.5622	1.0951	0.6552	0.983	0.658
361	0.7924	0.5603	1.1073	0.6577	0.9902	0.6546
362	0.7936	0.5596	1.0941	0.6587	0.9855	0.654
363	0.8059	0.5772	1.0999	0.6653	0.985	0.6659
364	0.7953	0.5618	1.1023	0.6653	0.9928	0.658
365	0.7874	0.5556	1.0839	0.6512	0.9759	0.6562
366	0.8315	0.6007	1.1122	0.678	0.9981	0.6858
367	0.7967	0.5639	1.0978	0.6623	0.997	0.6678
368	0.783	0.5498	1.1083	0.6518	0.9937	0.6509
369	0.7848	0.5571	1.1009	0.6531	0.9803	0.6537
370	0.7946	0.5623	1.0971	0.6689	0.9908	0.6622
371	0.7953	0.5679	1.0946	0.6574	0.9855	0.6581
372	0.7862	0.5553	1.0933	0.6563	0.9828	0.6533
373	0.8016	0.5729	1.093	0.6785	1.0024	0.6775
374	0.7904	0.5558	1.1237	0.6656	1.008	0.6572
375	0.7904	0.5639	1.0915	0.6617	0.9766	0.6559
376	0.7966	0.5688	1.1086	0.6743	1.0007	0.6702
377	0.7815	0.5512	1.0751	0.6477	0.9647	0.6475
378	0.7859	0.5585	1.0844	0.6507	0.9673	0.6442
379	0.7836	0.5523	1.0994	0.6598	0.9848	0.6561
380	0.7793	0.5489	1.0956	0.6522	0.9884	0.6486
381	0.7885	0.5584	1.0905	0.6649	0.977	0.6554
382	0.7944	0.5671	1.0965	0.6606	0.9894	0.6597
383	0.7753	0.5446	1.0862	0.6451	0.9716	0.6402
384	0.8107	0.5818	1.1281	0.6914	1.026	0.6884
385	0.7989	0.5711	1.0989	0.6636	0.9908	0.6639
386	0.8025	0.572	1.1174	0.6785	1.0174	0.6738
387	0.7864	0.5615	1.1079	0.6586	0.9886	0.6547
388	0.7762	0.5469	1.1004	0.6511	0.9961	0.648
389	0.7807	0.556	1.0969	0.659	0.9826	0.6527
390	0.7719	0.5443	1.0959	0.6493	0.9766	0.6451
391	0.7809	0.5511	1.0909	0.6566	0.9819	0.6499
392	0.7855	0.5608	1.0872	0.6518	0.9725	0.6524
393	0.8134	0.5812	1.1354	0.692	1.028	0.6774
394	0.7898	0.5632	1.0785	0.6539	0.9694	0.6492
395	0.7751	0.5471	1.0895	0.6524	0.9768	0.6503
396	0.7793	0.5527	1.0805	0.6577	0.967	0.6494
397	0.7764	0.5486	1.0886	0.65	0.9738	0.6456
398	0.7716	0.5484	1.0903	0.6516	0.9718	0.6479
399	0.7794	0.5547	1.108	0.6621	0.9884	0.6521
400	0.782	0.5513	1.0906	0.6577	0.9832	0.6501
401	0.7627	0.5355	1.0912	0.6427	0.9708	0.635
402	0.7793	0.5554	1.087	0.6524	0.9704	0.6485
403	0.7642	0.5364	1.0878	0.646	0.9778	0.6405
404	0.8063	0.5893	1.1089	0.6837	0.9921	0.678
405	0.7804	0.5494	1.1134	0.6605	1.01	0.6504
406	0.7605	0.5343	1.0672	0.6388	0.9549	0.6326
407	0.7604	0.5344	1.0809	0.6402	0.9617	0.6333
408	0.7746	0.5506	1.0836	0.6588	0.9785	0.6559
409	0.7634	0.5382	1.0843	0.641	0.9669	0.637
410	0.7641	0.5387	1.0789	0.6477	0.9656	0.6433
411	0.7545	0.5272	1.0926	0.6418	0.9708	0.6318
412	0.7586	0.5333	1.0825	0.6453	0.9672	0.6342
413	0.7589	0.5347	1.0834	0.6415	0.9724	0.6374
414	0.7658	0.5394	1.0844	0.6509	0.9666	0.644
415	0.7915	0.569	1.1143	0.6841	1.0024	0.6686
416	0.7935	0.5713	1.0863	0.6627	0.9725	0.6555
417	0.7728	0.5459	1.1102	0.6629	0.9945	0.6532
418	0.7591	0.5354	1.0964	0.648	0.9842	0.6348
419	0.7915	0.5614	1.1104	0.6711	1.0131	0.6635
420	0.7991	0.5795	1.0979	0.6711	0.9961	0.6703
421	0.7871	0.5614	1.0981	0.6674	0.9991	0.6638
422	0.7948	0.5705	1.0802	0.6577	0.9735	0.6585
423	0.7669	0.5433	1.0742	0.648	0.9662	0.6441
424	0.7629	0.5401	1.0644	0.6361	0.9563	0.6362
425	0.8029	0.577	1.1185	0.6914	1.0197	0.6818
426	0.7958	0.5755	1.1059	0.6724	0.9965	0.6685
427	0.7607	0.5359	1.087	0.6471	0.9755	0.6433
428	0.7771	0.5571	1.0768	0.6518	0.963	0.6467
429	0.765	0.5403	1.0797	0.653	0.9703	0.6455
430	0.7535	0.529	1.0795	0.6362	0.9573	0.6292
431	0.7634	0.5368	1.0985	0.6523	0.9815	0.6421
432	0.7465	0.5214	1.0737	0.6356	0.965	0.6277
433	0.7495	0.5247	1.069	0.6322	0.9542	0.6267
434	0.7554	0.5307	1.0794	0.6406	0.9662	0.6338
435	0.7474	0.5248	1.0745	0.6346	0.9581	0.6276
436	0.7491	0.5256	1.0717	0.6367	0.962	0.631
437	0.75	0.5291	1.0755	0.6411	0.968	0.6346
438	0.7492	0.5233	1.0972	0.6429	0.9847	0.6311
439	0.749	0.5264	1.0674	0.6326	0.954	0.6284
440	0.7568	0.5342	1.0762	0.6459	0.9609	0.6353
441	0.7555	0.5342	1.0666	0.6447	0.9555	0.6424
442	0.7718	0.5449	1.0861	0.646	0.9622	0.6429
443	0.7538	0.5316	1.063	0.6372	0.9569	0.6345
444	0.7565	0.5315	1.0952	0.6422	0.9807	0.6338
445	0.7499	0.5246	1.0953	0.6443	0.9814	0.6339
446	0.7513	0.528	1.0982	0.6438	0.9863	0.6377
447	0.7475	0.5226	1.0794	0.6437	0.9657	0.6314
448	0.7525	0.5343	1.071	0.6434	0.9595	0.6374
449	0.7568	0.5367	1.0778	0.6512	0.9595	0.6395
450	0.7549	0.5354	1.0723	0.6479	0.9645	0.6442
451	0.75	0.5292	1.091	0.6477	0.9826	0.6368
452	0.7587	0.5399	1.1028	0.6561	0.984	0.6434
453	0.7486	0.5255	1.1026	0.6471	0.9857	0.6366
454	0.737	0.5164	1.0848	0.6379	0.9616	0.6263
455	0.749	0.5291	1.0918	0.6492	0.9749	0.6365
456	0.7702	0.549	1.0814	0.6504	0.9637	0.6467
457	0.7578	0.5359	1.107	0.6589	0.9973	0.6447
458	0.7587	0.5412	1.0852	0.653	0.9714	0.645
459	0.7355	0.5138	1.0859	0.6312	0.9681	0.6231
460	0.7476	0.5232	1.1021	0.6447	0.9926	0.6326
461	0.7439	0.5266	1.0799	0.6348	0.9627	0.6332
462	0.7334	0.5105	1.0874	0.634	0.9738	0.6259
463	0.7544	0.5327	1.0875	0.6445	0.9796	0.6351
464	0.7774	0.5571	1.0932	0.6558	0.9824	0.6573
465	0.7909	0.5692	1.1043	0.6816	1.0062	0.6723
466	0.75	0.5269	1.1017	0.6388	0.9874	0.6343
467	0.7756	0.5508	1.0735	0.661	0.9685	0.6573
468	0.7461	0.5207	1.1055	0.6406	0.9923	0.6301
469	0.7834	0.5612	1.0818	0.6738	0.9724	0.6625
470	0.7732	0.5516	1.1	0.6548	0.99	0.6541
471	0.7459	0.5254	1.0669	0.6391	0.9593	0.6363
472	0.7406	0.5221	1.0869	0.6354	0.9704	0.632
473	0.7349	0.5122	1.0727	0.6383	0.9601	0.6247
474	0.7464	0.5269	1.081	0.6444	0.9698	0.6328
475	0.7394	0.5144	1.0965	0.6429	0.9847	0.6306
476	0.7294	0.509	1.0661	0.6273	0.9471	0.6176
477	0.7296	0.5122	1.0726	0.6325	0.9512	0.6227
478	0.75	0.5288	1.0901	0.6535	0.9776	0.6404
479	0.7328	0.5138	1.0767	0.6319	0.9583	0.6235
480	0.7312	0.5107	1.0813	0.6336	0.9711	0.6238
481	0.726	0.5034	1.0868	0.6311	0.9726	0.6185
482	0.7413	0.5246	1.0726	0.6378	0.9666	0.6323
483	0.7661	0.5461	1.1071	0.6707	0.998	0.6508
484	0.7281	0.509	1.0705	0.624	0.9631	0.6181
485	0.7416	0.5234	1.0791	0.6402	0.9706	0.6335
486	0.7346	0.5137	1.077	0.634	0.9721	0.6259
487	0.7287	0.5096	1.0686	0.629	0.9633	0.6238
488	0.7445	0.5263	1.0891	0.6511	0.9821	0.6373
489	0.7493	0.5364	1.0666	0.6443	0.957	0.64
490	0.7296	0.508	1.082	0.6327	0.9833	0.6211
491	0.7571	0.5355	1.1031	0.6576	0.9972	0.6453
492	0.734	0.5167	1.0618	0.6323	0.9551	0.6247
493	0.7233	0.5053	1.0722	0.6289	0.9583	0.6191
494	0.7514	0.5355	1.0728	0.6572	0.9634	0.6456
495	0.7365	0.5211	1.0595	0.63	0.9556	0.6244
496	0.7287	0.5107	1.062	0.6325	0.9465	0.6206
497	0.7188	0.4982	1.0799	0.6233	0.9713	0.6144
498	0.7209	0.501	1.0723	0.6262	0.9562	0.6196
499	0.7478	0.5339	1.0915	0.6485	0.9733	0.6388
500	0.7177	0.4997	1.0686	0.6295	0.9495	0.6141
501	0.7528	0.5302	1.1271	0.6648	1.0151	0.6408
502	0.7548	0.5432	1.0869	0.657	0.9714	0.6454
503	0.723	0.5023	1.1	0.6339	0.9787	0.6202
504	0.7406	0.5285	1.0843	0.6482	0.9649	0.6387
505	0.7292	0.5062	1.1072	0.6373	0.9995	0.6224
506	0.7437	0.5225	1.0567	0.6354	0.9401	0.6267
507	0.7265	0.5141	1.0569	0.6334	0.9428	0.6236
508	0.7295	0.5088	1.0901	0.6414	0.9759	0.6209
509	0.726	0.5064	1.0827	0.6311	0.9696	0.6245
510	0.7324	0.5156	1.0778	0.6347	0.9686	0.6272
511	0.7183	0.501	1.0821	0.6302	0.9617	0.6149
512	0.7165	0.4968	1.0625	0.6229	0.9421	0.608
513	0.7223	0.5083	1.0652	0.6266	0.9464	0.6179
514	0.7135	0.4947	1.0553	0.6185	0.9369	0.608
515	0.7365	0.5173	1.0848	0.645	0.973	0.6301
516	0.7156	0.4979	1.0894	0.6299	0.9668	0.6174
517	0.7122	0.4951	1.0773	0.6245	0.9686	0.6137
518	0.7088	0.4915	1.0738	0.6241	0.9607	0.6087
519	0.7165	0.4964	1.0967	0.6294	0.9879	0.6111
520	0.7177	0.5007	1.0708	0.6274	0.9667	0.6134
521	0.7583	0.5499	1.1122	0.6722	1.0077	0.6598
522	0.7383	0.5192	1.0916	0.6463	0.9983	0.631
523	0.7161	0.4979	1.0732	0.6268	0.9696	0.6132
524	0.7118	0.4953	1.0598	0.6204	0.9528	0.6097
525	0.7475	0.5333	1.097	0.6577	1.0039	0.6457
526	0.7284	0.5107	1.0584	0.6254	0.9441	0.6175
527	0.7354	0.5261	1.0691	0.6486	0.9669	0.6398
528	0.7095	0.4934	1.0725	0.6268	0.9662	0.6117
529	0.7285	0.5122	1.0891	0.6469	0.987	0.6326
530	0.7074	0.4896	1.0702	0.6235	0.9671	0.6096
531	0.7269	0.5159	1.0746	0.6344	0.9645	0.6216
532	0.7322	0.5128	1.0931	0.6426	0.9917	0.6229
533	0.7267	0.5068	1.0933	0.6353	0.9863	0.6188
534	0.7216	0.5057	1.0763	0.6315	0.9761	0.6172
535	0.7133	0.4981	1.0625	0.622	0.9649	0.6129
536	0.7123	0.4969	1.0618	0.6159	0.9533	0.6129
537	0.7203	0.5085	1.0528	0.6308	0.9603	0.6258
538	0.7207	0.5091	1.0639	0.6317	0.9535	0.6215
539	0.7206	0.5091	1.065	0.6331	0.9501	0.623
540	0.7056	0.4899	1.0449	0.619	0.9443	0.6075
541	0.7143	0.5012	1.0719	0.6355	0.9617	0.622
542	0.7027	0.4868	1.0698	0.6186	0.9632	0.6062
543	0.7213	0.5011	1.0718	0.6368	0.977	0.6204
544	0.7145	0.4959	1.0815	0.6293	0.97	0.6111
545	0.7124	0.4985	1.0792	0.6278	0.9613	0.6122
546	0.7264	0.5101	1.077	0.6398	0.9767	0.6238
547	0.7212	0.5095	1.0683	0.6285	0.9609	0.6223
548	0.7222	0.5072	1.0859	0.6463	0.9762	0.6244
549	0.7107	0.4992	1.0457	0.62	0.9371	0.613
550	0.7214	0.5089	1.0815	0.6357	0.9753	0.6287
551	0.7003	0.4872	1.0495	0.6131	0.9394	0.6067
552	0.7064	0.4897	1.0765	0.6282	0.9822	0.6117
553	0.7409	0.5357	1.0932	0.6614	0.9839	0.6466
554	0.7108	0.4943	1.087	0.6318	0.9841	0.6152
555	0.7216	0.506	1.0758	0.6366	0.9677	0.6173
556	0.6992	0.4836	1.0707	0.6199	0.9642	0.6026
557	0.7162	0.5004	1.0786	0.6394	0.9572	0.6164
558	0.7135	0.4959	1.0886	0.6383	0.9749	0.6152
559	0.6961	0.481	1.0624	0.6155	0.952	0.6001
560	0.7018	0.4866	1.075	0.6211	0.9647	0.6067
561	0.7402	0.5202	1.1068	0.6522	1.0048	0.6349
562	0.6977	0.4841	1.0588	0.6164	0.9494	0.6042
563	0.6983	0.4851	1.0575	0.6131	0.9325	0.5993
564	0.7054	0.4934	1.0493	0.6175	0.9424	0.6098
565	0.7008	0.4856	1.0619	0.6121	0.9615	0.6042
566	0.7042	0.4904	1.0681	0.6226	0.963	0.6088
567	0.704	0.4939	1.0628	0.6249	0.9535	0.6101
568	0.7194	0.5082	1.0537	0.6217	0.9349	0.6146
569	0.7232	0.5117	1.0735	0.6462	0.9634	0.6273
570	0.6971	0.4869	1.0481	0.6135	0.9287	0.6026
571	0.6942	0.4823	1.0592	0.613	0.9375	0.5989
572	0.703	0.4888	1.069	0.628	0.9605	0.6096
573	0.7146	0.5029	1.0825	0.6262	0.9685	0.6161
574	0.7308	0.5167	1.0883	0.6514	0.9824	0.6296
575	0.698	0.4841	1.0747	0.6261	0.9738	0.608
576	0.6998	0.4889	1.0694	0.6226	0.9554	0.6064
577	0.7093	0.4972	1.0703	0.628	0.9695	0.6143
578	0.7066	0.4947	1.0665	0.6227	0.9539	0.6103
579	0.6926	0.4775	1.0653	0.6203	0.9585	0.6005
580	0.6973	0.4841	1.0692	0.6239	0.9599	0.6077
581	0.6969	0.4815	1.0792	0.6243	0.9813	0.6086
582	0.7202	0.5071	1.0786	0.6384	0.9675	0.6191
583	0.6924	0.4797	1.0742	0.6178	0.9636	0.6027
584	0.6986	0.4881	1.0639	0.6246	0.9643	0.6136
585	0.7323	0.5159	1.1225	0.6574	1.0171	0.6317
586	0.7116	0.5046	1.0785	0.639	0.9702	0.6204
587	0.693	0.4801	1.0602	0.6173	0.9566	0.6035
588	0.6983	0.4881	1.0595	0.6215	0.9495	0.6081
589	0.6959	0.4841	1.0554	0.619	0.943	0.6051
590	0.6924	0.4788	1.0649	0.6163	0.9681	0.6037
591	0.7053	0.4928	1.0603	0.625	0.9644	0.613
592	0.6927	0.4803	1.0663	0.6148	0.962	0.6049
593	0.7026	0.4948	1.0516	0.6187	0.9448	0.6117
594	0.7101	0.4954	1.0922	0.6401	0.9904	0.6153
595	0.6925	0.4819	1.0636	0.6194	0.9505	0.6004
596	0.6892	0.4798	1.0577	0.615	0.9447	0.6002
597	0.6835	0.4698	1.0539	0.6155	0.9518	0.5973
598	0.6834	0.4743	1.0544	0.6142	0.9507	0.5976
599	0.7076	0.4959	1.0863	0.6399	0.9847	0.6163
600	0.6829	0.4736	1.0546	0.6108	0.9442	0.5969
601	0.6824	0.4709	1.0557	0.6105	0.9459	0.5908
602	0.7122	0.5008	1.1006	0.645	0.985	0.6157
603	0.6846	0.4731	1.0465	0.6109	0.9387	0.5949
604	0.7061	0.497	1.0788	0.638	0.9689	0.6132
605	0.7822	0.5835	1.098	0.6915	0.9829	0.6786
606	0.7036	0.491	1.0727	0.6215	0.963	0.6041
607	0.6903	0.4807	1.0457	0.6144	0.939	0.5994
608	0.6874	0.4774	1.0569	0.6198	0.9566	0.6026
609	0.684	0.472	1.0604	0.6171	0.9579	0.5989
610	0.6917	0.4841	1.0558	0.6208	0.9465	0.6057
611	0.6868	0.4734	1.0833	0.621	0.9719	0.5974
612	0.7136	0.5093	1.0835	0.6432	0.9749	0.6275
613	0.6907	0.4812	1.059	0.6231	0.9328	0.601
614	0.684	0.4767	1.069	0.6209	0.9567	0.6042
615	0.7173	0.5113	1.0658	0.6358	0.943	0.6232
616	0.7089	0.503	1.0612	0.6417	0.9559	0.6244
617	0.6877	0.4768	1.044	0.609	0.9314	0.5974
618	0.6863	0.4762	1.0513	0.6116	0.9516	0.6003
619	0.683	0.4736	1.0483	0.614	0.9428	0.6012
620	0.6863	0.4767	1.057	0.6187	0.9571	0.5986
621	0.6868	0.4753	1.0424	0.6075	0.9229	0.5933
622	0.7022	0.4951	1.068	0.6262	0.9741	0.6154
623	0.7026	0.498	1.068	0.6382	0.9655	0.6137
624	0.6936	0.4805	1.0664	0.6233	0.9617	0.6001
625	0.6812	0.4686	1.0622	0.6135	0.9663	0.5951
626	0.6849	0.4738	1.0674	0.6129	0.9683	0.5983
627	0.6817	0.4738	1.041	0.6074	0.9374	0.5965
628	0.6919	0.4866	1.0351	0.6172	0.9283	0.6055
629	0.6908	0.4858	1.0575	0.6272	0.9552	0.6081
630	0.6786	0.4719	1.0439	0.6081	0.9375	0.5964
631	0.6851	0.4757	1.0676	0.6165	0.9593	0.6018
632	0.7034	0.4923	1.0756	0.6297	0.9723	0.612
633	0.68	0.4682	1.0672	0.6192	0.9573	0.5961
634	0.6743	0.468	1.0548	0.6089	0.9356	0.5928
635	0.6853	0.4771	1.0479	0.616	0.9287	0.6007
636	0.6967	0.491	1.0726	0.6376	0.973	0.6172
637	0.7574	0.558	1.076	0.6652	0.9655	0.6571
638	0.7282	0.5251	1.0853	0.6667	0.9882	0.6438
639	0.6997	0.4946	1.0603	0.6225	0.9446	0.6138
640	0.7013	0.4894	1.0853	0.6381	0.9883	0.6159
641	0.6715	0.4639	1.0508	0.6031	0.9398	0.5888
642	0.6727	0.4642	1.0592	0.6108	0.9509	0.5929
643	0.6738	0.4658	1.052	0.6083	0.9478	0.5951
644	0.6949	0.4834	1.084	0.629	0.9794	0.6076
645	0.6906	0.4864	1.0733	0.6297	0.962	0.6105
646	0.6821	0.472	1.0729	0.6153	0.9651	0.5972
647	0.6753	0.4681	1.052	0.615	0.9412	0.5979
648	0.6753	0.472	1.0663	0.6206	0.9482	0.5991
649	0.6723	0.4651	1.0411	0.6086	0.9263	0.5917
650	0.6676	0.4584	1.0639	0.6085	0.9614	0.591
651	0.6844	0.4812	1.0628	0.6238	0.9562	0.6089
652	0.6682	0.4602	1.0662	0.6106	0.9508	0.5895
653	0.6791	0.4721	1.0695	0.6225	0.9529	0.5965
654	0.7004	0.4982	1.0903	0.6424	0.9712	0.6264
655	0.7016	0.4912	1.0926	0.6393	0.9731	0.6109
656	0.6849	0.4765	1.0856	0.6275	0.9733	0.5972
657	0.6899	0.4886	1.0537	0.6262	0.9402	0.6103
658	0.668	0.4581	1.0786	0.6132	0.9596	0.5877
659	0.6758	0.4697	1.0692	0.6182	0.957	0.5987
660	0.6679	0.4593	1.0735	0.6162	0.9636	0.5934
661	0.678	0.4778	1.0457	0.6188	0.9327	0.6
662	0.673	0.4684	1.0561	0.6093	0.9316	0.5935
663	0.677	0.4724	1.0424	0.6181	0.934	0.5985
664	0.6674	0.4622	1.0602	0.615	0.9438	0.5932
665	0.6747	0.4727	1.0656	0.626	0.9395	0.5998
666	0.6712	0.4609	1.0844	0.6166	0.9576	0.5889
667	0.7075	0.4976	1.0976	0.6442	0.9826	0.6163
668	0.6683	0.4642	1.0546	0.6048	0.9428	0.5915
669	0.6724	0.4701	1.0408	0.6073	0.9289	0.5966
670	0.6592	0.4527	1.0481	0.6034	0.9364	0.585
671	0.6608	0.4573	1.0572	0.606	0.9364	0.5889
672	0.686	0.4817	1.064	0.6319	0.9613	0.6105
673	0.6662	0.4631	1.0563	0.6061	0.9367	0.5916
674	0.669	0.4688	1.0572	0.6131	0.9342	0.5935
675	0.6774	0.4742	1.0653	0.619	0.9517	0.5991
676	0.6664	0.4618	1.0474	0.6088	0.9253	0.5898
677	0.6612	0.4549	1.0647	0.6072	0.9543	0.5871
678	0.6631	0.462	1.0429	0.6047	0.9279	0.5892
679	0.6676	0.464	1.0529	0.6098	0.9384	0.5956
680	0.6608	0.4579	1.056	0.6084	0.9364	0.592
681	0.6768	0.4756	1.0471	0.6115	0.9265	0.5983
682	0.6613	0.459	1.0554	0.6101	0.9378	0.5909
683	0.6727	0.4692	1.0452	0.6131	0.9204	0.5954
684	0.6666	0.4612	1.0709	0.6149	0.9644	0.5957
685	0.682	0.4846	1.057	0.624	0.9329	0.6109
686	0.6653	0.4605	1.0642	0.6124	0.9592	0.5913
687	0.6689	0.4646	1.0505	0.6124	0.943	0.5959
688	0.6761	0.4735	1.0675	0.6218	0.9709	0.6041
689	0.6767	0.4731	1.0612	0.6191	0.9505	0.5988
690	0.6645	0.459	1.059	0.6106	0.9411	0.589
691	0.6784	0.4797	1.0582	0.6228	0.9483	0.6078
692	0.6562	0.4544	1.0435	0.5975	0.9131	0.5823
693	0.6668	0.4652	1.0719	0.6215	0.9584	0.6
694	0.6628	0.4631	1.0433	0.6067	0.9259	0.5894
695	0.6812	0.4807	1.0755	0.6367	0.9585	0.6072
696	0.6554	0.4524	1.0548	0.6058	0.926	0.5826
697	0.6552	0.4549	1.0588	0.6058	0.928	0.5838
698	0.6682	0.4666	1.0613	0.6208	0.9479	0.5984
699	0.6545	0.4508	1.0587	0.6057	0.9447	0.584
700	0.6697	0.4702	1.055	0.612	0.9401	0.5969
701	0.6522	0.4493	1.0488	0.6064	0.9364	0.5831
702	0.663	0.4593	1.0787	0.6207	0.9637	0.5956
703	0.6547	0.4524	1.0237	0.6002	0.9033	0.5819
704	0.6806	0.484	1.0634	0.6233	0.9454	0.6101
705	0.7261	0.5303	1.096	0.6771	0.9981	0.6501
706	0.693	0.4936	1.0393	0.6196	0.9229	0.6067
707	0.7324	0.5334	1.1034	0.6739	1.006	0.6471
708	0.7003	0.5051	1.0772	0.6444	0.9743	0.6276
709	0.6736	0.4734	1.0528	0.6182	0.9576	0.6005
710	0.6646	0.4611	1.0591	0.6166	0.9564	0.5967
711	0.6812	0.4737	1.0677	0.6219	0.9646	0.5991
712	0.6633	0.4606	1.062	0.6128	0.9541	0.5939
713	0.6603	0.4608	1.054	0.608	0.9428	0.5915
714	0.6841	0.4822	1.0806	0.6339	0.9828	0.6108
715	0.6887	0.4913	1.0692	0.6311	0.9566	0.6145
716	0.6967	0.4928	1.0854	0.6423	0.9909	0.6155
717	0.6918	0.4985	1.0686	0.6398	0.9572	0.625
718	0.6584	0.4552	1.0572	0.615	0.9607	0.5936
719	0.6661	0.4678	1.0401	0.6129	0.9274	0.5971
720	0.6543	0.4515	1.0573	0.6021	0.9243	0.5825
721	0.6566	0.4561	1.0288	0.6048	0.9273	0.5902
722	0.6502	0.4461	1.0478	0.6029	0.9452	0.5794
723	0.6564	0.4557	1.0467	0.6065	0.9329	0.5877
724	0.6506	0.4469	1.0605	0.6068	0.946	0.5835
725	0.6506	0.4498	1.0512	0.607	0.9286	0.5849
726	0.6457	0.4434	1.0476	0.6051	0.9366	0.5814
727	0.6481	0.4489	1.044	0.6031	0.9315	0.588
728	0.6475	0.4471	1.0334	0.6012	0.9242	0.5858
729	0.6475	0.4487	1.0492	0.6041	0.9322	0.5855
730	0.6409	0.439	1.0449	0.5993	0.9292	0.578
731	0.6472	0.4477	1.0389	0.6029	0.9337	0.5885
732	0.642	0.439	1.0494	0.5959	0.9306	0.5765
733	0.6491	0.451	1.0518	0.6046	0.9346	0.5848
734	0.6538	0.4512	1.0669	0.6137	0.9602	0.5871
735	0.6458	0.4468	1.0519	0.6067	0.9353	0.5837
736	0.6401	0.4402	1.0529	0.6005	0.9347	0.5771
737	0.6409	0.441	1.0491	0.5986	0.9327	0.5753
738	0.6463	0.4474	1.0478	0.6054	0.9283	0.5792
739	0.654	0.4557	1.0394	0.6104	0.9295	0.5942
740	0.6491	0.4491	1.0551	0.6063	0.9385	0.5889
741	0.645	0.4461	1.0414	0.6001	0.921	0.5867
742	0.6516	0.4543	1.0615	0.609	0.9421	0.5889
743	0.6637	0.4596	1.0773	0.6217	0.9607	0.5914
744	0.6578	0.455	1.074	0.6172	0.9576	0.5891
745	0.6514	0.4511	1.0717	0.6164	0.9501	0.5854
746	0.6425	0.4418	1.0459	0.6034	0.9359	0.5831
747	0.6396	0.4399	1.0556	0.6053	0.9425	0.5809
748	0.6763	0.4783	1.0805	0.641	0.9776	0.6118
749	0.69	0.4995	1.0637	0.6372	0.9486	0.6285
750	0.6526	0.457	1.0541	0.6089	0.9367	0.5926
751	0.6678	0.4698	1.0726	0.6276	0.9662	0.6009
752	0.6501	0.452	1.041	0.6031	0.9331	0.5901
753	0.6365	0.4365	1.0349	0.5987	0.9185	0.5756
754	0.6386	0.438	1.0518	0.6013	0.9295	0.5765
755	0.6475	0.4458	1.0638	0.6117	0.9547	0.5851
756	0.6378	0.438	1.0481	0.598	0.9346	0.5766
757	0.6349	0.4352	1.0461	0.5978	0.9464	0.5759
758	0.6443	0.4441	1.0585	0.6086	0.9571	0.588
759	0.6404	0.4432	1.0379	0.5954	0.9345	0.5813
760	0.645	0.4477	1.0592	0.6092	0.9387	0.5874
761	0.6398	0.4422	1.0499	0.6001	0.9421	0.5851
762	0.6335	0.4334	1.0583	0.6021	0.9428	0.5807
763	0.678	0.4804	1.0814	0.6409	0.9788	0.6133
764	0.6406	0.4441	1.0452	0.6004	0.9329	0.5822
765	0.6363	0.4377	1.0463	0.6013	0.9461	0.5799
766	0.6363	0.4403	1.0401	0.6	0.935	0.5843
767	0.6293	0.4308	1.038	0.594	0.9281	0.5753
768	0.6474	0.4493	1.0534	0.6123	0.9493	0.5906
769	0.6295	0.4293	1.0538	0.5935	0.943	0.5764
770	0.6466	0.4467	1.0192	0.6031	0.9115	0.5851
771	0.655	0.459	1.0825	0.6315	0.9738	0.6016
772	0.6399	0.4436	1.0384	0.601	0.9129	0.582
773	0.658	0.4629	1.0513	0.6057	0.9444	0.5944
774	0.6533	0.4548	1.0532	0.6131	0.9444	0.5879
775	0.6425	0.4438	1.0563	0.6019	0.9392	0.5804
776	0.6355	0.4381	1.0509	0.5978	0.9382	0.5827
777	0.6294	0.4326	1.0363	0.5895	0.9108	0.57
778	0.6464	0.4484	1.0627	0.6148	0.9548	0.5895
779	0.6384	0.4435	1.0343	0.5998	0.9189	0.5813
780	0.6346	0.4341	1.0602	0.6017	0.9504	0.574
781	0.6464	0.4485	1.0527	0.6131	0.9433	0.5862
782	0.6755	0.4868	1.0686	0.637	0.9482	0.6167
783	0.6506	0.4533	1.0536	0.6151	0.948	0.5919
784	0.6409	0.4475	1.0348	0.5936	0.9158	0.5754
785	0.6365	0.4393	1.0451	0.5955	0.941	0.5788
786	0.6375	0.4447	1.0396	0.5989	0.9321	0.5839
787	0.634	0.4379	1.0411	0.5992	0.9252	0.5809
788	0.6517	0.4573	1.0398	0.614	0.936	0.5979
789	0.6465	0.4519	1.0402	0.605	0.917	0.5875
790	0.6704	0.472	1.0755	0.6341	0.9763	0.6071
791	0.6559	0.4653	1.0501	0.6157	0.9317	0.5981
792	0.6538	0.4515	1.0825	0.6186	0.9737	0.5844
793	0.6399	0.4414	1.039	0.602	0.9253	0.5797
794	0.6358	0.4398	1.0491	0.5996	0.9348	0.5799
795	0.692	0.4908	1.0945	0.644	0.9901	0.6181
796	0.6292	0.4324	1.0493	0.5964	0.9343	0.5759
797	0.6571	0.467	1.0462	0.6143	0.9357	0.6019
798	0.6406	0.446	1.0507	0.6081	0.938	0.5862
799	0.631	0.4365	1.0284	0.5907	0.9121	0.5773
800	0.6317	0.4355	1.0554	0.5986	0.9319	0.5801
801	0.6331	0.4364	1.0315	0.5953	0.9074	0.5796
802	0.6535	0.4594	1.0521	0.6122	0.9451	0.6017
803	0.6371	0.4409	1.0353	0.5988	0.9185	0.5788
804	0.6332	0.4361	1.0566	0.5982	0.9415	0.5771
805	0.6303	0.4321	1.0472	0.6006	0.9356	0.5755
806	0.6257	0.4315	1.0405	0.5952	0.9279	0.5753
807	0.6365	0.4416	1.0487	0.6086	0.9349	0.5836
808	0.6231	0.4281	1.024	0.5853	0.9187	0.5721
809	0.6495	0.4566	1.056	0.6073	0.9533	0.5958
810	0.6715	0.4759	1.077	0.6358	0.9728	0.6078
811	0.6293	0.4343	1.0549	0.6026	0.9392	0.5792
812	0.622	0.4268	1.035	0.5933	0.9189	0.5721
813	0.6375	0.4453	1.0457	0.6144	0.9294	0.5867
814	0.6217	0.4248	1.0428	0.5912	0.9211	0.5665
815	0.6278	0.43	1.055	0.6001	0.938	0.5749
816	0.6215	0.4264	1.039	0.5976	0.9285	0.5733
817	0.7161	0.5225	1.1187	0.6802	1.0161	0.6438
818	0.6706	0.4849	1.0611	0.6325	0.9581	0.6197
819	0.6274	0.4315	1.0417	0.5994	0.9339	0.5781
820	0.6236	0.4299	1.0406	0.5968	0.916	0.5741
821	0.6363	0.4453	1.0346	0.6033	0.9191	0.5875
822	0.6347	0.4417	1.0469	0.6001	0.9291	0.5853
823	0.6602	0.4697	1.0706	0.6405	0.9589	0.6083
824	0.6221	0.4279	1.0299	0.588	0.9136	0.5725
825	0.6218	0.4284	1.0375	0.5904	0.9134	0.5689
826	0.6219	0.4249	1.0476	0.5966	0.9307	0.5723
827	0.617	0.4228	1.0333	0.5907	0.9158	0.5706
828	0.6201	0.4272	1.0378	0.5937	0.9119	0.5728
829	0.6138	0.4199	1.0333	0.587	0.9187	0.5699
830	0.6171	0.4227	1.0412	0.5922	0.9197	0.5722
831	0.6142	0.4203	1.0317	0.5877	0.915	0.5695
832	0.6197	0.4255	1.0399	0.5899	0.9257	0.576
833	0.649	0.4538	1.0273	0.5995	0.9195	0.5896
834	0.6187	0.424	1.0448	0.5911	0.9341	0.5767
835	0.6424	0.4489	1.0422	0.615	0.946	0.5939
836	0.6241	0.4316	1.0208	0.5888	0.9094	0.5762
837	0.623	0.4321	1.0447	0.5937	0.9326	0.5819
838	0.6697	0.4787	1.0657	0.6429	0.9653	0.6174
839	0.6375	0.4489	1.0343	0.5984	0.9184	0.5841
840	0.6885	0.5017	1.0945	0.6659	0.9833	0.6286
841	0.6217	0.4303	1.0318	0.5896	0.918	0.5745
842	0.6196	0.428	1.0379	0.5916	0.915	0.5779
843	0.6521	0.4603	1.0703	0.6256	0.958	0.6
844	0.6265	0.4379	1.042	0.6015	0.9169	0.5831
845	0.6231	0.4279	1.0576	0.5993	0.9486	0.5774
846	0.6189	0.4246	1.0444	0.5981	0.9364	0.5738
847	0.6146	0.4224	1.0375	0.5921	0.9234	0.5734
848	0.6182	0.4243	1.0446	0.5947	0.9329	0.5714
849	0.6149	0.423	1.018	0.5869	0.9111	0.5694
850	0.6302	0.4386	1.0454	0.5953	0.9311	0.5829
851	0.6191	0.4269	1.0338	0.5924	0.9137	0.5759
852	0.6261	0.431	1.0608	0.6073	0.9491	0.5781
853	0.6215	0.4304	1.0219	0.5915	0.9023	0.5727
854	0.6333	0.444	1.0497	0.601	0.9331	0.5876
855	0.6393	0.4484	1.0477	0.6188	0.938	0.5905
856	0.6206	0.4273	1.0479	0.5926	0.9385	0.5745
857	0.6181	0.427	1.0283	0.5898	0.9052	0.5716
858	0.6138	0.4228	1.0422	0.594	0.9422	0.5732
859	0.6162	0.4264	1.0383	0.6022	0.9285	0.5753
860	0.6085	0.4179	1.045	0.5951	0.9358	0.5698
861	0.6291	0.4426	1.056	0.6112	0.9438	0.5907
862	0.6217	0.429	1.0486	0.6003	0.9432	0.5771
863	0.6166	0.4231	1.0489	0.5985	0.9394	0.5699
864	0.6324	0.4449	1.0328	0.6	0.9261	0.5879
865	0.6207	0.4303	1.0389	0.5978	0.9383	0.5813
866	0.6117	0.4189	1.0357	0.5902	0.9323	0.5693
867	0.6184	0.4289	1.031	0.5932	0.9277	0.5738
868	0.6522	0.4661	1.0466	0.6278	0.9426	0.6037
869	0.6113	0.4171	1.0537	0.5917	0.9582	0.5736
870	0.6111	0.4211	1.0304	0.5943	0.9233	0.5694
871	0.6113	0.4211	1.0381	0.5936	0.9362	0.577
872	0.6188	0.4305	1.0547	0.6061	0.9431	0.5849
873	0.6048	0.4161	1.0271	0.5845	0.919	0.5704
874	0.6126	0.4236	1.042	0.5986	0.9335	0.5769
875	0.6047	0.4137	1.0219	0.5837	0.9094	0.5694
876	0.6065	0.4145	1.0349	0.5882	0.937	0.5706
877	0.6246	0.4386	1.0413	0.6086	0.9314	0.5846
878	0.6126	0.4227	1.0254	0.5814	0.9068	0.5748
879	0.6152	0.4293	1.0382	0.604	0.9303	0.5819
880	0.6071	0.4145	1.0428	0.5936	0.9308	0.5638
881	0.6325	0.4407	1.0547	0.6184	0.956	0.5874
882	0.6137	0.4236	1.0376	0.5997	0.9345	0.5742
883	0.6088	0.416	1.0483	0.5912	0.9432	0.5726
884	0.612	0.4228	1.0226	0.5949	0.9159	0.5762
885	0.6136	0.42	1.043	0.5937	0.9375	0.5714
886	0.5996	0.4092	1.0316	0.5837	0.9232	0.5688
887	0.6175	0.4325	1.0434	0.6011	0.9369	0.5864
888	0.6117	0.4196	1.0507	0.5999	0.9476	0.5722
889	0.6001	0.4084	1.03	0.5849	0.9205	0.566
890	0.6156	0.4267	1.0308	0.5898	0.9221	0.5783
891	0.6002	0.41	1.0347	0.5817	0.9242	0.564
892	0.6036	0.4153	1.0287	0.584	0.917	0.572
893	0.6073	0.4183	1.0373	0.5972	0.9321	0.5748
894	0.6025	0.4145	1.0472	0.5899	0.9383	0.5718
895	0.6184	0.4286	1.0327	0.6014	0.9316	0.5773
896	0.6003	0.4113	1.0325	0.5899	0.9269	0.566
897	0.6014	0.4147	1.0306	0.5876	0.9284	0.5731
898	0.6058	0.4142	1.0444	0.5866	0.943	0.5715
899	0.6163	0.4273	1.0202	0.5927	0.9108	0.5744
900	0.6052	0.4152	1.0326	0.5901	0.9359	0.5722
901	0.6473	0.4641	1.0388	0.6169	0.9437	0.6067
902	0.6285	0.4436	1.0462	0.6171	0.9484	0.5928
903	0.6484	0.4643	1.048	0.6133	0.9474	0.6049
904	0.6786	0.4917	1.084	0.6507	0.9823	0.624
905	0.6604	0.4773	1.0806	0.6321	0.9788	0.6207
906	0.6465	0.4539	1.0566	0.6148	0.9586	0.5998
907	0.6469	0.4654	1.0682	0.6255	0.9536	0.6033
908	0.6377	0.447	1.0457	0.6163	0.949	0.5939
909	0.6131	0.4277	1.0341	0.5869	0.9304	0.5763
910	0.6128	0.4228	1.0248	0.5923	0.9169	0.5734
911	0.5992	0.4101	1.0258	0.5834	0.9227	0.565
912	0.6021	0.4134	1.0235	0.5807	0.9158	0.5673
913	0.6103	0.4214	1.0254	0.5959	0.9341	0.579
914	0.5954	0.4069	1.0281	0.5831	0.9256	0.567
915	0.594	0.4053	1.0207	0.5768	0.9108	0.5578
916	0.6057	0.4162	1.0463	0.5921	0.94	0.5695
917	0.6039	0.4164	1.0384	0.5917	0.9193	0.5725
918	0.5967	0.4094	1.0347	0.5879	0.9267	0.5679
919	0.608	0.4234	1.0351	0.5958	0.9253	0.5782
920	0.5994	0.4116	1.0369	0.5901	0.9332	0.5704
921	0.6252	0.4325	1.0654	0.6096	0.9575	0.5765
922	0.6209	0.4382	1.0327	0.5995	0.925	0.5865
923	0.6098	0.4245	1.0394	0.6034	0.9351	0.5783
924	0.6	0.4135	1.0234	0.5876	0.9183	0.5695
925	0.5915	0.4033	1.0294	0.5809	0.9284	0.5649
926	0.5958	0.4095	1.0326	0.5916	0.9252	0.5709
927	0.5948	0.4083	1.0454	0.5877	0.9279	0.5664
928	0.5988	0.4086	1.0503	0.5906	0.9409	0.5667
929	0.6136	0.4244	1.0582	0.6068	0.9475	0.5755
930	0.601	0.4126	1.0508	0.5939	0.9394	0.5678
931	0.5986	0.4073	1.0386	0.5889	0.9339	0.5643
932	0.612	0.4258	1.0585	0.6055	0.9464	0.5802
933	0.6142	0.4257	1.0499	0.6064	0.9373	0.575
934	0.5977	0.4085	1.0472	0.5898	0.939	0.5667
935	0.5982	0.4125	1.035	0.5871	0.9229	0.5708
936	0.607	0.4241	1.031	0.587	0.9131	0.5725
937	0.6056	0.4193	1.0461	0.5991	0.9368	0.573
938	0.6067	0.4171	1.0463	0.5976	0.9346	0.5699
939	0.6052	0.4234	1.0372	0.59	0.93	0.5786
940	0.628	0.4382	1.0692	0.6186	0.966	0.5907
941	0.6	0.4119	1.0388	0.591	0.9352	0.5735
942	0.6026	0.4181	1.0309	0.587	0.9252	0.577
943	0.5905	0.4054	1.0197	0.5828	0.9141	0.5635
944	0.6447	0.4588	1.0685	0.6327	0.9695	0.602
945	0.597	0.4104	1.0191	0.5797	0.9101	0.5694
946	0.5928	0.4036	1.0311	0.5848	0.927	0.5638
947	0.6025	0.4156	1.0331	0.5949	0.9353	0.5713
948	0.5866	0.401	1.019	0.5804	0.9315	0.5648
949	0.5987	0.4135	1.0133	0.5888	0.913	0.5699
950	0.594	0.4069	1.0266	0.5863	0.9317	0.5729
951	0.5913	0.4044	1.0291	0.5839	0.9202	0.5654
952	0.5891	0.4059	1.0301	0.5818	0.9147	0.565
953	0.5887	0.4044	1.0272	0.5785	0.9108	0.5654
954	0.5933	0.4061	1.0431	0.5904	0.9355	0.5697
955	0.5911	0.4067	1.029	0.591	0.9233	0.5668
956	0.5899	0.4055	1.0386	0.5811	0.9313	0.5698
957	0.5992	0.4147	1.0238	0.5835	0.919	0.5745
958	0.6384	0.4517	1.0728	0.6278	0.9619	0.5969
959	0.5889	0.4034	1.0465	0.5872	0.9301	0.5628
960	0.5961	0.4132	1.0404	0.589	0.9357	0.5731
961	0.5997	0.4124	1.029	0.596	0.9269	0.5686
962	0.5931	0.4097	1.0434	0.5855	0.9369	0.5697
963	0.5957	0.41	1.0458	0.5878	0.9439	0.5711
964	0.6125	0.4276	1.0463	0.6076	0.9337	0.5796
965	0.6086	0.4274	1.043	0.5948	0.9343	0.5843
966	0.5865	0.4002	1.0235	0.5848	0.9132	0.5617
967	0.5902	0.4047	1.0514	0.5921	0.9369	0.5663
968	0.5839	0.3985	1.0282	0.5803	0.9252	0.5688
969	0.5911	0.4073	1.0375	0.5837	0.9255	0.5671
970	0.6026	0.4207	1.027	0.5888	0.9272	0.5804
971	0.6062	0.4205	1.0256	0.6013	0.9266	0.5794
972	0.595	0.4069	1.0521	0.5926	0.9454	0.5667
973	0.6189	0.4427	1.0306	0.6058	0.9274	0.5961
974	0.5837	0.4004	1.0189	0.5748	0.92	0.5651
975	0.6105	0.4245	1.0506	0.6052	0.9487	0.5768
976	0.5964	0.4155	1.0271	0.5892	0.9281	0.575
977	0.6028	0.4244	1.0429	0.6013	0.944	0.5836
978	0.5877	0.4021	1.0479	0.5921	0.9357	0.5595
979	0.5987	0.4143	1.0507	0.5991	0.942	0.5775
980	0.6172	0.4405	1.0447	0.61	0.9345	0.5978
981	0.6055	0.424	1.0501	0.6067	0.9442	0.5846
982	0.5914	0.4056	1.0421	0.5873	0.9387	0.571
983	0.6286	0.453	1.0484	0.6131	0.9452	0.6028
984	0.64	0.4552	1.062	0.6281	0.9641	0.5955
985	0.6108	0.43	1.0478	0.6022	0.9527	0.5871
986	0.5869	0.4006	1.0232	0.5791	0.9305	0.5667
987	0.5996	0.4165	1.0347	0.5998	0.9364	0.578
988	0.6015	0.4206	1.011	0.5862	0.9012	0.5733
989	0.6149	0.4328	1.0459	0.614	0.9483	0.5855
990	0.5852	0.4018	1.016	0.5735	0.9185	0.5663
991	0.5822	0.3994	1.0181	0.576	0.9145	0.5636
992	0.5777	0.3942	1.0222	0.5762	0.9156	0.561
993	0.5841	0.4031	1.0226	0.5814	0.9075	0.5659
994	0.5889	0.4044	1.0463	0.5865	0.9395	0.5676
995	0.5814	0.3948	1.0301	0.5777	0.9217	0.5643
996	0.6057	0.4247	1.0264	0.6009	0.9077	0.582
997	0.6022	0.4217	1.0326	0.5933	0.9252	0.5825
998	0.5849	0.4029	1.0264	0.5849	0.9151	0.5672
999	0.58	0.3978	1.02	0.5745	0.9096	0.5626
1000	0.5717	0.388	1.0258	0.5729	0.9156	0.5572
1001	0.5721	0.3886	1.0225	0.573	0.9121	0.5583
1002	0.5703	0.3865	1.0262	0.5739	0.9171	0.5562
1003	0.5741	0.3895	1.0312	0.5808	0.9239	0.5588
1004	0.5706	0.3863	1.0314	0.5772	0.9216	0.557
1005	0.5693	0.3852	1.0306	0.5746	0.9211	0.5568
1006	0.5699	0.3856	1.0332	0.5753	0.9243	0.5567
1007	0.5697	0.3869	1.0265	0.5739	0.9152	0.5576
1008	0.5686	0.3847	1.0273	0.576	0.9188	0.5564
1009	0.568	0.384	1.0296	0.5752	0.9218	0.5563
1010	0.5707	0.3857	1.037	0.5791	0.9292	0.5563
1011	0.5676	0.3837	1.0314	0.5747	0.9222	0.5549
1012	0.567	0.3843	1.0216	0.5717	0.9103	0.5546
1013	0.5668	0.383	1.024	0.5736	0.9152	0.5544
1014	0.5674	0.3839	1.0279	0.5756	0.9209	0.5564
1015	0.5744	0.3909	1.0276	0.583	0.9246	0.5628
1016	0.5718	0.3899	1.0331	0.5787	0.9281	0.5618
1017	0.5682	0.3856	1.0301	0.5729	0.9227	0.5582
1018	0.5717	0.3878	1.034	0.5818	0.9257	0.5582
1019	0.5664	0.3825	1.0299	0.5751	0.9218	0.5551
1020	0.5664	0.3832	1.0325	0.5753	0.9203	0.5546
1021	0.5668	0.384	1.0308	0.5756	0.9168	0.5552
1022	0.5709	0.3878	1.031	0.5802	0.9195	0.558
1023	0.5683	0.3848	1.0347	0.5777	0.9267	0.5578
1024	0.5699	0.3887	1.0265	0.5722	0.9162	0.5606
1025	0.5692	0.3863	1.0306	0.5798	0.9201	0.5571
1026	0.5661	0.383	1.0311	0.5765	0.924	0.5563
1027	0.5667	0.3834	1.0313	0.5766	0.925	0.5576
1028	0.5676	0.3837	1.0365	0.5794	0.9284	0.557
1029	0.5656	0.3836	1.0229	0.5707	0.9115	0.5573
1030	0.5721	0.3876	1.0429	0.5849	0.9332	0.5582
1031	0.5674	0.386	1.0248	0.5726	0.9104	0.5581
1032	0.5659	0.3831	1.0323	0.5774	0.9215	0.5559
1033	0.5704	0.3862	1.0406	0.5823	0.9323	0.5577
1034	0.5686	0.3846	1.0389	0.5804	0.9277	0.5566
1035	0.5668	0.3853	1.0324	0.5746	0.9196	0.557
1036	0.5677	0.3867	1.03	0.5741	0.919	0.5579
1037	0.5754	0.3923	1.0449	0.5874	0.9381	0.5607
1038	0.5639	0.3817	1.027	0.571	0.917	0.5537
1039	0.5687	0.3882	1.0331	0.5776	0.9203	0.5596
1040	0.5696	0.3869	1.038	0.58	0.9278	0.5593
1041	0.568	0.3849	1.0409	0.579	0.9317	0.5575
1042	0.5648	0.382	1.0299	0.574	0.9205	0.5565
1043	0.5649	0.3815	1.0366	0.5751	0.9272	0.5544
1044	0.5655	0.3822	1.0342	0.5765	0.9229	0.5548
1045	0.5631	0.3807	1.0268	0.5718	0.9142	0.5543
1046	0.5659	0.3845	1.0312	0.5749	0.9171	0.557
1047	0.5642	0.3821	1.0266	0.5726	0.9163	0.5554
1048	0.57	0.3871	1.0362	0.5807	0.9284	0.5575
1049	0.5646	0.383	1.0265	0.5735	0.9151	0.5547
1050	0.5633	0.3817	1.0213	0.569	0.9078	0.5527
1051	0.5666	0.3852	1.0317	0.5786	0.918	0.556
1052	0.5652	0.3837	1.0243	0.5747	0.9118	0.554
1053	0.567	0.3836	1.0321	0.5772	0.9247	0.5552
1054	0.5635	0.3817	1.0273	0.5722	0.9162	0.5546
1055	0.5634	0.3808	1.0323	0.5736	0.921	0.5535
1056	0.5634	0.3813	1.0285	0.5732	0.9193	0.5545
1057	0.5665	0.3839	1.0339	0.5778	0.9254	0.5557
1058	0.5679	0.3871	1.0361	0.5772	0.9231	0.5591
1059	0.5623	0.3808	1.0225	0.5701	0.9086	0.5527
1060	0.5649	0.3821	1.0311	0.5758	0.918	0.552
1061	0.5637	0.3816	1.033	0.5748	0.9197	0.5526
1062	0.5658	0.3853	1.0216	0.5695	0.9106	0.5568
1063	0.5653	0.3824	1.0299	0.5761	0.9222	0.5529
1064	0.562	0.3802	1.025	0.5706	0.9164	0.5531
1065	0.5633	0.3816	1.0255	0.5737	0.9139	0.5532
1066	0.5622	0.38	1.0252	0.5729	0.915	0.5525
1067	0.5642	0.3813	1.0365	0.5761	0.9286	0.5541
1068	0.5626	0.3807	1.0333	0.5732	0.9245	0.5548
1069	0.5627	0.3808	1.028	0.574	0.9172	0.5535
1070	0.5624	0.3803	1.0291	0.5744	0.918	0.5534
1071	0.5639	0.382	1.0365	0.5756	0.926	0.5557
1072	0.5621	0.3812	1.0238	0.5677	0.9105	0.5538
1073	0.563	0.3811	1.0275	0.5742	0.9145	0.5508
1074	0.5652	0.3839	1.0307	0.5761	0.9185	0.5555
1075	0.5618	0.3806	1.0278	0.5719	0.916	0.5544
1076	0.564	0.3813	1.0359	0.5777	0.9242	0.5534
1077	0.5615	0.3803	1.0287	0.5713	0.9158	0.5536
1078	0.563	0.3822	1.028	0.5736	0.9144	0.5562
1079	0.563	0.3802	1.0334	0.5763	0.9211	0.5533
1080	0.5676	0.3861	1.0334	0.5795	0.921	0.5573
1081	0.5634	0.3818	1.0354	0.575	0.9208	0.5543
1082	0.5617	0.3805	1.0278	0.5724	0.9107	0.552
1083	0.5738	0.3929	1.0343	0.5854	0.9194	0.5606
1084	0.5619	0.3801	1.0319	0.5741	0.9154	0.5531
1085	0.5611	0.3798	1.0283	0.5717	0.9104	0.5526
1086	0.5614	0.3791	1.0335	0.5747	0.9198	0.5522
1087	0.5626	0.3809	1.0297	0.5752	0.9159	0.5536
1088	0.5612	0.3797	1.0286	0.5738	0.915	0.5529
1089	0.5604	0.3788	1.026	0.5718	0.9132	0.5524
1090	0.561	0.3798	1.0264	0.5727	0.9125	0.5532
1091	0.563	0.3819	1.0295	0.5765	0.914	0.553
1092	0.5612	0.3805	1.0281	0.5738	0.913	0.5534
1093	0.5601	0.3792	1.025	0.5712	0.9083	0.552
1094	0.5639	0.3821	1.039	0.5794	0.9231	0.5534
1095	0.5606	0.3794	1.0272	0.5711	0.9102	0.5539
1096	0.561	0.3792	1.033	0.5758	0.9178	0.5524
1097	0.5608	0.379	1.0305	0.5749	0.9166	0.5534
1098	0.5597	0.3785	1.0319	0.5724	0.9175	0.5528
1099	0.5603	0.379	1.0351	0.5724	0.9219	0.5535
1100	0.5648	0.3824	1.0401	0.5792	0.9282	0.5556
1101	0.5599	0.3792	1.0234	0.5679	0.9081	0.5547
1102	0.5601	0.3782	1.0297	0.5727	0.9151	0.5529
1103	0.5592	0.3772	1.0298	0.5705	0.913	0.5519
1104	0.5602	0.3789	1.0297	0.572	0.9127	0.5523
1105	0.565	0.3825	1.0358	0.5779	0.9234	0.5548
1106	0.5677	0.3852	1.0449	0.5824	0.932	0.5568
1107	0.5609	0.3807	1.0301	0.5723	0.9135	0.5546
1108	0.5601	0.3778	1.0314	0.5734	0.9151	0.5526
1109	0.563	0.3805	1.04	0.5781	0.9234	0.5545
1110	0.5608	0.3805	1.0334	0.5724	0.9159	0.555
1111	0.5614	0.3812	1.0337	0.5734	0.9175	0.5558
1112	0.5652	0.3839	1.0402	0.58	0.9277	0.5564
1113	0.5611	0.3789	1.0381	0.5761	0.9236	0.5526
1114	0.562	0.3823	1.0301	0.5734	0.9117	0.5569
1115	0.5593	0.3773	1.0377	0.574	0.9194	0.5519
1116	0.5656	0.3836	1.0445	0.581	0.9257	0.5553
1117	0.5611	0.381	1.0305	0.5714	0.9106	0.5546
1118	0.5669	0.3886	1.0315	0.5756	0.9127	0.5601
1119	0.5614	0.3792	1.0382	0.5762	0.9226	0.5528
1120	0.5644	0.3828	1.0369	0.579	0.9199	0.5553
1121	0.5612	0.3811	1.0327	0.5755	0.9136	0.5553
1122	0.5611	0.3811	1.0325	0.5726	0.9161	0.5559
1123	0.5582	0.3776	1.031	0.5715	0.9161	0.5524
1124	0.5679	0.387	1.0412	0.5832	0.9269	0.557
1125	0.5605	0.3793	1.0325	0.5737	0.9161	0.5525
1126	0.5613	0.3812	1.0331	0.5729	0.9161	0.5555
1127	0.5588	0.3774	1.0332	0.5723	0.9164	0.5521
1128	0.5585	0.3776	1.03	0.571	0.9131	0.5527
1129	0.5625	0.3801	1.0355	0.5772	0.9231	0.5549
1130	0.56	0.3781	1.0336	0.5739	0.9191	0.5524
1131	0.5592	0.3789	1.0291	0.5722	0.9088	0.5517
1132	0.559	0.378	1.0283	0.5722	0.9087	0.5497
1133	0.5624	0.3802	1.0388	0.577	0.9249	0.5512
1134	0.5588	0.3776	1.0323	0.5735	0.9164	0.5504
1135	0.5577	0.3771	1.0224	0.5684	0.9061	0.5509
1136	0.5592	0.3779	1.0293	0.571	0.9165	0.5527
1137	0.5626	0.3814	1.033	0.5772	0.9213	0.5544
1138	0.5586	0.3781	1.0288	0.5711	0.9153	0.5532
1139	0.5574	0.3756	1.0268	0.5695	0.9146	0.5514
1140	0.5583	0.3776	1.0258	0.5706	0.9117	0.5524
1141	0.5614	0.38	1.0316	0.5762	0.9202	0.553
1142	0.5575	0.3765	1.0237	0.5682	0.9132	0.5517
1143	0.5603	0.3802	1.0318	0.5733	0.9202	0.5559
1144	0.5582	0.3774	1.0263	0.5718	0.9136	0.5523
1145	0.5661	0.3848	1.0347	0.5821	0.9241	0.5572
1146	0.559	0.3789	1.0349	0.5754	0.9241	0.5551
1147	0.5647	0.385	1.037	0.5828	0.9281	0.5588
1148	0.5571	0.3768	1.026	0.5721	0.9158	0.5529
1149	0.5586	0.3793	1.0273	0.5721	0.9135	0.5558
1150	0.5582	0.3775	1.0346	0.5745	0.9234	0.5542
1151	0.5672	0.3876	1.0382	0.5849	0.9263	0.5592
1152	0.5584	0.3788	1.0316	0.5745	0.9174	0.5537
1153	0.5564	0.3763	1.0258	0.5699	0.9129	0.552
1154	0.5574	0.3771	1.03	0.5726	0.9188	0.5526
1155	0.5588	0.3782	1.0285	0.5737	0.9194	0.5537
1156	0.5629	0.3823	1.0307	0.5778	0.9215	0.5573
1157	0.5567	0.3755	1.0305	0.5723	0.9163	0.5532
1158	0.5559	0.3759	1.0266	0.5711	0.9109	0.5525
1159	0.5566	0.3764	1.0273	0.5744	0.9142	0.553
1160	0.5583	0.3781	1.0299	0.5762	0.9205	0.5558
1161	0.5562	0.3763	1.0299	0.5716	0.9174	0.5544
1162	0.556	0.3756	1.0318	0.5735	0.9156	0.5519
1163	0.5552	0.3753	1.03	0.5719	0.9124	0.5516
1164	0.5575	0.3773	1.0369	0.5753	0.9209	0.5532
1165	0.5557	0.3755	1.0278	0.5696	0.9126	0.5525
1166	0.5574	0.3773	1.0258	0.5721	0.9118	0.5518
1167	0.5579	0.3774	1.0286	0.5731	0.9154	0.5516
1168	0.5574	0.3771	1.0299	0.5743	0.9155	0.5507
1169	0.5555	0.3763	1.0242	0.5703	0.9093	0.5513
1170	0.5553	0.3757	1.0247	0.5689	0.911	0.5526
1171	0.5583	0.377	1.0364	0.5769	0.9248	0.5529
1172	0.5561	0.3762	1.0307	0.5697	0.9186	0.5534
1173	0.5548	0.3749	1.0263	0.5699	0.9143	0.5511
1174	0.5563	0.3769	1.0254	0.5726	0.9098	0.5519
1175	0.5563	0.3768	1.0313	0.5735	0.917	0.5519
1176	0.5563	0.3763	1.0333	0.5735	0.922	0.5523
1177	0.5557	0.3761	1.0304	0.5728	0.916	0.5517
1178	0.5558	0.376	1.0364	0.5744	0.9211	0.552
1179	0.5543	0.3747	1.0315	0.5704	0.9159	0.5518
1180	0.5542	0.3738	1.0303	0.571	0.9149	0.5515
1181	0.5591	0.3791	1.034	0.5774	0.9177	0.5562
1182	0.5566	0.3766	1.0369	0.576	0.9202	0.5541
1183	0.5589	0.3813	1.0311	0.5706	0.9162	0.5585
1184	0.5548	0.3748	1.0321	0.5711	0.9169	0.5537
1185	0.5581	0.3784	1.0347	0.5776	0.9159	0.5529
1186	0.5543	0.374	1.0335	0.5727	0.9165	0.5516
1187	0.5562	0.3752	1.0387	0.5756	0.921	0.5522
1188	0.5546	0.3751	1.0325	0.5712	0.9138	0.5516
1189	0.5564	0.3775	1.0337	0.5751	0.9186	0.5545
1190	0.5544	0.3756	1.0271	0.5707	0.9116	0.5536
1191	0.5561	0.3763	1.0364	0.5762	0.9198	0.5528
1192	0.5546	0.375	1.0282	0.5718	0.9123	0.5511
1193	0.5549	0.3749	1.0323	0.5722	0.9184	0.5507
1194	0.559	0.3786	1.0369	0.5771	0.9219	0.5527
1195	0.5554	0.3761	1.0283	0.5705	0.9136	0.552
1196	0.5544	0.3742	1.0299	0.5721	0.9196	0.5505
1197	0.5545	0.3751	1.0287	0.5716	0.9199	0.5527
1198	0.5553	0.3744	1.0363	0.5742	0.9262	0.5526
1199	0.555	0.3751	1.0266	0.5697	0.9131	0.5525
1200	0.5544	0.3747	1.0297	0.5715	0.9149	0.5519
1201	0.5536	0.3743	1.0313	0.5716	0.9159	0.5523
1202	0.5538	0.3736	1.0349	0.5726	0.9191	0.5527
1203	0.5543	0.3735	1.0337	0.5729	0.9187	0.5516
1204	0.5556	0.3776	1.0262	0.5694	0.9099	0.5532
1205	0.5618	0.3802	1.0475	0.5834	0.9372	0.5536
1206	0.5556	0.3765	1.0295	0.5735	0.9179	0.5525
1207	0.5544	0.3758	1.03	0.5721	0.9178	0.5531
1208	0.555	0.3767	1.0317	0.5721	0.9162	0.5537
1209	0.5535	0.3735	1.0337	0.5731	0.9188	0.5514
1210	0.5531	0.3739	1.0304	0.5713	0.9152	0.552
1211	0.5533	0.3745	1.0312	0.571	0.917	0.5527
1212	0.5535	0.3743	1.031	0.5713	0.9176	0.5526
1213	0.5526	0.3733	1.0237	0.5686	0.9095	0.5513
1214	0.5585	0.3782	1.0364	0.5793	0.9236	0.553
1215	0.5541	0.3739	1.03	0.5728	0.9202	0.5508
1216	0.553	0.3737	1.0242	0.5698	0.9127	0.5506
1217	0.5547	0.3751	1.0284	0.5745	0.9143	0.5506
1218	0.5534	0.3738	1.025	0.5713	0.9094	0.5491
1219	0.5532	0.3738	1.0261	0.5695	0.9107	0.5498
1220	0.5531	0.3735	1.0226	0.5706	0.9095	0.549
1221	0.5566	0.3769	1.0267	0.5751	0.9163	0.5526
1222	0.5544	0.3744	1.025	0.5724	0.915	0.5517
1223	0.5549	0.3762	1.0278	0.5725	0.9157	0.5528
1224	0.5567	0.3789	1.0272	0.5713	0.9132	0.5537
1225	0.5532	0.3735	1.0285	0.572	0.9149	0.5491
1226	0.5544	0.3739	1.0289	0.574	0.9188	0.5504
1227	0.5582	0.3784	1.0323	0.5782	0.9185	0.5539
1228	0.5541	0.3744	1.0344	0.574	0.919	0.5504
1229	0.5528	0.3746	1.0208	0.5671	0.904	0.5506
1230	0.5527	0.3737	1.0267	0.5714	0.9113	0.5496
1231	0.5521	0.3728	1.0227	0.5702	0.9072	0.5488
1232	0.5538	0.3741	1.0309	0.575	0.9165	0.549
1233	0.5539	0.3753	1.0319	0.5701	0.9179	0.5516
1234	0.5523	0.3732	1.0341	0.5727	0.9187	0.5493
1235	0.5582	0.3795	1.0331	0.5796	0.9187	0.5532
1236	0.5535	0.3743	1.0349	0.5757	0.92	0.5499
1237	0.5523	0.3746	1.0289	0.5703	0.9127	0.5505
1238	0.5527	0.3735	1.0363	0.5738	0.9216	0.5497
1239	0.5552	0.3756	1.0351	0.5772	0.9202	0.5505
1240	0.5591	0.3788	1.0409	0.5816	0.9257	0.5519
1241	0.552	0.3738	1.0316	0.571	0.9145	0.5494
1242	0.5519	0.3739	1.0314	0.5706	0.9154	0.5501
1243	0.5541	0.375	1.0361	0.5755	0.9191	0.5505
1244	0.5549	0.3756	1.0343	0.5753	0.9188	0.5515
1245	0.552	0.3734	1.0322	0.5707	0.9151	0.5514
1246	0.5508	0.3721	1.0277	0.5693	0.9114	0.5496
1247	0.5534	0.3745	1.036	0.5758	0.9192	0.5502
1248	0.5663	0.3887	1.0449	0.5899	0.9316	0.5609
1249	0.5516	0.3731	1.0313	0.5712	0.9195	0.5511
1250	0.5574	0.3815	1.0219	0.571	0.9075	0.5565
1251	0.5528	0.3741	1.0295	0.574	0.9142	0.5497
1252	0.5578	0.382	1.0295	0.5722	0.9119	0.5571
1253	0.5507	0.3716	1.0291	0.5695	0.9125	0.5499
1254	0.5525	0.3728	1.0346	0.573	0.9174	0.5506
1255	0.5542	0.3749	1.0361	0.5751	0.9176	0.5504
1256	0.5507	0.3715	1.0347	0.5696	0.9159	0.5488
1257	0.5501	0.3719	1.0296	0.569	0.9109	0.5486
1258	0.5504	0.3719	1.0289	0.57	0.9127	0.5498
1259	0.5525	0.3733	1.0336	0.5735	0.9208	0.551
1260	0.5521	0.3729	1.0341	0.5728	0.9202	0.5506
1261	0.552	0.3735	1.0348	0.5723	0.9174	0.5506
1262	0.5508	0.3719	1.0335	0.5706	0.916	0.5486
1263	0.5602	0.381	1.043	0.5812	0.9271	0.5526
1264	0.55	0.3715	1.0301	0.5705	0.9111	0.5468
1265	0.5493	0.3711	1.0256	0.568	0.9069	0.5484
1266	0.5516	0.3734	1.0329	0.5718	0.9173	0.5509
1267	0.5558	0.3786	1.0256	0.5761	0.9133	0.5528
1268	0.5562	0.3762	1.0377	0.5788	0.9258	0.5505
1269	0.5543	0.3772	1.0213	0.5672	0.9058	0.5525
1270	0.5518	0.3731	1.0319	0.5724	0.9184	0.5496
1271	0.5522	0.3737	1.0316	0.5735	0.9189	0.55
1272	0.5545	0.3758	1.0304	0.5754	0.9188	0.5511
1273	0.551	0.3733	1.0244	0.5698	0.9115	0.5501
1274	0.5509	0.3725	1.0288	0.5706	0.9195	0.5498
1275	0.5525	0.3731	1.036	0.5739	0.9275	0.5502
1276	0.5537	0.3758	1.0266	0.5728	0.9152	0.5509
1277	0.5504	0.3719	1.031	0.5712	0.9196	0.5495
1278	0.5502	0.3718	1.0308	0.5709	0.9187	0.5512
1279	0.5518	0.3731	1.0319	0.5741	0.9204	0.5511
1280	0.5516	0.3748	1.0219	0.5687	0.9092	0.5522
1281	0.5521	0.3727	1.0369	0.5748	0.9262	0.5512
1282	0.5535	0.3752	1.0287	0.5758	0.9161	0.5514
1283	0.5585	0.3792	1.0313	0.5801	0.9206	0.5547
1284	0.5502	0.3718	1.0297	0.5708	0.918	0.55
1285	0.5545	0.3773	1.035	0.5726	0.9212	0.5543
1286	0.5499	0.3719	1.0285	0.5686	0.9142	0.5498
1287	0.5504	0.3715	1.0326	0.5719	0.9186	0.5496
1288	0.5498	0.3716	1.0301	0.5696	0.9152	0.5504
1289	0.5492	0.3705	1.026	0.5692	0.9112	0.5486
1290	0.5513	0.3735	1.0295	0.5701	0.9164	0.552
1291	0.549	0.3704	1.0253	0.5689	0.9129	0.5483
1292	0.552	0.373	1.031	0.5725	0.9193	0.5485
1293	0.5576	0.3786	1.0386	0.5785	0.9266	0.5515
1294	0.5491	0.3705	1.0269	0.5653	0.9133	0.5489
1295	0.5493	0.37	1.0339	0.5703	0.919	0.548
1296	0.5502	0.3722	1.0255	0.5675	0.911	0.5513
1297	0.5479	0.3699	1.0232	0.5675	0.9065	0.5492
1298	0.553	0.3745	1.0341	0.5756	0.9181	0.5527
1299	0.5497	0.3707	1.0382	0.5718	0.9212	0.5496
1300	0.5529	0.3757	1.0332	0.5727	0.9139	0.5538
1301	0.5569	0.3793	1.029	0.5771	0.9152	0.5554
1302	0.5486	0.3702	1.025	0.5678	0.9129	0.55
1303	0.5576	0.3822	1.0331	0.5751	0.9191	0.5584
1304	0.5488	0.3702	1.0288	0.5696	0.9144	0.5487
1305	0.5578	0.3788	1.037	0.5806	0.9244	0.5543
1306	0.5483	0.369	1.029	0.5698	0.9135	0.5475
1307	0.5511	0.3738	1.0311	0.5692	0.9139	0.5523
1308	0.5508	0.3721	1.0372	0.5732	0.9209	0.5503
1309	0.5517	0.3726	1.0361	0.5754	0.9206	0.5506
1310	0.5525	0.3732	1.0373	0.5765	0.9227	0.5514
1311	0.5502	0.3715	1.0346	0.5732	0.921	0.5509
1312	0.5493	0.3709	1.0327	0.5722	0.9163	0.5488
1313	0.5479	0.3694	1.03	0.5705	0.9134	0.5467
1314	0.5475	0.3688	1.028	0.5695	0.9116	0.5471
1315	0.548	0.3703	1.0284	0.5692	0.9135	0.5497
1316	0.5479	0.3705	1.0254	0.5687	0.9116	0.5503
1317	0.5485	0.3713	1.0204	0.5686	0.9061	0.5508
1318	0.5551	0.3756	1.0365	0.5795	0.9256	0.553
1319	0.5487	0.3703	1.0298	0.5717	0.9178	0.5502
1320	0.5497	0.3719	1.0311	0.5692	0.9184	0.5523
1321	0.5479	0.3689	1.0278	0.5695	0.9159	0.5491
1322	0.5481	0.369	1.0318	0.5699	0.92	0.5497
1323	0.5475	0.3695	1.0305	0.569	0.9172	0.5499
1324	0.5486	0.3712	1.0336	0.5701	0.9179	0.5508
1325	0.5477	0.3692	1.0345	0.5702	0.9185	0.5495
1326	0.5472	0.3686	1.0313	0.572	0.9142	0.5472
1327	0.5489	0.3708	1.0308	0.5735	0.9148	0.5474
1328	0.5477	0.37	1.0284	0.5688	0.9135	0.5493
1329	0.5498	0.3714	1.032	0.5734	0.9175	0.5508
1330	0.5493	0.371	1.0312	0.5726	0.9153	0.5497
1331	0.5459	0.3678	1.0277	0.5675	0.9119	0.5488
1332	0.5465	0.3677	1.0344	0.5707	0.9193	0.5486
1333	0.5473	0.3704	1.0294	0.5693	0.9112	0.5506
1334	0.548	0.3703	1.0328	0.5718	0.9159	0.5494
1335	0.551	0.3721	1.0376	0.575	0.9245	0.5494
1336	0.5485	0.3709	1.0337	0.5708	0.9198	0.5509
1337	0.5512	0.3754	1.0301	0.5718	0.9147	0.5541
1338	0.5465	0.3688	1.0228	0.5672	0.9086	0.5476
1339	0.5561	0.377	1.0398	0.5797	0.9245	0.5514
1340	0.5483	0.3713	1.0274	0.5668	0.9089	0.5503
1341	0.5481	0.3711	1.0301	0.5692	0.9121	0.5496
1342	0.555	0.3776	1.0334	0.5765	0.9178	0.5507
1343	0.5496	0.3715	1.0334	0.5721	0.9162	0.5467
1344	0.5476	0.3703	1.0276	0.5664	0.9092	0.5478
1345	0.5487	0.3712	1.0353	0.5689	0.9202	0.5502
1346	0.5479	0.371	1.0295	0.5661	0.9154	0.5505
1347	0.5492	0.3713	1.0312	0.5713	0.9167	0.549
1348	0.5517	0.3765	1.033	0.5708	0.9172	0.5543
1349	0.5469	0.3693	1.0316	0.5685	0.9171	0.5487
1350	0.5515	0.373	1.039	0.5754	0.926	0.5501
1351	0.5461	0.3685	1.0254	0.5666	0.9122	0.5484
1352	0.5469	0.3694	1.0324	0.5687	0.9177	0.5493
1353	0.546	0.368	1.0338	0.568	0.9161	0.5485
1354	0.547	0.3687	1.0369	0.5718	0.9189	0.5481
1355	0.5466	0.3684	1.0326	0.5701	0.9182	0.5498
1356	0.5486	0.3723	1.0314	0.5694	0.9166	0.5532
1357	0.5461	0.3685	1.0279	0.5689	0.9119	0.5483
1358	0.5459	0.3685	1.0309	0.5689	0.913	0.5483
1359	0.5515	0.3739	1.0367	0.5764	0.9189	0.5497
1360	0.5453	0.3678	1.0306	0.5682	0.9132	0.548
1361	0.551	0.3758	1.0305	0.57	0.9142	0.5554
1362	0.5451	0.368	1.0271	0.5682	0.9117	0.5486
1363	0.5476	0.3705	1.0356	0.5732	0.9213	0.5517
1364	0.544	0.3668	1.0257	0.5673	0.9101	0.5496
1365	0.5501	0.3724	1.0327	0.5746	0.9157	0.5503
1366	0.5474	0.3703	1.0303	0.571	0.9118	0.5483
1367	0.546	0.3683	1.0346	0.5694	0.9169	0.5475
1368	0.5452	0.3671	1.0324	0.5692	0.9141	0.5467
1369	0.5463	0.3692	1.0282	0.568	0.91	0.55
1370	0.5449	0.3667	1.0293	0.5671	0.9142	0.5472
1371	0.5455	0.3678	1.0315	0.5673	0.9142	0.5482
1372	0.5498	0.3705	1.0385	0.574	0.9207	0.5486
1373	0.5487	0.3713	1.029	0.571	0.9128	0.5507
1374	0.5489	0.3701	1.0383	0.5745	0.9225	0.5486
1375	0.5444	0.3673	1.0258	0.5646	0.9079	0.5485
1376	0.5443	0.367	1.0287	0.5665	0.9139	0.5482
1377	0.5449	0.368	1.0306	0.568	0.9162	0.5486
1378	0.5466	0.3705	1.0316	0.5696	0.916	0.5503
1379	0.5445	0.3669	1.0292	0.568	0.914	0.5472
1380	0.5479	0.3696	1.0329	0.5722	0.9191	0.5496
1381	0.5466	0.3694	1.0302	0.571	0.9159	0.5495
1382	0.5444	0.3677	1.0247	0.566	0.9112	0.5495
1383	0.5478	0.372	1.0304	0.5691	0.916	0.553
1384	0.5495	0.3719	1.04	0.5748	0.925	0.55
1385	0.5459	0.368	1.029	0.5681	0.9142	0.5487
1386	0.5478	0.3717	1.0313	0.5701	0.9167	0.5527
1387	0.546	0.3701	1.0215	0.5644	0.9064	0.5511
1388	0.5457	0.3686	1.0316	0.5712	0.9171	0.5484
1389	0.5512	0.3747	1.03	0.5765	0.9191	0.5523
1390	0.5459	0.3687	1.0323	0.5724	0.921	0.5494
1391	0.5473	0.372	1.0218	0.568	0.9086	0.5529
1392	0.5466	0.3685	1.028	0.5709	0.9142	0.5484
1393	0.545	0.3668	1.0279	0.5682	0.911	0.5463
1394	0.546	0.3678	1.0353	0.5703	0.9182	0.5463
1395	0.547	0.3685	1.0359	0.5717	0.9208	0.5475
1396	0.5443	0.3672	1.0307	0.5663	0.9165	0.5496
1397	0.5469	0.3716	1.028	0.5667	0.9129	0.553
1398	0.5454	0.3704	1.0262	0.5681	0.9097	0.5496
1399	0.5496	0.3727	1.0336	0.5744	0.9204	0.5517
1400	0.5483	0.3711	1.0331	0.5736	0.9212	0.5509
1401	0.5454	0.3683	1.0305	0.5693	0.9193	0.55
1402	0.5443	0.3677	1.0314	0.5695	0.9187	0.5496
1403	0.5451	0.3695	1.0276	0.5676	0.9166	0.5524
1404	0.5526	0.3757	1.0328	0.5781	0.9243	0.554
1405	0.5467	0.3694	1.0345	0.5737	0.9234	0.5492
1406	0.5457	0.369	1.0321	0.5676	0.9214	0.5518
1407	0.5448	0.3675	1.0347	0.5705	0.9248	0.5504
1408	0.5449	0.368	1.0324	0.5707	0.9226	0.552
1409	0.5455	0.3681	1.0319	0.5709	0.9211	0.5519
1410	0.5441	0.3669	1.0325	0.571	0.9185	0.549
1411	0.5444	0.3676	1.0292	0.5692	0.9131	0.5487
1412	0.5437	0.3675	1.0311	0.5667	0.9147	0.5493
1413	0.5438	0.3663	1.0336	0.5687	0.9174	0.5487
1414	0.5429	0.3666	1.0243	0.566	0.9047	0.5485
1415	0.544	0.3675	1.0314	0.5693	0.9125	0.5485
1416	0.5461	0.3688	1.0358	0.572	0.9183	0.5493
1417	0.5454	0.368	1.0304	0.5694	0.9153	0.5492
1418	0.5444	0.3679	1.0313	0.568	0.9133	0.5488
1419	0.5441	0.3669	1.0292	0.5694	0.914	0.5479
1420	0.5452	0.3672	1.0381	0.5732	0.9222	0.5473
1421	0.5482	0.3712	1.0365	0.5744	0.92	0.5505
1422	0.5435	0.3665	1.0305	0.5691	0.9121	0.5484
1423	0.5421	0.366	1.0249	0.566	0.9066	0.5488
1424	0.5476	0.3738	1.0264	0.5684	0.9065	0.5537
1425	0.5431	0.3663	1.0318	0.5688	0.912	0.5474
1426	0.55	0.3735	1.0397	0.5772	0.9211	0.5529
1427	0.5484	0.371	1.0413	0.5756	0.9227	0.5501
1428	0.5428	0.3661	1.0356	0.5683	0.9155	0.5472
1429	0.5441	0.3677	1.0371	0.5682	0.9198	0.5492
1430	0.5449	0.3672	1.0325	0.5699	0.9156	0.5464
1431	0.5553	0.3784	1.0438	0.5822	0.9245	0.552
1432	0.5422	0.366	1.0288	0.5656	0.9109	0.5472
1433	0.5443	0.3681	1.035	0.5688	0.9178	0.5491
1434	0.5418	0.3653	1.0254	0.5647	0.9046	0.5462
1435	0.5457	0.3686	1.0339	0.5718	0.9107	0.5468
1436	0.5442	0.3675	1.0341	0.5701	0.9152	0.5483
1437	0.5441	0.3671	1.0346	0.5703	0.9197	0.5478
1438	0.5424	0.3663	1.0255	0.565	0.9097	0.5478
1439	0.5469	0.3692	1.0355	0.573	0.9169	0.5483
1440	0.5434	0.3661	1.0331	0.5667	0.9163	0.5488
1441	0.543	0.3665	1.0345	0.5669	0.9186	0.5494
1442	0.5437	0.3691	1.0261	0.5643	0.908	0.5501
1443	0.5434	0.3677	1.0318	0.5693	0.9139	0.5487
1444	0.5417	0.3652	1.0285	0.5657	0.9111	0.5477
1445	0.5512	0.3744	1.0388	0.579	0.9236	0.5536
1446	0.5427	0.3657	1.0367	0.5707	0.9202	0.5482
1447	0.542	0.3671	1.0252	0.5636	0.9073	0.5503
1448	0.5427	0.3664	1.0302	0.5695	0.9124	0.5496
1449	0.544	0.3674	1.0299	0.5706	0.9138	0.5507
1450	0.5425	0.3664	1.0342	0.5695	0.9156	0.5503
1451	0.5425	0.3668	1.0347	0.5696	0.9171	0.5492
1452	0.5427	0.3668	1.0293	0.5688	0.9142	0.5496
1453	0.542	0.3665	1.025	0.5679	0.911	0.5505
1454	0.5418	0.366	1.0331	0.5686	0.9195	0.5521
1455	0.5426	0.3672	1.0343	0.569	0.9207	0.5524
1456	0.5409	0.365	1.0295	0.5681	0.9137	0.5485
1457	0.5485	0.3719	1.0373	0.5774	0.9189	0.5507
1458	0.5463	0.3705	1.0281	0.5727	0.9118	0.5521
1459	0.5483	0.3741	1.0385	0.5749	0.9244	0.5571
1460	0.5425	0.3676	1.028	0.565	0.9113	0.552
1461	0.5422	0.3665	1.0295	0.5694	0.9156	0.5497
1462	0.5429	0.3673	1.0296	0.5709	0.9147	0.5504
1463	0.5417	0.3649	1.0352	0.5702	0.9222	0.5503
1464	0.5417	0.3647	1.0378	0.5702	0.9246	0.5492
1465	0.5404	0.3642	1.0322	0.5675	0.9166	0.5481
1466	0.5411	0.3655	1.0299	0.5683	0.9115	0.5491
1467	0.5396	0.3634	1.0295	0.5668	0.9122	0.5473
1468	0.5418	0.3673	1.0279	0.5674	0.9105	0.5507
1469	0.5424	0.3655	1.0366	0.5726	0.9203	0.5486
1470	0.5428	0.3657	1.0382	0.5723	0.9234	0.5492
1471	0.5396	0.3637	1.027	0.5669	0.9093	0.5465
1472	0.5431	0.3687	1.0285	0.5694	0.9104	0.5506
1473	0.5403	0.3645	1.0286	0.5673	0.9107	0.5474
1474	0.5432	0.3661	1.0336	0.5721	0.9177	0.5468
1475	0.54	0.3639	1.0287	0.5671	0.912	0.5464
1476	0.5409	0.3657	1.0311	0.5673	0.9125	0.548
1477	0.5444	0.3675	1.0347	0.5731	0.9166	0.5475
1478	0.5397	0.3633	1.0261	0.5663	0.9095	0.5467
1479	0.5399	0.3643	1.0247	0.5652	0.9068	0.5476
1480	0.5446	0.3672	1.0387	0.5745	0.9215	0.5491
1481	0.5397	0.363	1.0288	0.5663	0.9113	0.547
1482	0.5404	0.3637	1.0341	0.5685	0.9154	0.5473
1483	0.5399	0.3641	1.0277	0.5644	0.9105	0.5478
1484	0.5407	0.3637	1.0343	0.5689	0.9201	0.5469
1485	0.5431	0.3667	1.0358	0.5727	0.9193	0.5487
1486	0.5429	0.3664	1.0307	0.571	0.9148	0.5493
1487	0.5383	0.3628	1.0273	0.5651	0.9101	0.5468
1488	0.5406	0.3643	1.0365	0.5701	0.9174	0.5463
1489	0.5386	0.3634	1.0281	0.5654	0.908	0.5468
1490	0.5395	0.3635	1.0328	0.5691	0.9147	0.5467
1491	0.5394	0.3632	1.0331	0.5685	0.9157	0.5474
1492	0.5505	0.3744	1.0402	0.5806	0.9228	0.5533
1493	0.5408	0.3644	1.0342	0.5701	0.9141	0.5454
1494	0.5384	0.3629	1.0289	0.5655	0.9075	0.5455
1495	0.5428	0.3692	1.029	0.5675	0.9083	0.5524
1496	0.5415	0.3669	1.0327	0.5697	0.9146	0.5511
1497	0.5385	0.3631	1.0275	0.5668	0.9075	0.5462
1498	0.54	0.3645	1.0331	0.5692	0.9123	0.5471
1499	0.5386	0.3631	1.0275	0.5657	0.9067	0.5466
