epoch:	train_RMSD:	train_MAE:	val_RMSD:	val_MAE:	test_RMSD:	test_MAE:
0	5.6871	4.5019	5.72	4.4638	5.7131	4.5257
1	4.4515	3.4131	4.4627	3.2877	4.7385	3.5269
2	4.1572	3.2884	4.1913	3.1738	4.3557	3.371
3	3.8191	2.9001	3.8767	2.8175	3.8833	2.92
4	3.5629	2.9552	3.6515	2.8691	3.6163	2.96
5	3.4988	2.8861	3.6107	2.8488	3.5222	2.8705
6	3.487	2.8866	3.598	2.8532	3.505	2.8685
7	3.4774	2.9111	3.58	2.864	3.5011	2.8983
8	3.4706	2.8611	3.5741	2.82	3.4852	2.8425
9	3.4526	2.8625	3.5545	2.8197	3.464	2.8412
10	3.4358	2.8335	3.5373	2.7925	3.4453	2.8126
11	3.3889	2.8189	3.4881	2.7709	3.4004	2.8012
12	3.3825	2.6901	3.4886	2.6484	3.3972	2.691
13	3.2657	2.5966	3.3676	2.5464	3.2842	2.5997
14	3.2126	2.5679	3.3088	2.5166	3.2379	2.5721
15	3.1697	2.4517	3.2705	2.4078	3.1888	2.4679
16	3.0227	2.3313	3.1253	2.2932	3.0465	2.3441
17	2.9638	2.2981	3.0627	2.2616	3.0086	2.3168
18	2.8441	2.0007	2.9758	1.9774	2.8735	2.0257
19	2.8283	1.9537	2.9701	1.9261	2.8538	1.97
20	2.6196	1.7734	2.7619	1.7515	2.6393	1.7951
21	2.5386	1.7088	2.6758	1.6761	2.561	1.7301
22	2.5309	1.7217	2.6634	1.6818	2.5412	1.7291
23	2.4768	1.6552	2.6065	1.6222	2.4923	1.6716
24	2.4373	1.6142	2.571	1.5845	2.4381	1.6272
25	2.4132	1.5888	2.5456	1.5601	2.4073	1.5983
26	2.4308	1.6107	2.5544	1.5796	2.4187	1.6102
27	2.3968	1.5708	2.5229	1.5417	2.3777	1.5672
28	2.3435	1.5297	2.4743	1.5062	2.331	1.5274
29	2.3871	1.5912	2.5199	1.5724	2.3758	1.5852
30	2.3836	1.593	2.5176	1.5783	2.372	1.5881
31	2.3352	1.5545	2.467	1.5305	2.3212	1.5443
32	2.2838	1.4877	2.4121	1.4603	2.2664	1.4811
33	2.2648	1.4636	2.3976	1.4412	2.2413	1.4551
34	2.2313	1.459	2.376	1.4358	2.2134	1.4457
35	2.1893	1.43	2.3396	1.4085	2.1756	1.4177
36	2.1783	1.4069	2.3203	1.378	2.1633	1.4002
37	2.3102	1.5697	2.443	1.5415	2.2814	1.5587
38	2.0916	1.3782	2.2705	1.3664	2.0924	1.3816
39	2.0551	1.3493	2.2417	1.339	2.0525	1.3484
40	2.0117	1.3212	2.2074	1.3095	2.0132	1.3232
41	1.9927	1.3262	2.2051	1.3273	2.0113	1.3439
42	1.9403	1.2867	2.165	1.289	1.954	1.3019
43	1.9127	1.2698	2.143	1.2686	1.9301	1.2901
44	1.8555	1.2325	2.1076	1.2433	1.8598	1.2459
45	1.878	1.274	2.1372	1.2893	1.8858	1.2801
46	1.7896	1.2044	2.0603	1.2199	1.791	1.2135
47	1.8065	1.224	2.0745	1.2376	1.8323	1.2389
48	1.8484	1.2671	2.1107	1.2834	1.8761	1.282
49	1.7435	1.183	2.0179	1.1965	1.7797	1.2033
50	1.7197	1.1705	1.9955	1.1815	1.7563	1.1962
51	1.7326	1.1758	2.0076	1.1912	1.7776	1.2024
52	1.715	1.1677	1.9944	1.1817	1.7659	1.1948
53	1.7494	1.1931	2.0233	1.2089	1.7985	1.2234
54	1.6588	1.1205	1.9431	1.1358	1.7062	1.1484
55	1.715	1.1745	1.9943	1.1921	1.7663	1.2031
56	1.6334	1.1019	1.9133	1.1138	1.6844	1.1298
57	1.7179	1.1894	1.987	1.1989	1.7516	1.2059
58	1.6131	1.0954	1.8982	1.1104	1.6632	1.1242
59	1.6022	1.09	1.8869	1.1028	1.6651	1.1244
60	1.5999	1.0777	1.882	1.0937	1.6554	1.113
61	1.6049	1.1053	1.8881	1.1184	1.6657	1.133
62	1.5794	1.0684	1.8694	1.0878	1.6515	1.1087
63	1.6119	1.0997	1.8898	1.1172	1.6658	1.1282
64	1.6722	1.1728	1.9491	1.1979	1.7464	1.2139
65	1.6787	1.1586	1.945	1.1812	1.7508	1.1933
66	1.5559	1.054	1.8403	1.074	1.6227	1.0886
67	1.5474	1.0503	1.8413	1.0813	1.6261	1.091
68	1.5655	1.0651	1.8514	1.0928	1.6505	1.1079
69	1.5211	1.0254	1.8086	1.0506	1.5996	1.0683
70	1.5264	1.0285	1.8055	1.052	1.6065	1.0727
71	1.5466	1.0619	1.8341	1.094	1.6321	1.1028
72	1.4991	1.0206	1.7861	1.0423	1.592	1.0658
73	1.4996	1.0176	1.7865	1.0403	1.5861	1.0607
74	1.4963	1.018	1.7798	1.0369	1.5904	1.0623
75	1.4795	1.0003	1.7675	1.0296	1.5719	1.0482
76	1.5004	1.028	1.7821	1.0576	1.5926	1.07
77	1.4631	0.9963	1.7508	1.0239	1.5502	1.0391
78	1.4676	1.0099	1.7496	1.0276	1.5547	1.0473
79	1.4637	1.0061	1.7464	1.0339	1.565	1.0459
80	1.4502	0.9875	1.7302	1.0114	1.5408	1.0329
81	1.4489	0.994	1.7276	1.0097	1.542	1.0317
82	1.4547	1.0045	1.7403	1.0354	1.5636	1.0469
83	1.4276	0.9778	1.7152	1.008	1.5321	1.0223
84	1.4227	0.9825	1.7048	1.0013	1.5258	1.0206
85	1.4162	0.9699	1.7046	1.0007	1.5145	1.009
86	1.4053	0.96	1.6908	0.9935	1.5049	1.0044
87	1.4874	1.0547	1.7673	1.0904	1.5925	1.0965
88	1.4921	1.043	1.7572	1.0614	1.5771	1.072
89	1.4549	1.0157	1.7218	1.0376	1.539	1.0503
90	1.4133	0.974	1.6886	1.0009	1.5064	1.0133
91	1.4298	0.9979	1.7073	1.0347	1.5351	1.039
92	1.3949	0.9703	1.6822	1.0093	1.5075	1.0168
93	1.3917	0.9636	1.6765	0.9956	1.4863	1.0052
94	1.3921	0.9652	1.6725	1.002	1.4975	1.0102
95	1.3715	0.9496	1.658	0.9742	1.4778	0.9898
96	1.4471	1.0247	1.7265	1.0626	1.5548	1.0663
97	1.4688	1.0399	1.7384	1.0723	1.5733	1.0808
98	1.5002	1.0926	1.7686	1.1279	1.613	1.1429
99	1.3583	0.9311	1.643	0.9687	1.4622	0.9773
100	1.3498	0.9323	1.6373	0.9645	1.4583	0.9751
101	1.3412	0.9307	1.6349	0.9633	1.4483	0.9756
102	1.3409	0.9268	1.6251	0.9557	1.4418	0.9709
103	1.3241	0.9202	1.6218	0.9591	1.4364	0.9681
104	1.3197	0.9122	1.6157	0.9473	1.4317	0.9575
105	1.3136	0.9106	1.6107	0.9445	1.4264	0.956
106	1.3384	0.9357	1.6349	0.9651	1.4428	0.9731
107	1.3107	0.907	1.605	0.9502	1.4164	0.9513
108	1.3345	0.9388	1.6222	0.9739	1.4456	0.9808
109	1.2914	0.895	1.5888	0.9302	1.3981	0.9325
110	1.2924	0.9034	1.5949	0.9427	1.4069	0.9466
111	1.2909	0.8908	1.5884	0.9353	1.3925	0.9314
112	1.3694	0.9826	1.6544	1.0208	1.4805	1.0262
113	1.3247	0.925	1.6127	0.9518	1.4238	0.9612
114	1.3224	0.9309	1.6108	0.9741	1.4233	0.9711
115	1.3072	0.9179	1.5994	0.947	1.4098	0.951
116	1.2768	0.8829	1.5709	0.9159	1.384	0.9218
117	1.2555	0.8682	1.558	0.9117	1.3693	0.9129
118	1.2757	0.8883	1.5665	0.9252	1.3823	0.9311
119	1.2839	0.8982	1.571	0.9321	1.3885	0.9392
120	1.2633	0.893	1.567	0.9386	1.385	0.936
121	1.2724	0.8896	1.573	0.9265	1.3806	0.9283
122	1.2877	0.9158	1.5789	0.9609	1.3997	0.96
123	1.2441	0.8751	1.5494	0.9196	1.3599	0.9166
124	1.2646	0.9048	1.5733	0.9501	1.3834	0.9479
125	1.2671	0.8861	1.5596	0.9193	1.3716	0.9265
126	1.2362	0.8577	1.5369	0.8995	1.3469	0.8999
127	1.2205	0.847	1.5218	0.8895	1.3315	0.8877
128	1.227	0.8728	1.5369	0.915	1.3537	0.9106
129	1.2124	0.8532	1.5272	0.9034	1.3385	0.8955
130	1.2369	0.8689	1.5375	0.9026	1.3501	0.9082
131	1.2788	0.9095	1.5696	0.9538	1.3903	0.9551
132	1.2097	0.8465	1.5221	0.8867	1.3364	0.8873
133	1.3947	1.0208	1.6676	1.0426	1.4961	1.0404
134	1.2783	0.9089	1.565	0.9355	1.3849	0.9389
135	1.2146	0.8491	1.5138	0.8944	1.3298	0.8918
136	1.2007	0.8403	1.5226	0.8895	1.3299	0.8817
137	1.2443	0.9079	1.5616	0.9664	1.3752	0.9528
138	1.2121	0.8747	1.5301	0.9309	1.346	0.9205
139	1.2139	0.8534	1.5045	0.8901	1.3273	0.8931
140	1.1745	0.8163	1.4895	0.8649	1.3007	0.8625
141	1.2104	0.867	1.5307	0.9267	1.344	0.9147
142	1.2279	0.8792	1.5293	0.9287	1.3524	0.9249
143	1.1768	0.8241	1.5001	0.8726	1.3112	0.8703
144	1.1739	0.8204	1.4876	0.8755	1.3058	0.8734
145	1.1959	0.8488	1.5081	0.91	1.33	0.9037
146	1.1626	0.8103	1.4781	0.8529	1.2949	0.8504
147	1.1551	0.8066	1.4686	0.8601	1.2861	0.8541
148	1.1493	0.8003	1.4645	0.8499	1.2793	0.8454
149	1.1437	0.7998	1.461	0.8502	1.2794	0.8439
150	1.1565	0.82	1.4823	0.8783	1.3039	0.8676
151	1.1526	0.8191	1.4752	0.8795	1.2923	0.8673
152	1.1342	0.7962	1.462	0.8519	1.2746	0.8416
153	1.1249	0.789	1.4546	0.8401	1.2697	0.8329
154	1.1369	0.7947	1.4626	0.8431	1.2855	0.8422
155	1.121	0.7832	1.4488	0.8319	1.269	0.8263
156	1.1782	0.8338	1.4947	0.8761	1.3218	0.8702
157	1.1423	0.8122	1.461	0.865	1.2789	0.8544
158	1.1211	0.7842	1.4651	0.8464	1.2763	0.8344
159	1.121	0.7949	1.463	0.8585	1.2733	0.8414
160	1.1376	0.8032	1.4596	0.8603	1.28	0.8539
161	1.1237	0.7889	1.449	0.8515	1.2663	0.8409
162	1.1111	0.7747	1.4353	0.821	1.2492	0.8096
163	1.1239	0.796	1.4727	0.8584	1.2842	0.8417
164	1.115	0.7828	1.4567	0.8397	1.2631	0.826
165	1.0906	0.7624	1.4277	0.8246	1.2382	0.8096
166	1.1209	0.7878	1.4465	0.836	1.2629	0.8346
167	1.0852	0.7629	1.4288	0.8279	1.2353	0.8111
168	1.175	0.842	1.4831	0.8963	1.3029	0.8912
169	1.1109	0.7924	1.4711	0.8675	1.2778	0.8441
170	1.155	0.8271	1.4899	0.876	1.3041	0.8595
171	1.0866	0.7625	1.418	0.823	1.2299	0.8077
172	1.1241	0.7876	1.4375	0.8443	1.258	0.8346
173	1.0768	0.7556	1.4255	0.8172	1.2341	0.8045
174	1.0824	0.7656	1.4466	0.837	1.2436	0.8104
175	1.0851	0.7629	1.4251	0.8145	1.2321	0.8059
176	1.0703	0.7508	1.4208	0.824	1.2182	0.7973
177	1.0713	0.7469	1.4125	0.8031	1.2176	0.7876
178	1.0711	0.7563	1.4148	0.8249	1.2228	0.8091
179	1.0569	0.7439	1.4065	0.8117	1.2092	0.7906
180	1.0632	0.7536	1.4176	0.8252	1.2257	0.8063
181	1.0982	0.775	1.4335	0.8279	1.2449	0.8165
182	1.1332	0.8123	1.452	0.8788	1.2635	0.8596
183	1.1547	0.8212	1.4783	0.8706	1.2959	0.8549
184	1.0649	0.7473	1.4329	0.8218	1.2437	0.8007
185	1.0672	0.7464	1.3995	0.7999	1.2097	0.7938
186	1.0399	0.7253	1.397	0.7955	1.1915	0.7732
187	1.0575	0.7512	1.4106	0.8262	1.2121	0.8055
188	1.0445	0.7306	1.3913	0.7931	1.1955	0.7782
189	1.069	0.7606	1.4183	0.8371	1.222	0.8161
190	1.0503	0.7487	1.4228	0.8263	1.222	0.7991
191	1.0345	0.7321	1.3926	0.8019	1.1982	0.7821
192	1.0341	0.7264	1.3823	0.7963	1.1958	0.7866
193	1.0964	0.7908	1.4418	0.8745	1.2559	0.8529
194	1.0642	0.7477	1.4131	0.8077	1.2211	0.7869
195	1.0488	0.7381	1.3927	0.8113	1.2003	0.7948
196	1.023	0.7146	1.3725	0.7793	1.1711	0.7573
197	1.2132	0.8896	1.5291	0.9396	1.347	0.9155
198	1.13	0.8034	1.4529	0.8491	1.2661	0.8336
199	1.1217	0.7961	1.435	0.86	1.2524	0.8468
200	1.0397	0.7452	1.3982	0.8248	1.2018	0.8013
201	1.0365	0.7373	1.3898	0.8147	1.1971	0.7913
202	1.0161	0.7084	1.3698	0.7787	1.1803	0.7639
203	1.0244	0.7162	1.3603	0.7738	1.1791	0.7692
204	1.0104	0.7037	1.369	0.7821	1.1721	0.7637
205	1.013	0.7126	1.3831	0.7854	1.188	0.7665
206	1.0088	0.705	1.3638	0.7747	1.1724	0.7582
207	1.0106	0.713	1.3735	0.7812	1.1833	0.7703
208	1.0125	0.7154	1.378	0.7819	1.1856	0.7656
209	1.0592	0.7564	1.3982	0.8312	1.213	0.8192
210	1.0915	0.7785	1.4219	0.8299	1.2366	0.8154
211	1.128	0.8262	1.4509	0.8993	1.2655	0.882
212	1.1442	0.8415	1.4626	0.9131	1.2806	0.8937
213	1.0388	0.7323	1.379	0.7924	1.1886	0.7769
214	1.0488	0.7519	1.3967	0.8285	1.2018	0.8088
215	1.0038	0.7098	1.3771	0.7941	1.1719	0.7713
216	0.995	0.6975	1.3554	0.7689	1.1647	0.7564
217	1.0177	0.7172	1.3689	0.7803	1.185	0.7746
218	1.0075	0.7115	1.3735	0.7988	1.181	0.7771
219	0.9887	0.6906	1.3476	0.7592	1.1603	0.7468
220	0.9823	0.6881	1.3507	0.7554	1.1571	0.7392
221	1.0171	0.7275	1.3653	0.7993	1.1813	0.7919
222	1.0173	0.7213	1.3786	0.7892	1.1835	0.7639
223	0.9986	0.7051	1.3524	0.7786	1.1554	0.76
224	0.9817	0.6858	1.3427	0.7582	1.1423	0.7345
225	0.9853	0.6915	1.3522	0.7609	1.1563	0.7471
226	0.9806	0.6921	1.353	0.7781	1.1539	0.7614
227	0.9718	0.6781	1.3332	0.7499	1.1398	0.7362
228	0.9968	0.7083	1.344	0.7736	1.1607	0.7632
229	0.994	0.6993	1.3543	0.7662	1.1623	0.7442
230	0.9963	0.7031	1.368	0.7774	1.1737	0.7564
231	0.9919	0.6954	1.3584	0.7662	1.1659	0.7478
232	0.9649	0.6705	1.3285	0.7483	1.1362	0.7328
233	1.0285	0.7358	1.3837	0.8013	1.1985	0.782
234	0.9919	0.708	1.3503	0.7875	1.1681	0.7789
235	0.9609	0.6738	1.3351	0.7451	1.1415	0.7297
236	0.9807	0.6995	1.3616	0.7827	1.1626	0.7686
237	0.961	0.6723	1.3382	0.753	1.1426	0.7358
238	0.9616	0.6757	1.3287	0.7537	1.139	0.7432
239	0.9735	0.6874	1.3235	0.7545	1.1469	0.7567
240	0.9766	0.6834	1.3302	0.7586	1.1462	0.749
241	0.9762	0.6939	1.3458	0.7677	1.1592	0.7608
242	0.9883	0.6929	1.3238	0.7505	1.153	0.7472
243	1.0028	0.7062	1.3634	0.7951	1.1773	0.7849
244	0.9853	0.6971	1.3371	0.761	1.1582	0.7537
245	0.9542	0.6671	1.3192	0.7466	1.1314	0.7383
246	1.0179	0.7337	1.3673	0.8	1.1904	0.781
247	0.9528	0.6686	1.3153	0.7426	1.1331	0.7372
248	0.9509	0.6623	1.3153	0.7432	1.1253	0.7283
249	0.9443	0.6601	1.3053	0.7324	1.1205	0.7277
250	0.9394	0.6583	1.3114	0.7396	1.1203	0.7273
251	0.9794	0.6916	1.3396	0.7637	1.1562	0.7498
252	0.9488	0.6694	1.3138	0.742	1.125	0.7312
253	1.0175	0.7263	1.3633	0.8102	1.1811	0.8011
254	1.0345	0.754	1.3794	0.818	1.2002	0.7914
255	1.0046	0.7185	1.3461	0.7917	1.1717	0.7914
256	0.9802	0.6936	1.3363	0.7631	1.1495	0.7468
257	0.9358	0.6572	1.3042	0.7317	1.1157	0.7241
258	0.9343	0.6578	1.3193	0.7417	1.1239	0.7322
259	0.9661	0.6828	1.3294	0.7699	1.1428	0.7635
260	0.9494	0.6631	1.3126	0.7343	1.1221	0.7169
261	0.9328	0.6535	1.2964	0.7241	1.1175	0.7206
262	0.9318	0.6521	1.3064	0.7278	1.1206	0.7207
263	0.9345	0.6587	1.2995	0.73	1.1111	0.7199
264	0.9815	0.6967	1.3281	0.7749	1.1459	0.7692
265	0.976	0.6902	1.3307	0.759	1.1468	0.7391
266	0.9513	0.6749	1.3155	0.7586	1.132	0.7535
267	0.9264	0.6504	1.3066	0.7278	1.1157	0.7182
268	0.9454	0.6605	1.2933	0.7282	1.1198	0.7309
269	0.9383	0.6572	1.3001	0.7349	1.1142	0.7328
270	0.9268	0.6508	1.3027	0.7296	1.1163	0.723
271	0.9192	0.643	1.3057	0.7264	1.1135	0.7094
272	0.9659	0.684	1.3155	0.7618	1.1463	0.7651
273	0.9417	0.6632	1.3116	0.7488	1.1252	0.741
274	0.9561	0.6703	1.316	0.745	1.1355	0.7318
275	0.9372	0.6561	1.3138	0.7407	1.122	0.7336
276	0.9644	0.6756	1.311	0.7429	1.1375	0.734
277	0.939	0.6667	1.3089	0.749	1.1253	0.7455
278	0.9271	0.6535	1.3062	0.742	1.1217	0.7355
279	0.9438	0.6612	1.2945	0.7335	1.1207	0.7308
280	0.9254	0.6499	1.2938	0.7349	1.1132	0.7319
281	0.9512	0.6937	1.3189	0.7826	1.1334	0.7759
282	0.9607	0.6748	1.3075	0.746	1.1255	0.7297
283	0.9192	0.6438	1.2883	0.7277	1.1068	0.7251
284	0.9123	0.6408	1.2904	0.7183	1.1041	0.7117
285	0.9154	0.6422	1.2876	0.7285	1.1051	0.7279
286	0.9056	0.6334	1.2721	0.7122	1.0953	0.7096
287	0.9779	0.692	1.313	0.7566	1.1419	0.7418
288	0.9817	0.7003	1.3451	0.7913	1.1621	0.784
289	0.9451	0.6605	1.3057	0.7351	1.127	0.7244
290	0.9094	0.6352	1.275	0.7131	1.0963	0.7028
291	0.9148	0.6413	1.2814	0.7235	1.1048	0.7259
292	0.9127	0.6387	1.2846	0.7162	1.1053	0.7023
293	0.8957	0.6254	1.2742	0.7057	1.0982	0.7087
294	0.9058	0.6359	1.2723	0.712	1.0943	0.7128
295	0.8984	0.6261	1.2651	0.7043	1.0857	0.703
296	0.8976	0.6274	1.2831	0.7092	1.0993	0.7013
297	0.9258	0.6583	1.3016	0.7464	1.1208	0.7453
298	0.9085	0.6391	1.2742	0.7191	1.0962	0.7109
299	0.8897	0.6214	1.27	0.7014	1.0838	0.6939
300	0.9744	0.7149	1.342	0.8122	1.1638	0.8087
301	0.908	0.637	1.2752	0.7146	1.0921	0.6995
302	0.9147	0.6513	1.2814	0.7357	1.1014	0.736
303	0.8944	0.622	1.2532	0.6997	1.0758	0.6972
304	0.8917	0.6238	1.2623	0.7063	1.0808	0.7046
305	0.9356	0.6686	1.2985	0.755	1.1237	0.7572
306	0.9325	0.6606	1.285	0.7327	1.111	0.7165
307	0.9388	0.6704	1.3116	0.7619	1.1341	0.7649
308	0.9192	0.6441	1.2814	0.7205	1.1049	0.7079
309	0.9181	0.6449	1.2819	0.7276	1.1056	0.733
310	0.8804	0.6151	1.2556	0.696	1.0734	0.6874
311	0.9615	0.6931	1.3199	0.7832	1.1465	0.785
312	0.9518	0.684	1.3025	0.759	1.1241	0.7357
313	1.1722	0.8741	1.4813	0.9537	1.321	0.9504
314	1.113	0.8399	1.4206	0.9165	1.2609	0.9128
315	1.0005	0.7367	1.3386	0.8193	1.1691	0.8161
316	0.9169	0.6498	1.2879	0.7395	1.1049	0.7379
317	0.9222	0.6496	1.2786	0.7277	1.1019	0.712
318	0.9179	0.6436	1.2699	0.717	1.1007	0.7279
319	0.9182	0.6488	1.2877	0.7287	1.1048	0.7157
320	0.8807	0.6176	1.2679	0.7124	1.0822	0.7034
321	0.8768	0.6111	1.2416	0.6918	1.065	0.6886
322	0.8767	0.6108	1.2454	0.6916	1.0632	0.6841
323	0.8722	0.6154	1.2565	0.7022	1.0714	0.6981
324	0.8688	0.6053	1.2418	0.6848	1.0647	0.6901
325	0.8639	0.6004	1.2429	0.6812	1.0628	0.6802
326	0.8775	0.6153	1.265	0.7006	1.0793	0.6896
327	0.8702	0.6088	1.2492	0.695	1.0649	0.6912
328	0.8668	0.6052	1.2408	0.685	1.0611	0.685
329	0.8742	0.6076	1.2428	0.6899	1.065	0.6794
330	0.8903	0.6299	1.2689	0.7215	1.0863	0.7178
331	0.8669	0.6067	1.2492	0.698	1.0689	0.6949
332	0.8664	0.6033	1.243	0.6925	1.0651	0.6828
333	0.8967	0.6324	1.2554	0.7149	1.0863	0.7208
334	0.8796	0.6197	1.2619	0.7073	1.082	0.6967
335	0.8581	0.5966	1.2372	0.6847	1.0605	0.678
336	0.871	0.6098	1.2302	0.6895	1.0613	0.6892
337	0.8767	0.6138	1.2356	0.6963	1.0665	0.6891
338	0.857	0.5985	1.2338	0.6849	1.0604	0.6741
339	0.8593	0.6015	1.2377	0.6874	1.0682	0.6923
340	0.8946	0.636	1.2692	0.7206	1.094	0.7037
341	0.8492	0.5913	1.2276	0.6751	1.056	0.6768
342	0.8675	0.6068	1.241	0.6957	1.0651	0.6986
343	0.8527	0.5922	1.2264	0.6755	1.049	0.6756
344	0.8606	0.608	1.2533	0.7027	1.063	0.6933
345	0.905	0.6366	1.2657	0.7141	1.094	0.7042
346	0.9406	0.6685	1.2934	0.7508	1.1255	0.7589
347	0.8539	0.5965	1.2254	0.6816	1.052	0.6841
348	0.8768	0.6184	1.2535	0.7137	1.0758	0.7143
349	0.8716	0.6089	1.2294	0.6905	1.0602	0.6823
350	0.8648	0.6041	1.228	0.685	1.0566	0.6953
351	0.8644	0.6033	1.2332	0.6901	1.0587	0.6824
352	0.8936	0.6341	1.2581	0.7225	1.0894	0.7305
353	0.9472	0.68	1.292	0.7578	1.127	0.7393
354	0.9449	0.6789	1.3021	0.7737	1.1359	0.7775
355	0.8854	0.6223	1.2364	0.6966	1.0774	0.698
356	0.9654	0.6864	1.2919	0.7618	1.136	0.7723
357	0.8804	0.6167	1.2367	0.7015	1.0686	0.6866
358	0.893	0.6373	1.262	0.7343	1.097	0.7389
359	0.8827	0.6296	1.2425	0.7111	1.079	0.6994
360	0.8487	0.596	1.2271	0.6844	1.057	0.6899
361	0.8461	0.5902	1.2207	0.6769	1.0441	0.6778
362	0.8766	0.6137	1.2251	0.6957	1.062	0.6913
363	0.8576	0.6017	1.2349	0.6905	1.0573	0.6875
364	0.8513	0.5901	1.2197	0.6768	1.0487	0.676
365	0.8519	0.5996	1.2186	0.6849	1.0467	0.672
366	0.8607	0.6117	1.2428	0.7158	1.0724	0.7105
367	0.871	0.6074	1.2267	0.689	1.0646	0.6806
368	0.859	0.6024	1.2315	0.6969	1.059	0.6975
369	0.8555	0.5976	1.2133	0.6795	1.0534	0.691
370	0.8402	0.5875	1.2103	0.6737	1.0428	0.6781
371	0.8839	0.6267	1.2457	0.7101	1.0812	0.701
372	0.8355	0.5859	1.2185	0.6847	1.0434	0.6798
373	0.8309	0.5782	1.198	0.6649	1.0311	0.6691
374	0.8369	0.5859	1.2092	0.6768	1.0327	0.6692
375	0.8519	0.5956	1.2187	0.6865	1.0519	0.6904
376	0.825	0.5741	1.2064	0.668	1.0342	0.663
377	0.8462	0.5903	1.2171	0.6807	1.0484	0.6738
378	0.8503	0.5999	1.2186	0.6864	1.0517	0.6746
379	0.842	0.5886	1.203	0.6777	1.0498	0.6881
380	0.8189	0.5684	1.1916	0.6586	1.0307	0.6607
381	0.8233	0.5761	1.2042	0.6682	1.0352	0.6629
382	0.8849	0.6383	1.2537	0.7388	1.0838	0.7372
383	0.8333	0.5875	1.1984	0.6716	1.0321	0.6654
384	0.8365	0.5818	1.1998	0.6733	1.0395	0.6767
385	0.8262	0.5776	1.2031	0.6749	1.0339	0.6666
386	0.8236	0.5744	1.1934	0.6634	1.0312	0.6658
387	0.8203	0.573	1.1892	0.66	1.0258	0.6605
388	0.8324	0.5789	1.2011	0.6725	1.0395	0.6763
389	0.8308	0.5838	1.2069	0.6764	1.0438	0.6731
390	0.8324	0.5798	1.1964	0.6713	1.0386	0.6633
391	0.8379	0.5864	1.1974	0.6745	1.0423	0.6844
392	0.8242	0.5771	1.2088	0.6767	1.0353	0.6686
393	0.8209	0.5728	1.2022	0.6673	1.0316	0.6654
394	0.8632	0.6169	1.2436	0.7198	1.0669	0.7151
395	0.8255	0.5741	1.1947	0.6652	1.0289	0.662
396	0.8373	0.5954	1.2021	0.6844	1.0401	0.673
397	0.8147	0.5651	1.1805	0.6544	1.0219	0.6555
398	0.8173	0.5705	1.1981	0.6682	1.0282	0.6603
399	0.8284	0.5749	1.1983	0.6695	1.0331	0.6657
400	0.87	0.6161	1.2333	0.7161	1.0675	0.7122
401	0.8455	0.6045	1.2036	0.6899	1.0393	0.6826
402	0.8749	0.6212	1.2218	0.7039	1.0637	0.695
403	0.8729	0.6235	1.2346	0.72	1.0739	0.7262
404	0.8712	0.6258	1.2227	0.7086	1.0681	0.6995
405	0.8992	0.6512	1.256	0.7511	1.0923	0.7521
406	0.9986	0.7404	1.3236	0.8102	1.1687	0.792
407	0.8726	0.6148	1.2162	0.6977	1.0581	0.6846
408	0.8555	0.6054	1.2183	0.7019	1.0627	0.7091
409	0.8154	0.572	1.1823	0.6647	1.0236	0.6584
410	0.8409	0.5905	1.1869	0.6772	1.0413	0.6899
411	0.8174	0.5763	1.1891	0.6724	1.02	0.6609
412	0.8159	0.5656	1.1898	0.6638	1.0241	0.6603
413	0.8159	0.5704	1.1931	0.6678	1.024	0.6654
414	0.8076	0.5607	1.1787	0.6566	1.017	0.6599
415	0.8021	0.5584	1.1756	0.6545	1.0169	0.6598
416	0.8341	0.5857	1.2009	0.6787	1.0415	0.6754
417	0.8149	0.5698	1.1812	0.6639	1.0224	0.666
418	0.816	0.5688	1.1839	0.6622	1.0248	0.6588
419	0.832	0.5836	1.2014	0.6775	1.0458	0.6764
420	0.7987	0.5534	1.1738	0.6527	1.0154	0.6548
421	0.8202	0.5735	1.1788	0.6677	1.0257	0.674
422	0.8037	0.5577	1.1739	0.6537	1.0185	0.6587
423	0.7995	0.5535	1.1725	0.6504	1.014	0.6542
424	0.7909	0.5494	1.1768	0.6506	1.0119	0.6508
425	0.798	0.5535	1.1656	0.6477	1.01	0.6553
426	0.7956	0.5527	1.1715	0.6504	1.0077	0.6471
427	0.8583	0.611	1.2289	0.7129	1.0662	0.7192
428	0.8019	0.5621	1.1872	0.6635	1.0217	0.6633
429	0.8489	0.6	1.2214	0.6927	1.0603	0.6873
430	0.8148	0.5695	1.1917	0.6701	1.0306	0.6736
431	0.8088	0.5681	1.1774	0.6623	1.0201	0.658
432	0.8087	0.5624	1.1725	0.6589	1.0188	0.6589
433	0.8079	0.5646	1.1895	0.6677	1.0253	0.6673
434	0.7982	0.5593	1.173	0.6628	1.0177	0.6697
435	0.8184	0.5753	1.2019	0.6805	1.0387	0.6798
436	0.7913	0.5478	1.1681	0.6495	1.013	0.6535
437	0.8335	0.5884	1.1916	0.6803	1.0381	0.6722
438	0.7872	0.5488	1.1723	0.6532	1.0089	0.6508
439	0.7907	0.5498	1.1738	0.6581	1.0116	0.6576
440	0.7933	0.5517	1.1749	0.6542	1.0126	0.6512
441	0.806	0.5608	1.1663	0.6549	1.0159	0.6588
442	0.7836	0.5447	1.1636	0.6431	1.0063	0.6463
443	0.7896	0.5508	1.174	0.6582	1.0131	0.6573
444	0.7974	0.5559	1.1666	0.6561	1.0076	0.6533
445	0.8021	0.561	1.1745	0.6619	1.0149	0.6639
446	0.783	0.5418	1.1662	0.6476	1.0061	0.6517
447	0.7951	0.5584	1.1683	0.6566	1.008	0.6523
448	0.8881	0.6425	1.2426	0.7453	1.0875	0.7451
449	0.9083	0.6587	1.2505	0.7406	1.1045	0.7314
450	0.9942	0.7326	1.3245	0.8216	1.169	0.8192
451	0.8252	0.5826	1.1885	0.6729	1.0371	0.6708
452	0.7857	0.5468	1.1734	0.6549	1.0062	0.6457
453	0.7863	0.547	1.1744	0.6543	1.0096	0.6512
454	0.8406	0.5916	1.1997	0.6872	1.0449	0.6932
455	0.8276	0.5926	1.1768	0.6767	1.0266	0.6748
456	0.8058	0.5656	1.1861	0.6727	1.0245	0.6739
457	0.8155	0.5706	1.192	0.6664	1.037	0.6677
458	0.7855	0.5463	1.1764	0.6516	1.0155	0.6529
459	0.7957	0.5553	1.1602	0.6535	1.01	0.6526
460	0.915	0.6818	1.2374	0.754	1.1012	0.7478
461	0.9665	0.7201	1.3133	0.8243	1.1575	0.822
462	0.8136	0.5752	1.1784	0.6768	1.0234	0.6793
463	0.7913	0.5558	1.1585	0.6516	1.0043	0.6481
464	0.7796	0.5423	1.1591	0.6467	1.0032	0.6456
465	0.8084	0.5688	1.1776	0.6698	1.0213	0.6741
466	0.7854	0.5468	1.1691	0.649	1.0085	0.6465
467	0.7811	0.5453	1.166	0.6535	1.0079	0.6565
468	0.7954	0.5617	1.1643	0.6574	1.0096	0.6526
469	0.8769	0.6283	1.2307	0.7294	1.0731	0.7292
470	0.8273	0.5903	1.1923	0.6807	1.0383	0.6749
471	0.8522	0.6277	1.2277	0.7407	1.0718	0.7389
472	0.8227	0.5817	1.183	0.6767	1.03	0.6669
473	0.7845	0.5499	1.1584	0.6526	1.0026	0.6493
474	0.7779	0.5425	1.1579	0.6469	1.0039	0.6489
475	0.7853	0.5472	1.1606	0.6465	1.005	0.6473
476	0.7719	0.5379	1.1571	0.6457	0.9947	0.6417
477	0.7746	0.5364	1.1545	0.6429	0.9973	0.6431
478	0.7733	0.5421	1.1556	0.6439	1.0007	0.6407
479	0.7794	0.5405	1.1496	0.641	1.0048	0.6506
480	0.7903	0.5532	1.1676	0.6555	1.0196	0.6636
481	0.7975	0.5634	1.1698	0.6659	1.0221	0.6628
482	0.7901	0.5576	1.1657	0.6627	1.0164	0.67
483	0.7937	0.5551	1.152	0.6517	1.0098	0.6576
484	0.8293	0.5881	1.1825	0.6842	1.0328	0.6877
485	0.8031	0.5642	1.1707	0.6645	1.0214	0.6634
486	0.79	0.5576	1.1727	0.666	1.0135	0.6673
487	0.7655	0.5322	1.1492	0.6415	0.9983	0.6483
488	0.7634	0.5278	1.1455	0.6339	0.992	0.6365
489	0.7603	0.5263	1.1462	0.6359	0.9906	0.6336
490	0.7632	0.5299	1.1434	0.638	0.9906	0.6385
491	0.7741	0.5408	1.1426	0.6436	0.9983	0.6427
492	0.7781	0.5433	1.158	0.6546	1.002	0.6526
493	0.7614	0.5267	1.148	0.6371	0.9914	0.639
494	0.7678	0.5343	1.1378	0.6391	0.9925	0.6394
495	0.7545	0.5232	1.1475	0.6328	0.9961	0.6379
496	0.7594	0.5248	1.1311	0.6264	0.9856	0.6317
497	0.7577	0.5227	1.1371	0.6293	0.9837	0.6302
498	0.7537	0.5228	1.1396	0.6329	0.9829	0.6278
499	0.7523	0.5198	1.1386	0.6306	0.9874	0.6361
500	0.7981	0.5574	1.1581	0.6559	1.0203	0.6569
501	0.7553	0.5248	1.1427	0.6344	0.991	0.631
502	0.8412	0.5974	1.2013	0.7044	1.0546	0.7119
503	0.8457	0.6101	1.1782	0.6927	1.0413	0.6914
504	0.8443	0.6079	1.2098	0.7183	1.0605	0.7202
505	0.7701	0.5379	1.1445	0.6401	0.9974	0.6463
506	0.7666	0.5344	1.1412	0.6433	0.9947	0.645
507	0.769	0.5359	1.1541	0.6447	1.0018	0.6441
508	0.7548	0.5218	1.1336	0.6308	0.9866	0.6338
509	0.7594	0.5326	1.1431	0.6403	0.9963	0.645
510	0.7767	0.5491	1.1436	0.647	0.9985	0.648
511	0.7939	0.5608	1.161	0.6668	1.0211	0.6779
512	0.748	0.5192	1.1239	0.6245	0.9794	0.6308
513	0.7601	0.5303	1.1355	0.6325	0.9899	0.6353
514	0.7731	0.5476	1.1656	0.6639	1.0093	0.6651
515	0.771	0.5424	1.1438	0.6498	1.0011	0.6641
516	0.7519	0.5263	1.1371	0.6359	0.9888	0.6371
517	0.7621	0.5372	1.1245	0.6359	0.9834	0.6393
518	0.7716	0.5436	1.1303	0.6437	0.9898	0.6462
519	0.7872	0.5585	1.1538	0.6602	1.0052	0.6538
520	0.7564	0.5281	1.1385	0.6356	0.9899	0.6409
521	0.7586	0.5346	1.1395	0.6465	0.9951	0.6527
522	0.796	0.5639	1.1656	0.6722	1.0212	0.6818
523	0.7842	0.559	1.1335	0.6529	0.9999	0.6586
524	0.7858	0.5534	1.158	0.6607	1.0092	0.6651
525	0.7525	0.5225	1.1332	0.6317	0.9852	0.6374
526	0.8358	0.6153	1.2165	0.7333	1.0649	0.7363
527	0.7987	0.566	1.1733	0.6719	1.0291	0.6709
528	0.7546	0.527	1.131	0.6359	0.9938	0.6471
529	0.7778	0.5473	1.1437	0.656	1.0033	0.66
530	0.7711	0.542	1.1414	0.6427	0.9951	0.6417
531	0.766	0.5405	1.1491	0.652	1.0002	0.6575
532	0.7765	0.5464	1.1366	0.6456	1.0008	0.6509
533	0.7434	0.518	1.1278	0.6308	0.9802	0.6377
534	0.7731	0.553	1.1405	0.6523	0.9987	0.6507
535	0.7674	0.5419	1.1564	0.66	1.0074	0.6681
536	0.7594	0.535	1.1495	0.6471	1.0021	0.6592
537	0.7354	0.5087	1.1227	0.6225	0.9807	0.635
538	0.7481	0.5224	1.1137	0.6258	0.9783	0.6329
539	0.7449	0.5177	1.1333	0.6372	0.983	0.6386
540	0.7655	0.5456	1.1457	0.6544	1.0027	0.6702
541	0.7432	0.5182	1.116	0.6262	0.9777	0.6353
542	0.7504	0.5272	1.1165	0.6275	0.9805	0.6361
543	0.8331	0.6025	1.1917	0.7079	1.0523	0.7172
544	0.8542	0.6298	1.1864	0.7177	1.0561	0.7166
545	0.7803	0.5577	1.1546	0.6662	1.0101	0.6753
546	0.7602	0.5371	1.1249	0.6469	0.9849	0.6429
547	0.7547	0.528	1.1367	0.6425	0.9838	0.6456
548	0.7411	0.5175	1.1194	0.6261	0.9801	0.6383
549	0.8093	0.5854	1.1525	0.6801	1.0282	0.6821
550	0.7925	0.5655	1.1609	0.6741	1.0146	0.6771
551	0.7421	0.5131	1.1104	0.6204	0.9729	0.6287
552	0.7685	0.5481	1.1324	0.6515	0.9944	0.6503
553	0.7824	0.5602	1.1511	0.6716	1.0094	0.6826
554	0.7669	0.5392	1.1337	0.6425	1.0014	0.6474
555	0.7554	0.5321	1.1367	0.6443	0.9923	0.6555
556	0.739	0.5164	1.1289	0.6354	0.9793	0.6367
557	0.7645	0.5414	1.1241	0.6447	0.9927	0.6465
558	0.8117	0.5852	1.1781	0.6987	1.0442	0.7081
559	0.7511	0.5299	1.1202	0.6406	0.9859	0.6398
560	0.7366	0.5144	1.1262	0.6348	0.9819	0.6341
561	0.7894	0.5629	1.1497	0.6706	1.0115	0.6827
562	0.762	0.5401	1.1339	0.6515	0.9908	0.6445
563	0.7729	0.5573	1.1579	0.6779	1.0103	0.6826
564	0.7233	0.5	1.1075	0.6148	0.9661	0.6195
565	0.7408	0.52	1.1219	0.633	0.9789	0.6311
566	0.8432	0.6327	1.1968	0.7434	1.0651	0.7564
567	0.7412	0.5229	1.1243	0.637	0.9844	0.6364
568	0.7389	0.5174	1.1291	0.6378	0.9937	0.6503
569	0.7438	0.5201	1.1216	0.6346	0.9819	0.6473
570	0.7322	0.5107	1.1243	0.6314	0.9792	0.6371
571	0.7493	0.5237	1.1217	0.6331	0.9881	0.6347
572	0.7217	0.5012	1.1118	0.6209	0.9721	0.6263
573	0.7454	0.5239	1.1234	0.6406	0.9788	0.6388
574	0.8038	0.5732	1.1754	0.6913	1.0271	0.6913
575	0.7243	0.5024	1.1103	0.6217	0.9682	0.6281
576	0.7356	0.5182	1.115	0.6332	0.9761	0.632
577	0.7272	0.5071	1.1125	0.6249	0.9748	0.6336
578	0.7589	0.543	1.1262	0.6519	0.9905	0.6476
579	0.831	0.6038	1.1887	0.7142	1.0494	0.7221
580	0.8539	0.6312	1.1852	0.7224	1.0576	0.7162
581	0.7902	0.5777	1.1659	0.6982	1.0183	0.7041
582	0.7403	0.5243	1.117	0.6365	0.9809	0.6358
583	0.7699	0.5455	1.1401	0.659	1.0031	0.6756
584	0.7805	0.5642	1.1402	0.6673	1.0074	0.6643
585	0.7435	0.5229	1.1263	0.6418	0.9806	0.651
586	0.7276	0.5048	1.1061	0.6187	0.9677	0.6297
587	0.7341	0.5147	1.1181	0.6345	0.9784	0.6359
588	0.7191	0.5008	1.1029	0.6178	0.9633	0.6212
589	0.7296	0.5071	1.111	0.6234	0.9726	0.6308
590	0.7253	0.5103	1.1143	0.6263	0.9717	0.632
591	0.7262	0.5052	1.0983	0.6178	0.9627	0.6259
592	0.73	0.5138	1.1085	0.6312	0.9732	0.6275
593	0.734	0.5173	1.1136	0.6346	0.979	0.6334
594	0.717	0.4987	1.095	0.6116	0.9626	0.621
595	0.7348	0.5133	1.1229	0.6343	0.9857	0.6428
596	0.7218	0.5037	1.0992	0.6155	0.9671	0.6321
597	0.7209	0.5095	1.0993	0.6282	0.9608	0.6241
598	0.7613	0.5438	1.1268	0.6568	0.9949	0.6735
599	0.7569	0.5436	1.1177	0.6524	0.9917	0.6527
600	0.7274	0.5092	1.1026	0.6273	0.9713	0.6394
601	0.7762	0.5538	1.1411	0.6673	1.0097	0.6754
602	0.7415	0.5205	1.1099	0.6354	0.984	0.6403
603	0.7631	0.5415	1.1344	0.6591	0.9966	0.6638
604	0.7754	0.5563	1.1372	0.666	1.0088	0.6626
605	0.7527	0.54	1.1311	0.6614	0.9982	0.6742
606	0.7206	0.5048	1.1034	0.6248	0.9701	0.6265
607	0.7223	0.5023	1.096	0.6193	0.9696	0.6317
608	0.7265	0.5081	1.116	0.633	0.9741	0.6373
609	0.7514	0.5379	1.1068	0.6455	0.9787	0.6468
610	0.7077	0.4949	1.0954	0.6177	0.9618	0.6278
611	0.7066	0.4904	1.0949	0.6107	0.9638	0.6269
612	0.7061	0.4892	1.0963	0.6126	0.9604	0.6233
613	0.7086	0.4919	1.0824	0.611	0.9559	0.6181
614	0.7119	0.4992	1.0878	0.6208	0.9579	0.6243
615	0.7193	0.5057	1.0942	0.6217	0.9666	0.6374
616	0.7451	0.5299	1.1106	0.6398	0.982	0.6428
617	0.7105	0.4967	1.0946	0.6174	0.9599	0.6283
618	0.7508	0.5373	1.1174	0.651	0.9929	0.6668
619	0.7026	0.4888	1.0787	0.6051	0.9494	0.6137
620	0.707	0.4921	1.0882	0.6133	0.9546	0.6243
621	0.7057	0.4927	1.0927	0.6126	0.9564	0.6204
622	0.7064	0.4907	1.0991	0.6147	0.958	0.6196
623	0.7073	0.493	1.0918	0.6156	0.9557	0.6182
624	0.699	0.4846	1.0859	0.6078	0.9477	0.6136
625	0.7196	0.5025	1.0848	0.6174	0.9664	0.627
626	0.6964	0.4845	1.0879	0.6161	0.9543	0.6166
627	0.7159	0.5022	1.0981	0.6208	0.9637	0.6347
628	0.7067	0.4945	1.0937	0.6191	0.9601	0.6244
629	0.7113	0.5048	1.1087	0.6348	0.9745	0.643
630	0.717	0.5052	1.0947	0.626	0.9714	0.6444
631	0.6916	0.4795	1.08	0.6072	0.9521	0.6143
632	0.7289	0.5201	1.0917	0.6322	0.9698	0.6354
633	0.7063	0.4971	1.102	0.6326	0.9632	0.6379
634	0.7168	0.5029	1.0866	0.6165	0.9676	0.6304
635	0.7309	0.5163	1.1028	0.6371	0.9755	0.6368
636	0.7248	0.5102	1.1085	0.6338	0.9672	0.6398
637	0.6987	0.4863	1.0874	0.6101	0.9448	0.6173
638	0.7037	0.4897	1.094	0.6227	0.9513	0.6271
639	0.7148	0.5059	1.0888	0.6248	0.9489	0.6227
640	0.7154	0.5041	1.0962	0.628	0.9625	0.6402
641	0.7083	0.4984	1.0909	0.6176	0.9554	0.6191
642	0.7243	0.5123	1.0939	0.6286	0.9686	0.6399
643	0.7002	0.4876	1.0811	0.6123	0.9506	0.6268
644	0.724	0.5118	1.1123	0.6412	0.9746	0.634
645	0.7077	0.4932	1.0813	0.6149	0.953	0.6174
646	0.7033	0.4968	1.084	0.6202	0.9471	0.62
647	0.7049	0.4921	1.071	0.6139	0.9465	0.6197
648	0.7368	0.522	1.1235	0.6521	0.99	0.6551
649	0.7599	0.5404	1.1147	0.6504	0.9918	0.6487
650	0.6972	0.4853	1.0767	0.6104	0.9525	0.6223
651	0.7606	0.5416	1.1202	0.6603	0.987	0.6601
652	0.6928	0.4833	1.077	0.6104	0.9501	0.6194
653	0.6895	0.482	1.0745	0.6046	0.9493	0.6166
654	0.7163	0.5032	1.0859	0.623	0.9612	0.6264
655	0.7068	0.5002	1.0809	0.6234	0.9548	0.6228
656	0.7054	0.4925	1.0904	0.6187	0.9591	0.6272
657	0.6827	0.4723	1.0743	0.6059	0.9431	0.612
658	0.692	0.4841	1.0732	0.6075	0.9429	0.6151
659	0.6846	0.4738	1.0663	0.6024	0.9409	0.6163
660	0.6784	0.4726	1.0732	0.6023	0.9436	0.6106
661	0.7119	0.504	1.0856	0.6236	0.9652	0.6263
662	0.689	0.4821	1.0814	0.615	0.9536	0.6267
663	0.6928	0.4831	1.075	0.6102	0.9464	0.6186
664	0.744	0.5437	1.0947	0.6596	0.9784	0.6602
665	0.6984	0.4902	1.0686	0.6095	0.9458	0.6176
666	0.6908	0.4802	1.0667	0.607	0.9422	0.6159
667	0.6967	0.4895	1.0928	0.6224	0.9618	0.6328
668	0.7298	0.5192	1.1073	0.6392	0.9803	0.6376
669	0.6851	0.4729	1.0813	0.6021	0.9456	0.6106
670	0.7008	0.4908	1.0792	0.61	0.9514	0.6228
671	0.6862	0.481	1.0868	0.6162	0.9566	0.621
672	0.6824	0.4726	1.0717	0.604	0.9511	0.6151
673	0.6839	0.4762	1.063	0.6027	0.9389	0.6092
674	0.6897	0.4879	1.07	0.6111	0.939	0.6104
675	0.6848	0.4804	1.0835	0.6149	0.9533	0.6233
676	0.6791	0.4721	1.0624	0.5991	0.9457	0.6146
677	0.6936	0.4912	1.0719	0.6203	0.9555	0.6219
678	0.6865	0.4805	1.0697	0.6124	0.948	0.6155
679	0.7127	0.5049	1.0798	0.6274	0.9567	0.6365
680	0.6941	0.4889	1.0671	0.6189	0.9398	0.6149
681	0.7556	0.5523	1.106	0.6711	0.9903	0.6636
682	0.7506	0.5375	1.1117	0.6595	0.9898	0.6642
683	0.7092	0.5099	1.0673	0.6302	0.9504	0.6345
684	0.6841	0.4772	1.0569	0.6049	0.9354	0.6146
685	0.7044	0.497	1.0853	0.6257	0.9596	0.636
686	0.6854	0.4803	1.0632	0.6073	0.9365	0.6069
687	0.7102	0.5066	1.0654	0.6277	0.9485	0.6304
688	0.7209	0.5262	1.0975	0.6523	0.9784	0.6649
689	0.7133	0.5073	1.0759	0.6282	0.9637	0.6321
690	0.6768	0.4747	1.0642	0.6062	0.9455	0.6217
691	0.6774	0.4731	1.0609	0.5978	0.942	0.6153
692	0.6912	0.4916	1.0729	0.6221	0.9569	0.6407
693	0.6859	0.4832	1.0649	0.612	0.9477	0.6165
694	0.682	0.4789	1.0512	0.6023	0.9364	0.609
695	0.6681	0.4666	1.0582	0.6031	0.9406	0.6073
696	0.6699	0.4683	1.0663	0.6049	0.9453	0.6162
697	0.6723	0.4673	1.0548	0.6008	0.936	0.6065
698	0.673	0.4708	1.0615	0.607	0.9418	0.6162
699	0.7484	0.5373	1.1061	0.656	0.9904	0.6548
700	0.6964	0.4893	1.073	0.6238	0.9533	0.6269
701	0.6813	0.4795	1.0546	0.6043	0.938	0.6108
702	0.7276	0.5175	1.0954	0.6443	0.975	0.6482
703	0.6895	0.4878	1.0676	0.6185	0.9525	0.6193
704	0.6773	0.4721	1.0487	0.5929	0.9399	0.6054
705	0.6806	0.4783	1.077	0.6165	0.9531	0.6233
706	0.7073	0.5078	1.0736	0.6317	0.9601	0.6289
707	0.7051	0.5093	1.0934	0.6441	0.969	0.6511
708	0.6727	0.4722	1.0666	0.6051	0.9468	0.6102
709	0.6895	0.4865	1.0689	0.6162	0.9502	0.6201
710	0.7172	0.5114	1.0788	0.6305	0.9645	0.6406
711	0.7149	0.5107	1.0844	0.6421	0.966	0.6378
712	0.7038	0.5042	1.0747	0.6281	0.9628	0.6493
713	0.69	0.4928	1.0856	0.6292	0.9517	0.635
714	0.6739	0.4695	1.0553	0.5994	0.9327	0.6078
715	0.6698	0.4658	1.0535	0.5987	0.9379	0.6069
716	0.668	0.4658	1.0577	0.6007	0.9348	0.6085
717	0.6697	0.4639	1.05	0.593	0.9349	0.6092
718	0.6723	0.4706	1.0525	0.6068	0.9331	0.6096
719	0.68	0.4762	1.0558	0.6079	0.9364	0.6112
720	0.6638	0.4648	1.049	0.5977	0.9297	0.5998
721	0.6625	0.4616	1.0445	0.5934	0.934	0.6104
722	0.6855	0.4824	1.0823	0.6166	0.9581	0.6242
723	0.6688	0.467	1.0489	0.5993	0.938	0.6072
724	0.6929	0.4949	1.0643	0.6219	0.9544	0.6244
725	0.6974	0.496	1.0627	0.6174	0.9567	0.6231
726	0.6768	0.4826	1.0766	0.6247	0.9534	0.626
727	0.6628	0.4637	1.0492	0.6	0.936	0.6058
728	0.6683	0.4695	1.0514	0.601	0.9325	0.604
729	0.7485	0.5384	1.1048	0.6583	0.9986	0.6722
730	0.6743	0.4759	1.0472	0.6037	0.9369	0.6071
731	0.6643	0.4621	1.0378	0.6011	0.9263	0.6055
732	0.6612	0.4624	1.043	0.5945	0.93	0.6062
733	0.6903	0.4924	1.0704	0.6216	0.9602	0.6335
734	0.6912	0.494	1.0652	0.6193	0.9559	0.6338
735	0.686	0.4865	1.0732	0.6221	0.9526	0.6303
736	0.6632	0.4647	1.039	0.5922	0.925	0.5979
737	0.6577	0.4605	1.0413	0.5964	0.9268	0.5995
738	0.7081	0.508	1.0802	0.6386	0.9719	0.6446
739	0.6568	0.4595	1.0534	0.6014	0.9279	0.5967
740	0.6563	0.4565	1.0542	0.597	0.9362	0.6015
741	0.6485	0.4497	1.0428	0.5883	0.9275	0.5957
742	0.6629	0.4649	1.0473	0.6034	0.9333	0.5985
743	0.6489	0.4514	1.0368	0.5902	0.9263	0.5989
744	0.6578	0.4608	1.0571	0.6041	0.9401	0.6079
745	0.697	0.5032	1.0634	0.6299	0.9556	0.6275
746	0.6803	0.477	1.045	0.5992	0.9402	0.6153
747	0.6499	0.4541	1.0478	0.5978	0.9324	0.6059
748	0.6518	0.4553	1.0362	0.5947	0.9253	0.6027
749	0.6557	0.4591	1.0415	0.596	0.9278	0.6023
750	0.6736	0.4773	1.0453	0.6066	0.9414	0.6178
751	0.6891	0.4945	1.0442	0.6151	0.945	0.6215
752	0.7177	0.5151	1.0907	0.6475	0.9744	0.6515
753	0.6706	0.4718	1.0426	0.6044	0.9358	0.6098
754	0.6634	0.4723	1.0501	0.6136	0.9346	0.6122
755	0.6644	0.4643	1.0363	0.6007	0.9304	0.6076
756	0.6514	0.4558	1.0459	0.5993	0.9358	0.6033
757	0.689	0.4982	1.0714	0.6358	0.9657	0.6461
758	0.659	0.4624	1.0408	0.5986	0.9316	0.6088
759	0.6414	0.4477	1.0366	0.5919	0.9192	0.5915
760	0.6625	0.4661	1.0555	0.6116	0.9383	0.615
761	0.6855	0.4876	1.0435	0.6074	0.939	0.6174
762	0.6596	0.4682	1.0425	0.6053	0.923	0.6036
763	0.6981	0.5028	1.0875	0.6482	0.966	0.6446
764	0.6547	0.4609	1.032	0.5973	0.9222	0.6007
765	0.6472	0.4527	1.0357	0.5915	0.918	0.5916
766	0.7024	0.5046	1.084	0.6454	0.9696	0.6445
767	0.6882	0.4951	1.0389	0.6157	0.9384	0.6212
768	0.6985	0.5054	1.0635	0.6382	0.9591	0.6335
769	0.675	0.4791	1.0463	0.6114	0.9397	0.6139
770	0.8203	0.6168	1.1682	0.741	1.0614	0.7408
771	0.7205	0.5279	1.0788	0.6536	0.9765	0.6501
772	0.6577	0.4612	1.0399	0.5928	0.9289	0.6044
773	0.712	0.5171	1.082	0.6526	0.9661	0.6581
774	0.7275	0.5256	1.0866	0.6484	0.9771	0.6426
775	0.7555	0.5572	1.1197	0.693	1.0034	0.692
776	0.7184	0.523	1.0657	0.6432	0.9624	0.6426
777	0.7688	0.5676	1.1317	0.7058	1.0103	0.6989
778	0.7407	0.549	1.0889	0.6673	0.9813	0.6617
779	0.721	0.5244	1.0929	0.6586	0.9835	0.6674
780	0.6853	0.4909	1.0515	0.6197	0.9447	0.6205
781	0.6423	0.4515	1.0395	0.5965	0.9227	0.6006
782	0.6548	0.4615	1.0369	0.6005	0.9248	0.6026
783	0.6485	0.4532	1.0253	0.5841	0.9235	0.5989
784	0.6605	0.4687	1.0592	0.6161	0.9498	0.6229
785	0.6563	0.461	1.0384	0.6004	0.936	0.6061
786	0.6672	0.4704	1.0459	0.6078	0.9384	0.6185
787	0.6452	0.4549	1.0292	0.5972	0.9244	0.5986
788	0.655	0.4626	1.0448	0.6071	0.9432	0.6164
789	0.6444	0.4495	1.0236	0.5846	0.925	0.5976
790	0.6438	0.4522	1.0457	0.6033	0.9338	0.6071
791	0.6378	0.4468	1.0277	0.5884	0.9241	0.5917
792	0.6403	0.4488	1.0274	0.5941	0.9227	0.6015
793	0.6858	0.4897	1.0726	0.6316	0.9612	0.6327
794	0.652	0.4587	1.0235	0.5922	0.9213	0.5951
795	0.6411	0.452	1.0266	0.5978	0.9234	0.601
796	0.6439	0.4533	1.0313	0.5904	0.9273	0.6035
797	0.638	0.4466	1.033	0.5933	0.9244	0.5993
798	0.6956	0.5048	1.0608	0.635	0.9596	0.6342
799	0.6419	0.453	1.0325	0.596	0.9254	0.6055
800	0.6472	0.4564	1.0414	0.6064	0.9325	0.6131
801	0.6503	0.4609	1.0258	0.5947	0.9272	0.5998
802	0.6678	0.4737	1.0404	0.6098	0.9372	0.6163
803	0.7189	0.5316	1.0828	0.664	0.974	0.6676
804	0.6299	0.4405	1.0239	0.5887	0.9158	0.593
805	0.6367	0.4435	1.0174	0.5839	0.92	0.5924
806	0.6349	0.4445	1.0243	0.5867	0.9117	0.592
807	0.6302	0.4403	1.0203	0.5874	0.9105	0.5933
808	0.6319	0.4422	1.0156	0.5858	0.9114	0.5896
809	0.6391	0.4489	1.0236	0.5928	0.92	0.6006
810	0.6391	0.4496	1.0255	0.5964	0.9195	0.5954
811	0.6315	0.4422	1.0242	0.5893	0.9157	0.5939
812	0.6348	0.4442	1.0174	0.5844	0.9156	0.5946
813	0.6461	0.4581	1.0323	0.6061	0.9277	0.6036
814	0.659	0.473	1.0244	0.6037	0.9309	0.6099
815	0.6843	0.4956	1.0682	0.6379	0.9551	0.6377
816	0.6328	0.4436	1.0288	0.5959	0.9184	0.593
817	0.706	0.5064	1.0533	0.626	0.9538	0.6301
818	0.6506	0.4622	1.0524	0.6232	0.9298	0.6163
819	0.6545	0.4657	1.0282	0.6021	0.9285	0.6084
820	0.6501	0.4611	1.0383	0.6069	0.931	0.6059
821	0.6457	0.4531	1.0224	0.5892	0.9265	0.6003
822	0.6654	0.4805	1.0586	0.6289	0.9524	0.632
823	0.6287	0.4392	1.0136	0.5828	0.912	0.5909
824	0.6387	0.4465	1.0226	0.5904	0.9216	0.5992
825	0.6525	0.4695	1.0404	0.6148	0.939	0.624
826	0.6316	0.4436	1.0339	0.5969	0.9264	0.6011
827	0.6334	0.4429	1.0084	0.5805	0.9126	0.5925
828	0.631	0.4426	1.0217	0.5928	0.9171	0.5942
829	0.6256	0.4391	1.0238	0.5959	0.9093	0.5885
830	0.6356	0.4476	1.0109	0.5925	0.9094	0.5941
831	0.6292	0.4407	1.0154	0.5902	0.9134	0.5921
832	0.6399	0.4537	1.0241	0.6033	0.9237	0.6027
833	0.6447	0.4564	1.0301	0.6022	0.9367	0.6085
834	0.6502	0.4594	1.0365	0.6062	0.9307	0.6081
835	0.6462	0.4587	1.0294	0.5994	0.927	0.605
836	0.638	0.4524	1.0204	0.601	0.9217	0.6017
837	0.6193	0.4348	1.0085	0.5863	0.916	0.5918
838	0.6142	0.4284	1.0089	0.5799	0.9127	0.5919
839	0.7346	0.5435	1.0739	0.6618	0.9839	0.6631
840	0.6322	0.4439	1.0181	0.592	0.9164	0.5985
841	0.6312	0.4447	1.0109	0.5868	0.9128	0.5969
842	0.6408	0.4555	1.0144	0.5959	0.9119	0.5965
843	0.6848	0.5031	1.035	0.6295	0.9449	0.6325
844	0.6366	0.4484	1.025	0.5979	0.932	0.6061
845	0.6365	0.45	1.0148	0.5922	0.9273	0.6006
846	0.6818	0.5014	1.0322	0.6318	0.9439	0.6305
847	0.722	0.5384	1.0859	0.6757	0.9864	0.6751
848	0.6177	0.4342	1.0027	0.5841	0.9055	0.5847
849	0.6371	0.4505	1.0044	0.5901	0.9156	0.5953
850	0.6305	0.4502	1.017	0.5949	0.9262	0.6101
851	0.6272	0.4423	1.0183	0.5942	0.9184	0.5928
852	0.6273	0.4381	1.007	0.5812	0.9084	0.5915
853	0.631	0.4469	1.0099	0.5923	0.9208	0.5983
854	0.6797	0.488	1.0463	0.6265	0.9559	0.6271
855	0.642	0.467	1.0175	0.6138	0.9198	0.6062
856	0.6211	0.4356	1.0051	0.5847	0.9066	0.5893
857	0.6184	0.4348	1.005	0.5834	0.9079	0.591
858	0.6223	0.4373	1.004	0.5808	0.9121	0.5889
859	0.6327	0.4548	1.0171	0.5962	0.9279	0.614
860	0.6807	0.4836	1.0373	0.6112	0.9422	0.621
861	0.6464	0.4641	1.0339	0.6126	0.9325	0.6124
862	0.6178	0.4336	1.0033	0.5844	0.9062	0.5837
863	0.6202	0.4369	1.0052	0.5802	0.9141	0.5961
864	0.6499	0.4622	1.0281	0.6034	0.9343	0.6105
865	0.6143	0.4323	1.0035	0.5858	0.9053	0.5858
866	0.6193	0.4329	1.0073	0.5776	0.9115	0.5879
867	0.6449	0.4639	1.0228	0.6071	0.9287	0.6188
868	0.6624	0.4794	1.0454	0.6225	0.9458	0.629
869	0.639	0.4559	1.0182	0.5968	0.9247	0.6098
870	0.6177	0.4323	0.996	0.574	0.9058	0.586
871	0.6364	0.4527	1.0246	0.6033	0.9109	0.6006
872	0.6505	0.4691	1.0192	0.6132	0.9212	0.605
873	0.6168	0.4316	0.9965	0.5777	0.9009	0.5895
874	0.631	0.4469	1.0243	0.6024	0.9265	0.6034
875	0.6166	0.4336	0.9975	0.576	0.9129	0.5933
876	0.6478	0.464	1.0326	0.612	0.9399	0.6167
877	0.6324	0.4482	1.0057	0.5895	0.9224	0.6017
878	0.6061	0.4236	0.9973	0.5769	0.9021	0.5838
879	0.6134	0.4323	0.9942	0.5795	0.909	0.5848
880	0.606	0.4224	1.001	0.5768	0.9058	0.5853
881	0.6164	0.4325	0.9929	0.5746	0.9091	0.5911
882	0.6155	0.4347	0.9982	0.581	0.9141	0.589
883	0.6153	0.4306	0.9936	0.584	0.9095	0.59
884	0.6133	0.4308	0.9953	0.5806	0.9066	0.5912
885	0.6011	0.4209	0.9945	0.579	0.9075	0.5836
886	0.6142	0.4308	1.0097	0.5903	0.9099	0.5834
887	0.6515	0.4694	1.0283	0.6097	0.9406	0.6202
888	0.6328	0.4479	1.0083	0.5942	0.9225	0.602
889	0.6066	0.4276	0.987	0.5784	0.9039	0.5843
890	0.6006	0.42	0.9921	0.5718	0.9023	0.5838
891	0.6055	0.4233	0.9855	0.5693	0.9039	0.5839
892	0.6405	0.4605	1.0201	0.6083	0.9315	0.6086
893	0.6579	0.4758	1.0352	0.6219	0.9456	0.6297
894	0.7083	0.5423	1.0612	0.674	0.9861	0.6878
895	0.6181	0.4382	0.9899	0.5817	0.9101	0.5988
896	0.6116	0.428	0.9846	0.5719	0.904	0.5871
897	0.6925	0.5007	1.0526	0.641	0.9616	0.6389
898	0.6148	0.4339	0.986	0.5786	0.9071	0.5892
899	0.6269	0.4459	0.9997	0.5865	0.9162	0.5938
900	0.6492	0.4724	1.0255	0.6192	0.9328	0.6291
901	0.6059	0.428	0.9973	0.5816	0.9014	0.5843
902	0.6674	0.4768	1.0191	0.6072	0.9324	0.613
903	0.647	0.4726	1.0371	0.6211	0.9468	0.6308
904	0.6089	0.4297	0.9952	0.5811	0.9066	0.5856
905	0.6114	0.4302	0.9924	0.5815	0.8996	0.5873
906	0.6088	0.4294	0.9908	0.5775	0.905	0.5852
907	0.6007	0.4205	0.9965	0.5822	0.9031	0.5817
908	0.5973	0.418	0.9868	0.5714	0.9058	0.5816
909	0.6151	0.4351	0.9967	0.584	0.9091	0.5935
910	0.6107	0.4343	1.0058	0.5936	0.9146	0.5907
911	0.6009	0.4245	0.9906	0.5732	0.9018	0.588
912	0.6396	0.4606	1.0286	0.6151	0.9285	0.6217
913	0.6038	0.4239	0.9987	0.5801	0.9025	0.5819
914	0.6113	0.4338	0.985	0.5828	0.9021	0.584
915	0.6051	0.4315	0.9805	0.5799	0.8997	0.5843
916	0.6125	0.4341	1.0022	0.5942	0.9111	0.5972
917	0.6013	0.4241	0.9789	0.569	0.8979	0.5845
918	0.6059	0.4269	0.9917	0.5822	0.9078	0.589
919	0.5973	0.4201	0.9948	0.5804	0.9058	0.5843
920	0.5999	0.4213	0.9878	0.5709	0.8945	0.5781
921	0.6018	0.4228	0.9868	0.5738	0.901	0.5807
922	0.5994	0.4213	0.9963	0.5768	0.9011	0.5797
923	0.6218	0.4426	0.9991	0.5909	0.9086	0.5962
924	0.603	0.4275	0.9973	0.581	0.9062	0.5894
925	0.626	0.4501	1.0101	0.6033	0.9237	0.6101
926	0.7477	0.5752	1.091	0.7041	1.0137	0.7106
927	0.7184	0.5302	1.059	0.6548	0.9765	0.6549
928	0.6139	0.4331	1.0007	0.5853	0.9115	0.5944
929	0.6244	0.4493	1.0031	0.5901	0.9269	0.611
930	0.6751	0.4862	1.0291	0.6216	0.9454	0.6227
931	0.6254	0.4478	1.0147	0.5997	0.9318	0.6088
932	0.5982	0.4189	0.9786	0.5699	0.8977	0.5802
933	0.6087	0.4318	0.9963	0.5864	0.9091	0.5944
934	0.5904	0.4147	0.9897	0.5727	0.9054	0.5858
935	0.6436	0.4619	1.0078	0.5998	0.9259	0.6059
936	0.5918	0.4146	0.9799	0.5709	0.9028	0.5837
937	0.6224	0.4493	0.9998	0.5953	0.9168	0.6037
938	0.5966	0.4197	0.9886	0.5787	0.8979	0.5867
939	0.6769	0.4927	1.0228	0.623	0.9495	0.6316
940	0.6954	0.52	1.0583	0.6622	0.9782	0.6678
941	0.6014	0.4279	0.9992	0.5886	0.9114	0.5962
942	0.5909	0.4144	0.9817	0.5679	0.894	0.5721
943	0.6198	0.4447	1.0025	0.5946	0.9144	0.6006
944	0.6666	0.4867	1.0243	0.6288	0.9416	0.6238
945	0.6582	0.4784	1.0252	0.6211	0.9466	0.6287
946	0.6032	0.429	0.9996	0.5945	0.9094	0.5879
947	0.6003	0.4262	0.9703	0.5707	0.8997	0.5824
948	0.5972	0.4196	0.9744	0.5728	0.9012	0.5843
949	0.5817	0.4068	0.9668	0.5602	0.8871	0.5685
950	0.6129	0.4347	0.9967	0.5879	0.9131	0.5917
951	0.5957	0.4211	0.9933	0.5878	0.9089	0.5897
952	0.6024	0.4283	0.9765	0.5734	0.9027	0.5827
953	0.6052	0.4281	0.9839	0.5802	0.9063	0.5953
954	0.5871	0.4122	0.962	0.5624	0.8919	0.5747
955	0.6173	0.4527	0.9889	0.6057	0.9097	0.6004
956	0.5996	0.4243	0.9845	0.5815	0.9026	0.586
957	0.612	0.4389	0.9808	0.5859	0.9052	0.6038
958	0.5901	0.4154	0.9722	0.5694	0.8956	0.5748
959	0.6503	0.4841	1.0015	0.6269	0.9325	0.6249
960	0.6782	0.5151	1.045	0.6613	0.9743	0.6775
961	0.7147	0.5324	1.0347	0.6482	0.9767	0.6541
962	0.6122	0.4338	0.9964	0.593	0.9243	0.5963
963	0.5979	0.4208	0.9613	0.5602	0.8958	0.5771
964	0.5966	0.4217	0.9739	0.5743	0.8965	0.5783
965	0.603	0.4377	0.9734	0.589	0.9008	0.5909
966	0.6003	0.4236	0.9745	0.5688	0.9001	0.5819
967	0.5828	0.4107	0.9731	0.5687	0.8936	0.5748
968	0.6133	0.4383	0.9803	0.5871	0.9115	0.5901
969	0.6142	0.4399	0.9867	0.589	0.9169	0.6043
970	0.6141	0.4372	0.986	0.5946	0.9169	0.5904
971	0.6023	0.4246	0.9695	0.5689	0.901	0.5829
972	0.5778	0.4055	0.9689	0.5655	0.8965	0.5693
973	0.5844	0.409	0.9739	0.5719	0.898	0.5788
974	0.6072	0.4306	0.9763	0.5752	0.9118	0.5892
975	0.598	0.4257	0.9954	0.5915	0.909	0.5954
976	0.5771	0.4054	0.9646	0.5642	0.8918	0.5755
977	0.5979	0.4234	0.9754	0.5767	0.907	0.5828
978	0.6017	0.436	0.9884	0.597	0.9164	0.6098
979	0.5885	0.4174	0.9813	0.5811	0.9096	0.5858
980	0.5922	0.4187	0.9896	0.5862	0.9085	0.5853
981	0.5897	0.4198	0.9722	0.5758	0.8972	0.5889
982	0.6076	0.4405	0.9981	0.6007	0.9244	0.6113
983	0.6513	0.4729	1.0209	0.6224	0.9471	0.6225
984	0.599	0.4269	0.9897	0.5843	0.9186	0.5967
985	0.5875	0.4167	0.9715	0.5758	0.9019	0.5898
986	0.5825	0.4117	0.9714	0.5698	0.8921	0.58
987	0.6286	0.4557	1.019	0.6158	0.9313	0.6127
988	0.5798	0.4076	0.9709	0.5727	0.8987	0.5753
989	0.5876	0.4127	0.97	0.5648	0.8904	0.5744
990	0.5993	0.4324	0.9819	0.5874	0.8983	0.5837
991	0.5814	0.4143	0.9697	0.5724	0.8989	0.5758
992	0.6426	0.4681	1.0112	0.6204	0.9346	0.6207
993	0.587	0.417	0.9629	0.5687	0.8891	0.5774
994	0.6246	0.4535	0.9913	0.6026	0.9124	0.6
995	0.5792	0.4067	0.963	0.561	0.888	0.5709
996	0.5757	0.4056	0.9679	0.5641	0.891	0.5734
997	0.5863	0.4164	0.9819	0.5801	0.9076	0.5874
998	0.5822	0.4135	0.9755	0.5743	0.9081	0.5893
999	0.6873	0.5171	1.0432	0.6619	0.9716	0.6694
1000	0.562	0.3921	0.9651	0.5621	0.8899	0.5671
1001	0.5623	0.3925	0.9642	0.5626	0.8904	0.5665
1002	0.5588	0.389	0.9586	0.5576	0.886	0.5628
1003	0.5581	0.3882	0.9593	0.558	0.8873	0.564
1004	0.558	0.388	0.9601	0.5589	0.8869	0.561
1005	0.5614	0.3925	0.9632	0.5609	0.8907	0.5676
1006	0.5585	0.3885	0.9578	0.5577	0.8857	0.5602
1007	0.5571	0.3876	0.9613	0.5581	0.8876	0.5627
1008	0.5562	0.3865	0.9587	0.5561	0.8869	0.5609
1009	0.5554	0.3861	0.9579	0.5574	0.8864	0.5598
1010	0.5552	0.3865	0.9609	0.5585	0.889	0.5622
1011	0.5568	0.3879	0.9613	0.5582	0.8901	0.5666
1012	0.555	0.3852	0.9562	0.5549	0.8854	0.5598
1013	0.5577	0.388	0.9578	0.5568	0.8854	0.5597
1014	0.5598	0.3904	0.9637	0.5601	0.8886	0.5656
1015	0.5543	0.3849	0.9575	0.5555	0.8838	0.5583
1016	0.5541	0.3851	0.9588	0.5556	0.8855	0.561
1017	0.5551	0.3861	0.9556	0.554	0.8838	0.56
1018	0.5545	0.386	0.9574	0.5556	0.8855	0.5605
1019	0.5542	0.3859	0.954	0.5547	0.883	0.559
1020	0.5539	0.3852	0.9575	0.5554	0.8848	0.5617
1021	0.5551	0.3872	0.9616	0.5582	0.8874	0.5654
1022	0.5532	0.3844	0.9564	0.5557	0.8831	0.5586
1023	0.5521	0.3833	0.9565	0.5532	0.8854	0.5593
1024	0.5545	0.3854	0.9568	0.5545	0.8843	0.5582
1025	0.553	0.3845	0.9584	0.557	0.8835	0.5579
1026	0.5517	0.3834	0.9578	0.5558	0.8846	0.5587
1027	0.5548	0.3871	0.9618	0.5602	0.8875	0.5632
1028	0.5546	0.386	0.9567	0.5581	0.8832	0.5594
1029	0.5527	0.3851	0.9595	0.5568	0.886	0.5617
1030	0.5524	0.3851	0.9571	0.5549	0.8841	0.5586
1031	0.5516	0.3838	0.957	0.5551	0.8831	0.5576
1032	0.5503	0.3819	0.9551	0.5531	0.8831	0.5587
1033	0.5551	0.3877	0.9596	0.5588	0.8873	0.5645
1034	0.5518	0.3842	0.9578	0.5557	0.8864	0.5598
1035	0.5514	0.3836	0.9558	0.5544	0.8828	0.5574
1036	0.5511	0.3826	0.9563	0.5552	0.8825	0.5584
1037	0.5512	0.3836	0.9579	0.5557	0.8856	0.5617
1038	0.5499	0.382	0.956	0.554	0.8844	0.5585
1039	0.5523	0.3849	0.9578	0.5548	0.8876	0.5636
1040	0.5519	0.3836	0.955	0.5515	0.8852	0.559
1041	0.5515	0.3835	0.9583	0.5517	0.8878	0.561
1042	0.5528	0.3855	0.9601	0.5553	0.889	0.5634
1043	0.5568	0.3881	0.9604	0.5596	0.888	0.5638
1044	0.5578	0.3894	0.9555	0.5539	0.8894	0.5631
1045	0.5512	0.3837	0.9523	0.5517	0.8856	0.5596
1046	0.5514	0.3841	0.9531	0.5537	0.8851	0.5609
1047	0.5505	0.3827	0.9529	0.554	0.8843	0.5594
1048	0.5544	0.3866	0.9524	0.5544	0.8836	0.559
1049	0.5561	0.3887	0.9606	0.5595	0.8866	0.5637
1050	0.5507	0.3831	0.9555	0.5546	0.8834	0.5588
1051	0.5521	0.3848	0.9548	0.5558	0.8843	0.5591
1052	0.5492	0.3817	0.9526	0.5525	0.8831	0.5578
1053	0.551	0.3843	0.9562	0.5557	0.8855	0.5626
1054	0.5524	0.3854	0.9517	0.5545	0.882	0.5581
1055	0.5501	0.3825	0.9535	0.5534	0.8834	0.5605
1056	0.5598	0.3933	0.9634	0.5628	0.893	0.5699
1057	0.5487	0.3806	0.9496	0.5509	0.883	0.5581
1058	0.5488	0.3806	0.9497	0.5501	0.883	0.5586
1059	0.5483	0.3815	0.9522	0.5535	0.8841	0.5571
1060	0.5489	0.3821	0.9527	0.5527	0.885	0.5577
1061	0.5493	0.3818	0.9514	0.5512	0.8844	0.5602
1062	0.5487	0.3811	0.9513	0.5534	0.8826	0.558
1063	0.5498	0.3825	0.9543	0.5559	0.8841	0.5587
1064	0.5482	0.3809	0.9555	0.5531	0.8848	0.5587
1065	0.5484	0.381	0.9531	0.5517	0.8859	0.5595
1066	0.5479	0.381	0.9532	0.5536	0.8874	0.5601
1067	0.5554	0.3882	0.9498	0.555	0.8853	0.5603
1068	0.5486	0.3816	0.9535	0.5537	0.8863	0.5606
1069	0.5493	0.3826	0.9499	0.5521	0.884	0.5567
1070	0.5487	0.3818	0.953	0.5527	0.8843	0.5607
1071	0.5475	0.3799	0.9491	0.5513	0.8814	0.5567
1072	0.5467	0.3799	0.9506	0.5516	0.8839	0.5588
1073	0.5476	0.3813	0.9509	0.5534	0.8831	0.5581
1074	0.5474	0.3809	0.9494	0.5517	0.8812	0.5572
1075	0.5472	0.3803	0.9488	0.5506	0.883	0.5592
1076	0.5473	0.3806	0.9481	0.5512	0.8842	0.5583
1077	0.5518	0.3862	0.9582	0.5586	0.8914	0.5659
1078	0.5476	0.3816	0.9556	0.5565	0.887	0.5603
1079	0.5476	0.3821	0.9549	0.554	0.89	0.5615
1080	0.5493	0.384	0.9524	0.5526	0.8879	0.5616
1081	0.5491	0.3838	0.9554	0.5559	0.8886	0.567
1082	0.5484	0.3823	0.9544	0.5567	0.8865	0.562
1083	0.5468	0.3807	0.9482	0.5524	0.8829	0.5568
1084	0.5512	0.3854	0.949	0.5543	0.8845	0.5584
1085	0.5474	0.3812	0.9537	0.5551	0.8843	0.5602
1086	0.5492	0.3834	0.9563	0.5565	0.8879	0.5634
1087	0.5486	0.3831	0.9545	0.5556	0.8889	0.5596
1088	0.5448	0.3794	0.9526	0.554	0.8862	0.5575
1089	0.5487	0.3834	0.9522	0.5548	0.8857	0.5588
1090	0.5466	0.3805	0.9499	0.5522	0.8823	0.556
1091	0.5476	0.3816	0.9532	0.5536	0.8861	0.562
1092	0.5442	0.3779	0.9506	0.5517	0.8827	0.5561
1093	0.5484	0.3814	0.951	0.5529	0.8841	0.5576
1094	0.547	0.3801	0.9477	0.5513	0.8819	0.5548
1095	0.5466	0.3805	0.9497	0.5523	0.8838	0.5561
1096	0.5474	0.3809	0.9485	0.5524	0.8824	0.5566
1097	0.5465	0.3805	0.9482	0.5521	0.8823	0.5557
1098	0.5536	0.3877	0.9566	0.5594	0.8902	0.5663
1099	0.5506	0.3849	0.9548	0.5555	0.8885	0.5657
1100	0.5477	0.3826	0.9494	0.5533	0.884	0.5578
1101	0.5453	0.3795	0.9532	0.5539	0.8877	0.5623
1102	0.5448	0.3785	0.9481	0.55	0.8855	0.5596
1103	0.544	0.378	0.9508	0.5523	0.8857	0.5586
1104	0.5444	0.3782	0.9517	0.5518	0.8849	0.5589
1105	0.5439	0.3778	0.9508	0.5525	0.8827	0.5561
1106	0.544	0.3779	0.9529	0.5538	0.8828	0.5577
1107	0.5435	0.3772	0.9519	0.5519	0.882	0.5566
1108	0.5437	0.3772	0.9502	0.5505	0.8819	0.5563
1109	0.544	0.3773	0.9478	0.5502	0.8807	0.5572
1110	0.5477	0.3818	0.9509	0.5536	0.8834	0.5603
1111	0.5449	0.3785	0.9472	0.5481	0.8808	0.5571
1112	0.5446	0.3789	0.9488	0.5513	0.8806	0.5563
1113	0.5464	0.3807	0.9549	0.5551	0.8839	0.5637
1114	0.5478	0.383	0.9506	0.5555	0.8824	0.5584
1115	0.5424	0.3771	0.9515	0.5512	0.8838	0.558
1116	0.5456	0.3796	0.9516	0.5531	0.8836	0.5591
1117	0.5445	0.3794	0.95	0.5526	0.8836	0.5571
1118	0.5436	0.3793	0.9494	0.5554	0.8828	0.5553
1119	0.5442	0.3784	0.9522	0.5538	0.8831	0.5604
1120	0.5433	0.3773	0.951	0.5537	0.8817	0.5572
1121	0.5477	0.3838	0.9589	0.5597	0.8903	0.564
1122	0.5418	0.3763	0.9477	0.551	0.8801	0.5549
1123	0.5467	0.3817	0.9502	0.5523	0.8827	0.5574
1124	0.5429	0.379	0.9516	0.5541	0.8825	0.5552
1125	0.5449	0.3807	0.9534	0.5544	0.885	0.5579
1126	0.5437	0.3787	0.9499	0.5507	0.8836	0.5578
1127	0.5463	0.3808	0.9529	0.5563	0.8866	0.5602
1128	0.5463	0.3806	0.9477	0.551	0.8841	0.5584
1129	0.5451	0.3801	0.9484	0.5501	0.8837	0.5566
1130	0.5439	0.379	0.95	0.5529	0.8812	0.5573
1131	0.544	0.3787	0.947	0.5514	0.8803	0.5569
1132	0.5439	0.3784	0.9476	0.5504	0.8818	0.5571
1133	0.5416	0.3767	0.9517	0.5528	0.8836	0.5579
1134	0.5444	0.3783	0.952	0.5542	0.8826	0.5576
1135	0.5454	0.3799	0.9519	0.5543	0.8849	0.5607
1136	0.5415	0.3759	0.9469	0.5506	0.8814	0.5547
1137	0.5436	0.3788	0.9486	0.5519	0.8827	0.5562
1138	0.5421	0.3775	0.9513	0.5531	0.8837	0.5579
1139	0.5404	0.3752	0.9477	0.5499	0.8804	0.5533
1140	0.5405	0.3753	0.9487	0.5499	0.8798	0.5533
1141	0.5437	0.3782	0.9506	0.5513	0.8813	0.556
1142	0.5416	0.3763	0.9492	0.5511	0.8808	0.555
1143	0.5417	0.376	0.9497	0.5515	0.8819	0.5566
1144	0.5483	0.3835	0.9594	0.559	0.891	0.5652
1145	0.5407	0.3755	0.9501	0.5509	0.8834	0.5555
1146	0.553	0.3888	0.9519	0.5584	0.8869	0.5607
1147	0.5483	0.3847	0.9533	0.558	0.8869	0.5596
1148	0.5428	0.3776	0.9522	0.5524	0.8841	0.559
1149	0.5399	0.3743	0.9472	0.5496	0.8799	0.5548
1150	0.5417	0.3764	0.9497	0.5525	0.8818	0.556
1151	0.5401	0.3746	0.9484	0.5501	0.8815	0.555
1152	0.5402	0.3749	0.9502	0.5525	0.8827	0.5557
1153	0.5406	0.3749	0.9471	0.5498	0.8816	0.5562
1154	0.5456	0.3802	0.9478	0.5524	0.8833	0.5567
1155	0.543	0.3772	0.9506	0.5524	0.8813	0.5565
1156	0.5451	0.3812	0.9585	0.5595	0.8862	0.5611
1157	0.5407	0.3761	0.9523	0.5521	0.8806	0.5539
1158	0.5394	0.3746	0.9511	0.5512	0.883	0.5541
1159	0.5394	0.3739	0.9479	0.5503	0.8804	0.5544
1160	0.5446	0.3786	0.9459	0.55	0.8792	0.5537
1161	0.539	0.3744	0.9512	0.5515	0.8828	0.5559
1162	0.5405	0.3755	0.9506	0.5511	0.8835	0.5586
1163	0.5398	0.3742	0.9463	0.5494	0.8801	0.5544
1164	0.5407	0.3761	0.9504	0.5505	0.8849	0.5575
1165	0.543	0.3779	0.9456	0.5493	0.882	0.5535
1166	0.5392	0.3743	0.9492	0.5492	0.8826	0.5543
1167	0.54	0.3751	0.9526	0.5528	0.8837	0.5553
1168	0.5429	0.3775	0.9479	0.5486	0.8811	0.5566
1169	0.5422	0.3778	0.9534	0.5535	0.8839	0.5561
1170	0.5416	0.3775	0.954	0.5539	0.8836	0.5577
1171	0.5467	0.3824	0.9509	0.5545	0.8837	0.5573
1172	0.5398	0.3744	0.9453	0.5479	0.8808	0.5542
1173	0.5438	0.3794	0.9508	0.5531	0.8845	0.5616
1174	0.5395	0.3755	0.9511	0.5535	0.8833	0.5556
1175	0.5491	0.3857	0.951	0.5564	0.8872	0.5593
1176	0.5392	0.3747	0.9491	0.5507	0.8836	0.5545
1177	0.5482	0.3846	0.9538	0.5582	0.8897	0.564
1178	0.5385	0.374	0.9475	0.5499	0.884	0.555
1179	0.5382	0.3738	0.9466	0.5504	0.8809	0.5538
1180	0.5404	0.3772	0.9497	0.5541	0.8826	0.5564
1181	0.5421	0.3775	0.9504	0.5536	0.8836	0.5585
1182	0.5386	0.3734	0.9436	0.5482	0.8809	0.5554
1183	0.5398	0.3758	0.9466	0.5532	0.8832	0.5551
1184	0.5425	0.3783	0.9523	0.5564	0.884	0.5578
1185	0.5382	0.3738	0.9471	0.5504	0.8801	0.5531
1186	0.5377	0.3731	0.9458	0.5478	0.88	0.5529
1187	0.5383	0.3738	0.9465	0.5496	0.8809	0.5539
1188	0.5389	0.3736	0.9448	0.5483	0.8782	0.5531
1189	0.539	0.375	0.9478	0.5512	0.8804	0.5572
1190	0.5372	0.374	0.9466	0.5512	0.8811	0.554
1191	0.5391	0.3751	0.9458	0.5511	0.8819	0.5545
1192	0.5379	0.3734	0.9435	0.5488	0.8809	0.5537
1193	0.5373	0.3729	0.9431	0.5478	0.8806	0.5547
1194	0.5392	0.3752	0.9445	0.5503	0.8825	0.5548
1195	0.5393	0.3751	0.9473	0.5523	0.8826	0.5556
1196	0.5375	0.373	0.9439	0.5483	0.8813	0.5549
1197	0.5366	0.3725	0.9452	0.5489	0.8824	0.5554
1198	0.5364	0.3718	0.9453	0.5484	0.8809	0.5543
1199	0.5355	0.3713	0.9469	0.5501	0.881	0.5546
1200	0.544	0.3816	0.9533	0.5579	0.8882	0.5664
1201	0.5375	0.3736	0.9466	0.5504	0.8821	0.557
1202	0.54	0.3766	0.9436	0.552	0.8818	0.5547
1203	0.5371	0.3736	0.9453	0.5504	0.8848	0.5557
1204	0.5369	0.3731	0.9426	0.5478	0.8843	0.5538
1205	0.5374	0.373	0.9451	0.5475	0.8838	0.557
1206	0.5356	0.3725	0.9502	0.5511	0.8867	0.5573
1207	0.5382	0.3752	0.9507	0.5533	0.8867	0.5583
1208	0.5366	0.3725	0.943	0.5497	0.8813	0.5533
1209	0.536	0.3721	0.9458	0.5499	0.8847	0.5587
1210	0.5368	0.3736	0.9472	0.5517	0.8857	0.5566
1211	0.5407	0.3767	0.9491	0.5525	0.8876	0.5604
1212	0.5366	0.3718	0.9398	0.5447	0.8806	0.5528
1213	0.5357	0.3711	0.9419	0.5478	0.882	0.5536
1214	0.5348	0.371	0.9438	0.5485	0.881	0.5518
1215	0.536	0.3724	0.9457	0.5489	0.8828	0.5552
1216	0.5342	0.3704	0.9437	0.5486	0.8816	0.553
1217	0.5365	0.3736	0.9508	0.5538	0.8847	0.5577
1218	0.5339	0.3705	0.9461	0.5483	0.8808	0.5532
1219	0.5343	0.3712	0.9435	0.5484	0.8791	0.5509
1220	0.5341	0.3706	0.9451	0.5487	0.8809	0.5533
1221	0.5335	0.3703	0.9448	0.5487	0.8819	0.5535
1222	0.5342	0.3716	0.95	0.553	0.8852	0.5566
1223	0.5358	0.3725	0.949	0.5508	0.8831	0.5572
1224	0.5346	0.3711	0.9478	0.5496	0.881	0.5555
1225	0.5342	0.3711	0.949	0.5504	0.8806	0.5554
1226	0.5357	0.3722	0.9473	0.5506	0.8787	0.5536
1227	0.5469	0.3832	0.9491	0.5546	0.8843	0.5575
1228	0.5408	0.3774	0.9461	0.5522	0.8811	0.5543
1229	0.5371	0.3734	0.9504	0.5528	0.8838	0.5591
1230	0.5452	0.3816	0.9533	0.5578	0.8882	0.5654
1231	0.5339	0.3707	0.9433	0.5482	0.8811	0.5538
1232	0.5366	0.3734	0.9446	0.5499	0.882	0.5538
1233	0.5339	0.3707	0.9468	0.5501	0.8808	0.5539
1234	0.5366	0.3727	0.9505	0.5545	0.8819	0.5572
1235	0.5377	0.3741	0.9502	0.5536	0.8812	0.5567
1236	0.5355	0.3721	0.9477	0.5488	0.8804	0.555
1237	0.5375	0.3746	0.9465	0.5518	0.8829	0.554
1238	0.5338	0.3713	0.9446	0.5486	0.8823	0.5533
1239	0.5343	0.3714	0.9442	0.5478	0.8819	0.5543
1240	0.5341	0.372	0.9462	0.5512	0.8845	0.5564
1241	0.5352	0.3721	0.9421	0.5501	0.8825	0.5536
1242	0.5333	0.37	0.9415	0.5474	0.8802	0.5522
1243	0.5346	0.3724	0.9464	0.55	0.8836	0.5568
1244	0.5332	0.3708	0.9396	0.5484	0.8797	0.5514
1245	0.5323	0.3692	0.9376	0.5445	0.8802	0.5539
1246	0.5323	0.3691	0.941	0.5459	0.8819	0.5545
1247	0.5325	0.3711	0.947	0.5497	0.8847	0.5554
1248	0.533	0.3703	0.9427	0.5475	0.8808	0.5523
1249	0.5394	0.3761	0.9496	0.5523	0.885	0.5613
1250	0.5328	0.3702	0.9473	0.5498	0.8835	0.557
1251	0.5329	0.3696	0.9425	0.5467	0.8806	0.5532
1252	0.5342	0.3707	0.9414	0.5463	0.8812	0.5542
1253	0.5341	0.3713	0.9419	0.5493	0.8832	0.5542
1254	0.5358	0.3738	0.9441	0.5502	0.8846	0.5582
1255	0.5385	0.3774	0.9458	0.5525	0.8885	0.563
1256	0.5346	0.3717	0.9366	0.546	0.8823	0.5541
1257	0.5385	0.3757	0.9393	0.5496	0.8858	0.5562
1258	0.5332	0.3707	0.9393	0.547	0.8838	0.5535
1259	0.5341	0.3717	0.9424	0.5487	0.8856	0.5577
1260	0.5333	0.3705	0.9397	0.5488	0.8818	0.554
1261	0.5322	0.3692	0.943	0.5477	0.8821	0.5542
1262	0.5326	0.3709	0.9482	0.5512	0.8843	0.5557
1263	0.5323	0.3698	0.9423	0.5478	0.8822	0.5531
1264	0.5322	0.3696	0.9447	0.5488	0.8848	0.5557
1265	0.5349	0.3721	0.9441	0.5505	0.8846	0.5548
1266	0.5331	0.3706	0.9445	0.5496	0.8853	0.5559
1267	0.5334	0.3702	0.9375	0.5439	0.8815	0.5526
1268	0.5425	0.3812	0.9536	0.558	0.8923	0.5662
1269	0.5384	0.3775	0.9528	0.5578	0.8915	0.5661
1270	0.5344	0.3723	0.9431	0.5514	0.8855	0.5554
1271	0.5322	0.369	0.9417	0.5469	0.8846	0.5543
1272	0.5366	0.3749	0.9499	0.5545	0.8887	0.5616
1273	0.5332	0.3716	0.9421	0.5502	0.8838	0.5543
1274	0.5316	0.3689	0.9419	0.547	0.883	0.5539
1275	0.5309	0.3687	0.9416	0.5481	0.8831	0.5533
1276	0.5302	0.3681	0.9417	0.5486	0.8819	0.5545
1277	0.531	0.3692	0.9423	0.5499	0.8817	0.5539
1278	0.5327	0.3709	0.9428	0.5506	0.8816	0.5525
1279	0.5335	0.3714	0.9434	0.5479	0.8821	0.5561
1280	0.5317	0.3696	0.939	0.5473	0.8796	0.5501
1281	0.5318	0.3695	0.9395	0.5481	0.8807	0.5509
1282	0.5312	0.3692	0.9423	0.5489	0.882	0.5525
1283	0.5335	0.3721	0.9438	0.5496	0.8833	0.5535
1284	0.5364	0.3745	0.9486	0.553	0.8862	0.5583
1285	0.5326	0.3702	0.9384	0.5465	0.8819	0.5533
1286	0.5308	0.3694	0.9415	0.5487	0.8838	0.5534
1287	0.5306	0.3699	0.942	0.5502	0.8849	0.5533
1288	0.5325	0.3709	0.9432	0.5489	0.885	0.5575
1289	0.5397	0.3784	0.9526	0.558	0.8906	0.5625
1290	0.5302	0.3698	0.9457	0.549	0.8851	0.5542
1291	0.5349	0.3734	0.9397	0.5501	0.8834	0.5545
1292	0.5331	0.3716	0.944	0.5528	0.8871	0.5567
1293	0.5321	0.3706	0.9409	0.5485	0.8825	0.5537
1294	0.5316	0.3703	0.943	0.5474	0.8841	0.555
1295	0.5352	0.3739	0.9482	0.5537	0.8876	0.5599
1296	0.5338	0.371	0.9423	0.5493	0.8831	0.5565
1297	0.5321	0.3708	0.9415	0.5483	0.886	0.5544
1298	0.5313	0.3706	0.9439	0.5501	0.8884	0.5546
1299	0.5316	0.3688	0.9402	0.5465	0.8834	0.5537
1300	0.5305	0.3685	0.942	0.5468	0.8842	0.5533
1301	0.54	0.3786	0.9515	0.5564	0.8905	0.5603
1302	0.5309	0.3686	0.9399	0.5452	0.8797	0.5528
1303	0.5333	0.372	0.9411	0.5502	0.8819	0.5548
1304	0.5334	0.3729	0.9467	0.552	0.8891	0.5606
1305	0.5291	0.3673	0.9373	0.5444	0.8809	0.5525
1306	0.5421	0.3794	0.941	0.5493	0.8865	0.5584
1307	0.5308	0.3699	0.9415	0.5489	0.884	0.5528
1308	0.5379	0.3765	0.9488	0.555	0.8882	0.5614
1309	0.5335	0.3723	0.9474	0.5507	0.8864	0.5579
1310	0.5359	0.3745	0.9413	0.5501	0.8823	0.5552
1311	0.5352	0.3728	0.941	0.549	0.8827	0.5555
1312	0.5281	0.3665	0.9409	0.5468	0.8815	0.5533
1313	0.5317	0.3702	0.9421	0.5496	0.8831	0.5562
1314	0.5298	0.3678	0.9384	0.5469	0.881	0.5532
1315	0.5289	0.367	0.9353	0.5454	0.8793	0.5517
1316	0.5293	0.3674	0.9372	0.5457	0.8798	0.5541
1317	0.5294	0.3676	0.9367	0.5455	0.8809	0.5522
1318	0.5274	0.3662	0.9402	0.5474	0.8828	0.5535
1319	0.5478	0.3873	0.9547	0.5644	0.8936	0.5713
1320	0.5296	0.368	0.9419	0.5492	0.8821	0.5556
1321	0.5332	0.3715	0.9362	0.548	0.8801	0.5526
1322	0.5284	0.3669	0.9394	0.5468	0.8833	0.5541
1323	0.5281	0.3664	0.9401	0.5458	0.8844	0.5562
1324	0.5309	0.37	0.944	0.5506	0.8861	0.5594
1325	0.5293	0.3679	0.9396	0.5477	0.8831	0.5555
1326	0.5315	0.3697	0.9396	0.5472	0.8847	0.5566
1327	0.5294	0.3691	0.9413	0.5513	0.8857	0.5547
1328	0.531	0.3695	0.9432	0.5509	0.8864	0.5584
1329	0.5294	0.368	0.9408	0.5492	0.8836	0.5571
1330	0.5285	0.3677	0.9406	0.5486	0.8835	0.5568
1331	0.5279	0.3665	0.9393	0.5474	0.8817	0.5553
1332	0.5343	0.3737	0.9412	0.5526	0.8847	0.5562
1333	0.5292	0.368	0.9432	0.5494	0.8823	0.5568
1334	0.5291	0.3677	0.9419	0.5473	0.8806	0.5542
1335	0.5281	0.3669	0.9384	0.5464	0.8815	0.553
1336	0.5292	0.3685	0.9424	0.549	0.8837	0.5571
1337	0.5278	0.3668	0.9397	0.5474	0.8805	0.5514
1338	0.5282	0.3678	0.9393	0.5479	0.8811	0.5513
1339	0.5267	0.3659	0.9376	0.5461	0.8816	0.5516
1340	0.5298	0.368	0.9348	0.5447	0.8804	0.5543
1341	0.5355	0.375	0.9473	0.5529	0.8876	0.5629
1342	0.5292	0.3682	0.9434	0.5498	0.8843	0.5581
1343	0.5294	0.3684	0.9364	0.5472	0.8801	0.5509
1344	0.5266	0.3653	0.9365	0.5449	0.8787	0.5499
1345	0.5273	0.3661	0.9399	0.5468	0.8804	0.5553
1346	0.5279	0.3665	0.9353	0.546	0.8781	0.5506
1347	0.5266	0.3656	0.9381	0.5473	0.8809	0.5535
1348	0.5274	0.3661	0.9346	0.5458	0.8775	0.5504
1349	0.5272	0.3665	0.9424	0.5487	0.8836	0.5569
1350	0.5284	0.3678	0.9445	0.5523	0.8848	0.5571
1351	0.527	0.3654	0.939	0.5474	0.8811	0.553
1352	0.5284	0.3672	0.9399	0.5506	0.8822	0.554
1353	0.5272	0.3658	0.9394	0.5478	0.8821	0.5522
1354	0.5305	0.3698	0.9461	0.5524	0.8869	0.5614
1355	0.5264	0.365	0.94	0.5478	0.8811	0.5521
1356	0.526	0.3653	0.9418	0.5483	0.8838	0.5535
1357	0.5275	0.3666	0.9405	0.5475	0.8813	0.5528
1358	0.5333	0.373	0.9438	0.5531	0.8845	0.5619
1359	0.5281	0.3666	0.9341	0.5445	0.8778	0.5519
1360	0.5325	0.3713	0.9343	0.5472	0.8815	0.5541
1361	0.5259	0.365	0.9326	0.5439	0.8784	0.5503
1362	0.5267	0.3674	0.9396	0.5473	0.8847	0.5543
1363	0.5317	0.3721	0.9432	0.5514	0.8882	0.559
1364	0.5251	0.3651	0.9387	0.548	0.8831	0.5557
1365	0.528	0.3674	0.9356	0.5468	0.8815	0.553
1366	0.5257	0.3648	0.9364	0.5447	0.8811	0.5531
1367	0.5241	0.3637	0.9363	0.5452	0.8792	0.5518
1368	0.5347	0.3756	0.9476	0.5575	0.8894	0.5643
1369	0.5241	0.3638	0.9352	0.5448	0.8819	0.5523
1370	0.5273	0.3672	0.9335	0.5463	0.8802	0.5512
1371	0.5277	0.367	0.9352	0.5453	0.8803	0.551
1372	0.5247	0.3641	0.936	0.5445	0.8797	0.5503
1373	0.5256	0.3646	0.9334	0.5433	0.8789	0.5487
1374	0.5254	0.3656	0.9401	0.5483	0.8828	0.5543
1375	0.5283	0.3675	0.9379	0.5478	0.8796	0.552
1376	0.5262	0.3659	0.9375	0.5476	0.8785	0.5512
1377	0.5243	0.3644	0.9349	0.5443	0.8769	0.5505
1378	0.5229	0.3626	0.9343	0.5421	0.8774	0.5503
1379	0.5248	0.364	0.9358	0.5463	0.8788	0.5518
1380	0.5255	0.3646	0.9371	0.5452	0.8799	0.5509
1381	0.526	0.3654	0.9353	0.5436	0.8804	0.5494
1382	0.5282	0.3696	0.941	0.5465	0.8851	0.557
1383	0.5271	0.3683	0.9416	0.5498	0.8845	0.5578
1384	0.5243	0.3651	0.9366	0.5456	0.8817	0.5552
1385	0.5238	0.3632	0.9309	0.5411	0.8802	0.5513
1386	0.5283	0.3681	0.9357	0.5475	0.8836	0.5572
1387	0.5269	0.3672	0.9351	0.546	0.8832	0.5513
1388	0.5307	0.372	0.9334	0.5488	0.8824	0.5523
1389	0.5333	0.3736	0.941	0.5524	0.8854	0.562
1390	0.5314	0.3725	0.9401	0.5527	0.8863	0.5621
1391	0.5231	0.3648	0.9364	0.5476	0.8825	0.5523
1392	0.5306	0.371	0.9352	0.5474	0.8845	0.5553
1393	0.5247	0.3652	0.9313	0.5442	0.8813	0.5517
1394	0.5286	0.3699	0.9423	0.5496	0.8871	0.5603
1395	0.5234	0.3636	0.9329	0.5436	0.879	0.5493
1396	0.523	0.3629	0.9341	0.5433	0.8795	0.552
1397	0.5235	0.3636	0.9371	0.5457	0.8802	0.5519
1398	0.5234	0.3628	0.9338	0.5432	0.8769	0.5491
1399	0.5307	0.3709	0.936	0.5483	0.8802	0.552
1400	0.5237	0.365	0.9398	0.547	0.8828	0.5521
1401	0.5242	0.3645	0.9362	0.5443	0.8813	0.5548
1402	0.525	0.3646	0.9294	0.5424	0.8771	0.55
1403	0.5243	0.3647	0.934	0.5431	0.8796	0.5518
1404	0.5246	0.3649	0.9373	0.5462	0.8788	0.5527
1405	0.5237	0.3635	0.9359	0.5455	0.8787	0.5518
1406	0.5233	0.3632	0.9328	0.5442	0.8793	0.5504
1407	0.5219	0.3628	0.9325	0.5423	0.8784	0.5487
1408	0.5233	0.3641	0.9362	0.5441	0.8804	0.5532
1409	0.5211	0.3613	0.9351	0.5446	0.8784	0.5489
1410	0.5217	0.362	0.9379	0.5482	0.8801	0.5508
1411	0.5239	0.3646	0.9396	0.5484	0.882	0.5557
1412	0.5254	0.3658	0.9406	0.5494	0.881	0.5557
1413	0.5225	0.3628	0.9352	0.5436	0.8768	0.5527
1414	0.5229	0.363	0.9339	0.5444	0.8749	0.5495
1415	0.5221	0.363	0.9367	0.5455	0.8761	0.5498
1416	0.5249	0.3651	0.9358	0.5449	0.8744	0.5478
1417	0.5224	0.3629	0.938	0.5462	0.8787	0.5502
1418	0.5237	0.3646	0.9352	0.547	0.8796	0.5498
1419	0.5244	0.3638	0.9322	0.5422	0.8784	0.5508
1420	0.5239	0.3641	0.9311	0.5423	0.8781	0.5496
1421	0.5218	0.3623	0.9339	0.5431	0.8796	0.5522
1422	0.5234	0.3639	0.9356	0.5471	0.8799	0.5524
1423	0.5213	0.362	0.933	0.5449	0.8788	0.5498
1424	0.5225	0.3635	0.9358	0.5449	0.8811	0.5541
1425	0.5209	0.3616	0.9321	0.5425	0.88	0.5501
1426	0.5209	0.3615	0.9331	0.5445	0.8811	0.5513
1427	0.5216	0.3623	0.9352	0.5451	0.883	0.5521
1428	0.5235	0.3646	0.936	0.5472	0.8851	0.5529
1429	0.5214	0.3623	0.935	0.5446	0.8822	0.5518
1430	0.5261	0.3677	0.9403	0.55	0.8858	0.5551
1431	0.5258	0.3672	0.9371	0.5472	0.8844	0.5541
1432	0.5225	0.3624	0.9328	0.5452	0.8806	0.5526
1433	0.5255	0.3656	0.9351	0.5478	0.8805	0.5522
1434	0.5239	0.3646	0.9365	0.5478	0.8814	0.5515
1435	0.5218	0.3635	0.9388	0.5483	0.8817	0.5505
1436	0.522	0.3621	0.9338	0.5449	0.8766	0.5491
1437	0.5238	0.3648	0.9344	0.5455	0.8807	0.5519
1438	0.5226	0.3629	0.9339	0.5452	0.8808	0.5523
1439	0.524	0.3647	0.9348	0.5449	0.882	0.5561
1440	0.5254	0.3671	0.9366	0.549	0.8855	0.5543
1441	0.5224	0.3645	0.9357	0.5451	0.8824	0.5519
1442	0.5219	0.3627	0.933	0.5434	0.8771	0.5515
1443	0.5206	0.3617	0.933	0.5433	0.8776	0.549
1444	0.5225	0.3645	0.9364	0.5458	0.8805	0.5503
1445	0.5202	0.361	0.9311	0.5423	0.8776	0.5474
1446	0.5221	0.362	0.9313	0.5436	0.8799	0.5495
1447	0.5224	0.3624	0.9321	0.5446	0.8809	0.5498
1448	0.5218	0.3628	0.9362	0.5462	0.8824	0.5522
1449	0.5227	0.365	0.9422	0.5515	0.8848	0.5521
1450	0.5197	0.3612	0.9363	0.5452	0.8808	0.5489
1451	0.5221	0.3618	0.9343	0.5439	0.8785	0.5511
1452	0.5216	0.3634	0.9391	0.5477	0.8837	0.5543
1453	0.5198	0.3613	0.9348	0.5445	0.8806	0.5522
1454	0.5202	0.3611	0.9313	0.5436	0.8773	0.551
1455	0.521	0.3622	0.9371	0.5472	0.8824	0.5554
1456	0.5193	0.3606	0.9333	0.5443	0.8801	0.5519
1457	0.5193	0.3609	0.9358	0.5443	0.8821	0.5537
1458	0.5207	0.3623	0.9391	0.5484	0.8825	0.5542
1459	0.5206	0.3626	0.9418	0.5494	0.8836	0.5545
1460	0.5201	0.3616	0.9396	0.5493	0.8821	0.5524
1461	0.5205	0.3618	0.9353	0.5466	0.8814	0.5513
1462	0.524	0.3646	0.9339	0.5453	0.8848	0.5534
1463	0.5197	0.3611	0.9333	0.5462	0.8837	0.5524
1464	0.5224	0.3637	0.9357	0.5468	0.8843	0.5549
1465	0.5184	0.3598	0.9326	0.5426	0.8798	0.5512
1466	0.5191	0.3613	0.934	0.545	0.8808	0.5532
1467	0.5214	0.3629	0.9322	0.5453	0.8801	0.5526
1468	0.5186	0.36	0.9312	0.5425	0.8799	0.5502
1469	0.5206	0.3627	0.9399	0.5498	0.8853	0.5551
1470	0.5206	0.3623	0.9371	0.5476	0.8841	0.5543
1471	0.5187	0.3603	0.9334	0.5434	0.8833	0.5522
1472	0.5183	0.3596	0.9318	0.5433	0.8828	0.5513
1473	0.5202	0.3614	0.9326	0.5442	0.8832	0.5522
1474	0.5179	0.3599	0.9334	0.5453	0.8816	0.5514
1475	0.5189	0.3613	0.9338	0.5451	0.883	0.5524
1476	0.5185	0.3608	0.9313	0.5448	0.8811	0.5496
1477	0.5221	0.3644	0.9365	0.5484	0.8834	0.5559
1478	0.5207	0.3642	0.9401	0.5496	0.8873	0.5562
1479	0.5195	0.3617	0.9369	0.546	0.8854	0.5553
1480	0.5189	0.3605	0.9298	0.5421	0.8796	0.5506
1481	0.5187	0.3606	0.932	0.5432	0.8818	0.5512
1482	0.5173	0.3592	0.9317	0.5437	0.8812	0.5512
1483	0.5194	0.3616	0.9332	0.5442	0.8816	0.555
1484	0.518	0.3602	0.9328	0.5443	0.8805	0.5504
1485	0.5185	0.3608	0.9341	0.545	0.88	0.5501
1486	0.5257	0.3684	0.9399	0.551	0.8841	0.5599
1487	0.5186	0.3602	0.9303	0.5424	0.8784	0.5487
1488	0.53	0.373	0.939	0.5562	0.8908	0.5576
1489	0.5197	0.3615	0.9363	0.5463	0.883	0.5545
1490	0.5173	0.3594	0.9342	0.5442	0.8802	0.5515
1491	0.5166	0.3594	0.9337	0.5456	0.8816	0.5517
1492	0.5216	0.3631	0.9303	0.5436	0.882	0.5524
1493	0.5178	0.3601	0.934	0.5468	0.8831	0.5514
1494	0.524	0.3661	0.9393	0.5493	0.8855	0.5584
1495	0.5179	0.3596	0.9316	0.5418	0.8807	0.5509
1496	0.5175	0.3593	0.9291	0.5426	0.8769	0.5477
1497	0.5194	0.3608	0.9279	0.5417	0.8764	0.5484
1498	0.5214	0.3635	0.9296	0.5424	0.8785	0.5497
1499	0.5173	0.3603	0.9334	0.5447	0.8818	0.552
