epoch:	train_RMSD:	train_MAE:	val_RMSD:	val_MAE:	test_RMSD:	test_MAE:
0	6.8288	6.229	6.9825	6.4016	6.9579	6.3651
1	5.5782	4.8867	5.7314	5.0739	5.6905	5.0099
2	4.1841	3.367	4.1416	3.3149	4.0817	3.3146
3	3.2262	2.5818	3.2239	2.5663	3.1629	2.5585
4	3.1403	2.6176	3.224	2.6868	3.1455	2.6747
5	3.0734	2.463	3.088	2.4494	3.0044	2.4456
6	3.0156	2.4664	3.0611	2.4887	2.9748	2.4825
7	2.9653	2.4206	3.0094	2.4444	2.9227	2.4377
8	2.8578	2.2799	2.8698	2.2726	2.7843	2.2714
9	2.666	2.1098	2.6758	2.1084	2.6014	2.1079
10	2.4718	1.8792	2.4446	1.8523	2.3954	1.8514
11	2.4119	1.8528	2.3889	1.8303	2.3671	1.8346
12	2.3994	1.8218	2.3724	1.7907	2.3486	1.7856
13	2.3767	1.803	2.3636	1.7783	2.3234	1.7669
14	2.359	1.7656	2.3588	1.7438	2.3008	1.7295
15	2.3495	1.7586	2.3589	1.7394	2.2917	1.7258
16	2.3422	1.7843	2.364	1.7741	2.2942	1.7571
17	2.3211	1.7491	2.3295	1.7307	2.2662	1.7204
18	2.3053	1.7225	2.3038	1.702	2.2453	1.6932
19	2.2923	1.7452	2.3047	1.734	2.2405	1.7218
20	2.2638	1.7049	2.2716	1.6935	2.207	1.6829
21	2.2382	1.6619	2.2467	1.6503	2.1758	1.6388
22	2.2059	1.6455	2.222	1.6408	2.1434	1.6255
23	2.1725	1.6027	2.1868	1.5955	2.1033	1.5795
24	2.1342	1.5793	2.1516	1.5749	2.0657	1.5601
25	2.1183	1.5375	2.1237	1.517	2.0405	1.5103
26	2.0946	1.5206	2.0935	1.5002	2.0189	1.4965
27	2.0716	1.5016	2.0603	1.4764	1.996	1.4725
28	2.0772	1.4958	2.0563	1.468	1.9997	1.4678
29	2.0397	1.4731	2.0215	1.4493	1.9659	1.4455
30	2.0137	1.4515	1.9947	1.4212	1.9416	1.4258
31	1.9744	1.4282	1.9582	1.4017	1.9073	1.4031
32	1.9393	1.4059	1.9224	1.3798	1.8756	1.3813
33	1.9245	1.4291	1.9208	1.4195	1.8744	1.4096
34	1.8838	1.3942	1.8729	1.382	1.8345	1.3762
35	1.8487	1.3657	1.8287	1.3476	1.7961	1.3439
36	1.7968	1.3213	1.7662	1.2881	1.7435	1.3061
37	1.7439	1.2823	1.6959	1.2392	1.6896	1.2609
38	1.7258	1.2798	1.6852	1.2495	1.6745	1.2536
39	1.6796	1.2453	1.6323	1.2067	1.6317	1.2209
40	1.6491	1.2249	1.6129	1.1897	1.6055	1.2061
41	1.6347	1.2074	1.5992	1.1648	1.5887	1.1879
42	1.6185	1.2114	1.5968	1.1911	1.586	1.1962
43	1.5806	1.1752	1.5543	1.1363	1.5459	1.1647
44	1.5561	1.1591	1.5442	1.131	1.5279	1.1529
45	1.5402	1.1511	1.5389	1.1314	1.5184	1.1445
46	1.5348	1.1408	1.5365	1.1192	1.5022	1.1318
47	1.5308	1.136	1.5256	1.1059	1.4999	1.1297
48	1.4916	1.1051	1.5059	1.09	1.4707	1.1024
49	1.4899	1.1094	1.5044	1.1011	1.4711	1.1045
50	1.4704	1.0913	1.4852	1.0803	1.448	1.0857
51	1.5073	1.1121	1.5271	1.0962	1.4724	1.1061
52	1.4631	1.0849	1.4848	1.0838	1.4411	1.0809
53	1.474	1.0834	1.4967	1.0645	1.4409	1.0759
54	1.4429	1.0627	1.4708	1.0555	1.4252	1.0598
55	1.4367	1.0523	1.4706	1.0465	1.4139	1.0502
56	1.4585	1.0689	1.4886	1.0554	1.4291	1.0653
57	1.473	1.1036	1.5051	1.115	1.4702	1.1016
58	1.4065	1.0309	1.4455	1.0304	1.3969	1.0309
59	1.4038	1.0289	1.448	1.0308	1.404	1.0351
60	1.4022	1.0253	1.4411	1.0249	1.3896	1.0281
61	1.3898	1.0169	1.433	1.019	1.3855	1.0199
62	1.3952	1.0165	1.4426	1.019	1.3827	1.0208
63	1.3982	1.0313	1.4457	1.0474	1.4032	1.0386
64	1.4061	1.0271	1.452	1.0296	1.3924	1.0296
65	1.4048	1.0404	1.449	1.0588	1.4096	1.0466
66	1.3836	1.0077	1.4302	1.0049	1.3765	1.0136
67	1.3855	1.0201	1.4354	1.0372	1.3959	1.0307
68	1.3742	1.0016	1.4225	1.005	1.3691	1.0061
69	1.3594	0.9925	1.4174	1.0089	1.3666	1.0005
70	1.3566	0.9916	1.4093	1.0077	1.3654	0.9989
71	1.3441	0.9772	1.4051	0.994	1.355	0.9861
72	1.3478	0.9842	1.4039	1.0003	1.3634	0.9932
73	1.3525	0.9921	1.4092	1.0132	1.374	1.0062
74	1.3322	0.9634	1.3923	0.9777	1.3389	0.9724
75	1.3365	0.9691	1.3957	0.9826	1.3446	0.9794
76	1.3477	0.9801	1.4067	0.9893	1.354	0.9888
77	1.3202	0.9573	1.389	0.98	1.3386	0.9689
78	1.3157	0.9516	1.3801	0.9693	1.3273	0.9609
79	1.3183	0.9604	1.381	0.9836	1.3438	0.973
80	1.3113	0.948	1.3814	0.9703	1.3284	0.9588
81	1.3035	0.9434	1.3744	0.968	1.3287	0.9572
82	1.2998	0.9408	1.3686	0.9631	1.3235	0.9563
83	1.2983	0.9386	1.3604	0.9574	1.3172	0.9508
84	1.2939	0.9316	1.3622	0.9511	1.314	0.9425
85	1.3008	0.9449	1.3716	0.9773	1.3341	0.9646
86	1.2818	0.9242	1.3551	0.9513	1.3069	0.9379
87	1.2889	0.9353	1.3578	0.9642	1.3114	0.9495
88	1.2822	0.9281	1.3622	0.9622	1.321	0.9499
89	1.2823	0.9292	1.3591	0.9612	1.3215	0.9517
90	1.2872	0.9313	1.3557	0.9541	1.3065	0.9471
91	1.2802	0.9295	1.3583	0.9639	1.3209	0.9523
92	1.2681	0.9178	1.3437	0.9471	1.3014	0.9372
93	1.293	0.9465	1.3705	0.988	1.3363	0.9719
94	1.3027	0.9445	1.3727	0.962	1.3187	0.9592
95	1.2765	0.929	1.3559	0.9612	1.3271	0.9562
96	1.2626	0.9129	1.3313	0.9397	1.2878	0.9312
97	1.2448	0.8915	1.3294	0.9242	1.2796	0.9142
98	1.2642	0.9153	1.3381	0.9422	1.2913	0.9345
99	1.2695	0.9279	1.3481	0.9641	1.3159	0.9541
100	1.2369	0.888	1.3232	0.9192	1.2748	0.9124
101	1.2458	0.9029	1.3233	0.9404	1.2865	0.9269
102	1.2677	0.9169	1.3455	0.9446	1.2928	0.9359
103	1.277	0.9355	1.3565	0.9692	1.3244	0.9588
104	1.2793	0.9291	1.3508	0.9503	1.2986	0.9454
105	1.2209	0.8797	1.3038	0.9148	1.266	0.9082
106	1.2135	0.8687	1.2972	0.9007	1.2475	0.891
107	1.2275	0.8921	1.3083	0.926	1.267	0.9144
108	1.2259	0.8849	1.3092	0.9166	1.2573	0.9061
109	1.214	0.8787	1.3026	0.9151	1.2585	0.9041
110	1.2035	0.8697	1.2948	0.9049	1.2432	0.8956
111	1.2104	0.8794	1.3019	0.9197	1.2593	0.9053
112	1.1882	0.8539	1.2782	0.89	1.2239	0.877
113	1.1995	0.8674	1.2933	0.9037	1.2427	0.8942
114	1.2464	0.9246	1.3419	0.9767	1.3012	0.9498
115	1.1862	0.8598	1.281	0.8986	1.2347	0.8857
116	1.2003	0.8729	1.292	0.9057	1.2408	0.8977
117	1.1709	0.8392	1.2673	0.8796	1.2164	0.8648
118	1.1544	0.8271	1.2584	0.8676	1.2092	0.8556
119	1.161	0.8372	1.2587	0.8738	1.2038	0.8638
120	1.1647	0.8431	1.274	0.8899	1.2226	0.8699
121	1.1416	0.8224	1.2402	0.8607	1.1955	0.8515
122	1.1355	0.8179	1.2441	0.858	1.1941	0.849
123	1.157	0.839	1.2649	0.8843	1.2142	0.8654
124	1.1342	0.8128	1.2411	0.8504	1.1914	0.8469
125	1.1353	0.8234	1.236	0.8635	1.193	0.8527
126	1.1766	0.8679	1.2808	0.9077	1.2465	0.8949
127	1.1359	0.8231	1.2411	0.8582	1.1889	0.8535
128	1.1171	0.8079	1.2277	0.85	1.1816	0.8387
129	1.1143	0.8018	1.2284	0.8425	1.1784	0.8383
130	1.1047	0.7934	1.2167	0.8353	1.1717	0.831
131	1.1016	0.7963	1.2166	0.8396	1.1643	0.8292
132	1.127	0.8224	1.2351	0.8611	1.2011	0.8581
133	1.1244	0.8124	1.2287	0.8446	1.1794	0.8484
134	1.1186	0.8143	1.2354	0.8583	1.1974	0.852
135	1.0974	0.7899	1.206	0.8287	1.16	0.8255
136	1.0856	0.7832	1.1995	0.8259	1.1512	0.8182
137	1.0853	0.7814	1.2009	0.8219	1.1642	0.8177
138	1.0783	0.7738	1.1921	0.816	1.1501	0.8119
139	1.0845	0.7892	1.2023	0.8328	1.1577	0.8275
140	1.0852	0.7872	1.2014	0.8303	1.1672	0.829
141	1.0796	0.7743	1.195	0.8139	1.1503	0.8143
142	1.0661	0.7687	1.1815	0.813	1.1449	0.8115
143	1.07	0.7749	1.1837	0.811	1.1504	0.8148
144	1.081	0.7813	1.1942	0.8165	1.1527	0.8205
145	1.0732	0.7772	1.191	0.8204	1.1565	0.8209
146	1.0628	0.7672	1.1855	0.8083	1.1436	0.808
147	1.0579	0.7601	1.1774	0.8047	1.141	0.8025
148	1.0561	0.7591	1.1782	0.7989	1.137	0.7973
149	1.0544	0.7619	1.1772	0.8063	1.1397	0.8068
150	1.0479	0.7556	1.1733	0.7979	1.1295	0.7974
151	1.0599	0.7663	1.1812	0.8124	1.1455	0.8094
152	1.0451	0.7551	1.1658	0.7936	1.1254	0.7945
153	1.0422	0.7503	1.1678	0.7953	1.1262	0.7949
154	1.0619	0.7728	1.1856	0.808	1.1415	0.8141
155	1.0958	0.8065	1.2107	0.8521	1.1864	0.8553
156	1.0711	0.7806	1.184	0.8166	1.1569	0.8266
157	1.1002	0.8038	1.2068	0.8275	1.1734	0.8437
158	1.0759	0.7858	1.1913	0.8254	1.1623	0.8298
159	1.0402	0.7501	1.1674	0.7896	1.1295	0.7934
160	1.0366	0.7436	1.1572	0.7836	1.1181	0.7847
161	1.0389	0.7533	1.1669	0.7925	1.135	0.8001
162	1.0411	0.7557	1.1659	0.7933	1.1321	0.8005
163	1.0329	0.7412	1.1572	0.7833	1.1241	0.7836
164	1.0279	0.7433	1.1586	0.7861	1.1255	0.7925
165	1.0542	0.7668	1.1712	0.8104	1.1408	0.8124
166	1.0591	0.7733	1.1839	0.8059	1.1501	0.8199
167	1.0275	0.743	1.1579	0.787	1.1232	0.7932
168	1.0333	0.7515	1.1663	0.7918	1.1261	0.7983
169	1.0212	0.7351	1.1534	0.7787	1.1187	0.7848
170	1.0169	0.7307	1.1505	0.7747	1.1132	0.7785
171	1.0121	0.7252	1.1431	0.7701	1.107	0.7731
172	1.0151	0.7332	1.1535	0.7752	1.1174	0.7832
173	1.0209	0.7363	1.1492	0.7798	1.1123	0.7815
174	1.0244	0.7349	1.1612	0.7734	1.1244	0.7845
175	1.0093	0.728	1.1477	0.7741	1.1103	0.7768
176	0.9996	0.7173	1.1374	0.7621	1.0958	0.7672
177	0.9929	0.7103	1.14	0.7582	1.0955	0.7579
178	0.9947	0.7134	1.1373	0.7573	1.1021	0.7647
179	0.9962	0.715	1.1402	0.7593	1.1027	0.768
180	0.9932	0.7129	1.1333	0.7545	1.0922	0.7599
181	0.9887	0.7091	1.1361	0.753	1.0982	0.762
182	0.9827	0.7011	1.132	0.7489	1.0902	0.7516
183	0.9874	0.7102	1.1401	0.7577	1.0989	0.7642
184	0.9795	0.6993	1.1303	0.7468	1.088	0.7513
185	0.9889	0.7096	1.1411	0.7578	1.1036	0.7621
186	0.9772	0.7005	1.1307	0.7455	1.0901	0.7545
187	0.974	0.696	1.1331	0.7441	1.0853	0.7477
188	0.9762	0.7011	1.128	0.746	1.0874	0.752
189	0.9772	0.6988	1.1293	0.7481	1.0867	0.7534
190	1.0635	0.7913	1.1998	0.82	1.161	0.8396
191	1.0404	0.7621	1.1844	0.8115	1.1506	0.8156
192	0.9751	0.6997	1.132	0.7448	1.0904	0.7547
193	0.983	0.7029	1.1264	0.752	1.0792	0.7524
194	0.9652	0.688	1.1304	0.7368	1.0858	0.7419
195	0.9837	0.7128	1.152	0.7651	1.106	0.7701
196	0.962	0.6912	1.1298	0.7417	1.0822	0.747
197	0.9595	0.6833	1.1291	0.7317	1.0877	0.7404
198	0.9687	0.6896	1.1145	0.7361	1.0689	0.7428
199	0.9532	0.6761	1.1291	0.7237	1.0855	0.7333
200	0.9656	0.6936	1.1329	0.7511	1.0824	0.7528
201	0.9543	0.6815	1.1346	0.7326	1.0807	0.7394
202	0.9526	0.6816	1.125	0.7346	1.0789	0.7419
203	1.0343	0.7739	1.1964	0.82	1.1448	0.8312
204	0.9778	0.7077	1.1401	0.7622	1.0996	0.7638
205	0.9696	0.7001	1.1349	0.7447	1.0869	0.7589
206	0.9455	0.6766	1.1251	0.728	1.0765	0.7314
207	0.9399	0.6715	1.1121	0.724	1.0655	0.7284
208	0.9403	0.6668	1.1093	0.7182	1.0589	0.7255
209	0.9412	0.6714	1.1103	0.7226	1.0665	0.7325
210	0.9439	0.6728	1.125	0.7249	1.0779	0.7335
211	0.9508	0.69	1.1158	0.7345	1.0715	0.7489
212	0.9705	0.7056	1.14	0.7557	1.0997	0.7639
213	0.9672	0.7053	1.1285	0.7478	1.082	0.7625
214	0.9516	0.6846	1.1272	0.7317	1.0866	0.7424
215	0.9357	0.6707	1.1007	0.7168	1.0575	0.7293
216	0.9396	0.6696	1.1259	0.7184	1.0878	0.7322
217	0.9307	0.6661	1.106	0.7116	1.059	0.7246
218	0.9505	0.6866	1.1285	0.738	1.0941	0.7496
219	0.9298	0.666	1.1134	0.7142	1.0659	0.7291
220	0.9303	0.6673	1.1126	0.7151	1.0666	0.7264
221	0.9171	0.6535	1.1002	0.7044	1.0507	0.7151
222	0.9118	0.649	1.1014	0.6996	1.0526	0.7093
223	0.9161	0.6516	1.097	0.7047	1.0452	0.7155
224	0.9131	0.6487	1.1124	0.6992	1.0671	0.714
225	0.9191	0.6578	1.0999	0.7106	1.0494	0.723
226	0.9226	0.6596	1.1204	0.7086	1.0758	0.722
227	0.9103	0.6467	1.0941	0.6957	1.0482	0.7135
228	0.9056	0.6463	1.1012	0.6982	1.0476	0.7068
229	0.9335	0.6708	1.1265	0.7209	1.0795	0.7322
230	0.9324	0.6819	1.1356	0.7318	1.0801	0.7441
231	0.9239	0.666	1.098	0.7182	1.0568	0.7283
232	0.9154	0.6523	1.1051	0.6947	1.0628	0.7176
233	0.9181	0.656	1.0924	0.708	1.0447	0.7166
234	0.9081	0.6511	1.1076	0.6963	1.0613	0.7165
235	0.8974	0.6389	1.1007	0.6912	1.0549	0.704
236	0.8937	0.6351	1.099	0.691	1.0476	0.7046
237	0.9089	0.6492	1.1191	0.7052	1.0689	0.7129
238	0.8967	0.6407	1.1068	0.6952	1.055	0.7069
239	0.9297	0.6748	1.1198	0.7285	1.0756	0.7382
240	0.9254	0.6715	1.1169	0.7204	1.0637	0.7344
241	0.9311	0.6785	1.1317	0.734	1.092	0.7446
242	0.9331	0.6742	1.1161	0.7236	1.0614	0.7343
243	0.9191	0.6564	1.1326	0.7133	1.0931	0.7263
244	0.8865	0.6317	1.0999	0.6874	1.0472	0.6978
245	0.8876	0.6295	1.0889	0.6862	1.0382	0.6952
246	0.8969	0.6395	1.1098	0.6971	1.0575	0.7099
247	0.8852	0.6315	1.1012	0.6916	1.0424	0.6968
248	0.8779	0.6227	1.0975	0.6795	1.0417	0.6907
249	0.8819	0.6266	1.0851	0.6843	1.0333	0.6929
250	0.8823	0.6241	1.1133	0.686	1.0528	0.6884
251	0.8854	0.6335	1.089	0.6914	1.0243	0.6967
252	0.8814	0.6235	1.12	0.6891	1.059	0.6936
253	0.8771	0.6236	1.0927	0.6841	1.0293	0.689
254	0.8701	0.6146	1.0965	0.6741	1.0354	0.6835
255	0.9222	0.6759	1.1235	0.7387	1.0715	0.7439
256	0.8914	0.6357	1.1052	0.6916	1.0327	0.699
257	0.8924	0.6467	1.1091	0.7038	1.0489	0.7169
258	0.9029	0.6403	1.1443	0.7071	1.084	0.7108
259	0.8699	0.6176	1.1026	0.6806	1.0421	0.6895
260	0.8686	0.615	1.0944	0.6786	1.0333	0.6826
261	0.8693	0.6171	1.0928	0.6741	1.0308	0.6824
262	0.8744	0.6238	1.102	0.6844	1.0451	0.6927
263	0.8775	0.6293	1.104	0.6873	1.0392	0.6995
264	0.8936	0.6424	1.1207	0.7055	1.06	0.7095
265	0.9022	0.655	1.1262	0.7094	1.0667	0.7279
266	0.93	0.6767	1.1413	0.7323	1.0841	0.7389
267	0.8795	0.6306	1.103	0.6823	1.0444	0.6997
268	0.8754	0.6235	1.1061	0.6832	1.0482	0.6933
269	0.8661	0.6177	1.1008	0.6766	1.0377	0.6851
270	0.8646	0.613	1.1003	0.6781	1.0358	0.6849
271	0.8855	0.6368	1.1414	0.7084	1.0755	0.7083
272	0.8599	0.6088	1.0738	0.6711	1.0101	0.6771
273	0.8842	0.6339	1.1078	0.6844	1.0511	0.7011
274	0.858	0.6089	1.0727	0.6685	1.0148	0.678
275	0.8777	0.6253	1.1183	0.6893	1.0633	0.6981
276	0.8687	0.6221	1.0945	0.6869	1.0419	0.7021
277	0.8577	0.6065	1.0978	0.6673	1.0373	0.6773
278	0.8586	0.6107	1.0743	0.6688	1.0125	0.6782
279	0.8584	0.61	1.0976	0.674	1.0351	0.6801
280	0.8608	0.6179	1.0911	0.6839	1.0322	0.6919
281	0.8543	0.6015	1.1123	0.6734	1.0517	0.6763
282	0.8506	0.6034	1.0932	0.6661	1.0301	0.6776
283	0.8399	0.593	1.0978	0.6617	1.0343	0.6676
284	0.8622	0.6117	1.1114	0.682	1.054	0.6895
285	0.846	0.602	1.0965	0.6651	1.0357	0.6788
286	0.855	0.6093	1.0951	0.6727	1.0255	0.6843
287	0.839	0.5933	1.0885	0.6583	1.0262	0.6681
288	0.8504	0.6078	1.0945	0.6694	1.0316	0.6829
289	0.862	0.6191	1.102	0.6857	1.043	0.6965
290	0.854	0.6116	1.0937	0.6716	1.0253	0.6813
291	0.8425	0.5936	1.0889	0.6605	1.0247	0.6748
292	0.8579	0.6195	1.1106	0.6806	1.0472	0.6927
293	0.8458	0.6004	1.0955	0.6665	1.0289	0.6719
294	0.8405	0.5958	1.1078	0.6678	1.0408	0.6711
295	0.8377	0.5945	1.0996	0.6678	1.0329	0.6746
296	0.8278	0.5842	1.0812	0.6528	1.01	0.6592
297	0.8301	0.5844	1.0848	0.654	1.0169	0.6598
298	0.8482	0.6043	1.0967	0.6637	1.0355	0.6808
299	0.8407	0.5951	1.0859	0.6616	1.0217	0.6689
300	0.8336	0.5907	1.0907	0.6601	1.0253	0.6657
301	0.8443	0.6048	1.0852	0.6658	1.0239	0.6808
302	0.8384	0.5962	1.0863	0.6635	1.0285	0.6734
303	0.83	0.5873	1.0771	0.6537	1.006	0.6599
304	0.8259	0.5831	1.0829	0.6532	1.0194	0.663
305	0.8255	0.5814	1.0863	0.6521	1.0239	0.664
306	0.8173	0.5733	1.0864	0.6478	1.0145	0.6533
307	0.8397	0.6035	1.0986	0.6714	1.0269	0.6833
308	0.8329	0.5928	1.0942	0.6637	1.029	0.6715
309	0.8218	0.5806	1.077	0.6508	1.0085	0.6639
310	0.8184	0.5754	1.0864	0.6508	1.0172	0.6572
311	0.8223	0.5806	1.0958	0.661	1.017	0.6629
312	0.8272	0.5867	1.0949	0.66	1.016	0.667
313	0.8613	0.6248	1.0952	0.6963	1.0352	0.7031
314	0.849	0.6101	1.1064	0.6763	1.0443	0.6958
315	0.8256	0.5822	1.0914	0.6559	1.0296	0.6649
316	0.8112	0.5686	1.0901	0.6475	1.0238	0.6548
317	0.8456	0.609	1.0875	0.6771	1.0122	0.6816
318	0.8526	0.6157	1.1104	0.6941	1.04	0.6935
319	0.829	0.5943	1.0917	0.6663	1.018	0.677
320	0.8097	0.572	1.0792	0.6434	1.0137	0.6551
321	0.8734	0.6327	1.1354	0.7074	1.0704	0.7074
322	0.8605	0.6284	1.1193	0.6932	1.0502	0.707
323	0.8087	0.5688	1.0721	0.6456	1.0027	0.6523
324	0.8046	0.5642	1.0775	0.6367	1.0106	0.6466
325	0.8039	0.5649	1.082	0.6417	1.0132	0.6523
326	0.8037	0.5666	1.0781	0.6459	1.0057	0.655
327	0.7977	0.5591	1.0819	0.6396	1.0021	0.6468
328	0.8076	0.5696	1.0836	0.6506	1.0074	0.6559
329	0.7975	0.5599	1.0937	0.6463	1.0026	0.6433
330	0.8015	0.5618	1.0804	0.6431	1.0002	0.6466
331	0.8022	0.5645	1.1049	0.6529	1.0208	0.6544
332	0.7968	0.5591	1.0905	0.6425	1.007	0.6443
333	0.7922	0.5531	1.0776	0.6362	1.0	0.6423
334	0.7979	0.5634	1.0769	0.644	0.9985	0.6465
335	0.7926	0.5528	1.0852	0.6379	1.0081	0.6454
336	0.7959	0.5626	1.0794	0.6386	1.0006	0.6448
337	0.7928	0.5553	1.0769	0.6387	0.9923	0.6423
338	0.8646	0.6368	1.1343	0.7072	1.0579	0.7133
339	0.8082	0.5743	1.085	0.6538	1.002	0.6587
340	0.8017	0.5624	1.0942	0.6482	1.0235	0.6528
341	0.8125	0.579	1.1148	0.6748	1.03	0.6731
342	0.8176	0.5786	1.0984	0.661	1.0184	0.6595
343	0.7985	0.5631	1.0976	0.6509	1.0266	0.6561
344	0.8066	0.5689	1.0837	0.6503	1.0022	0.6553
345	0.8061	0.5711	1.0982	0.6579	1.021	0.6566
346	0.7891	0.5538	1.0793	0.6406	1.0007	0.6436
347	0.7848	0.5487	1.0855	0.6363	1.0053	0.6408
348	0.8051	0.5694	1.0808	0.6534	1.0083	0.6541
349	0.8092	0.5761	1.1089	0.6629	1.0298	0.6593
350	0.8429	0.6177	1.1183	0.696	1.029	0.698
351	0.8924	0.651	1.1842	0.7395	1.1048	0.7247
352	0.8799	0.6595	1.1388	0.7401	1.0538	0.7423
353	0.8416	0.6077	1.1376	0.6966	1.0661	0.689
354	0.7951	0.5578	1.0688	0.6401	0.9911	0.648
355	0.817	0.5861	1.0858	0.6649	1.0004	0.662
356	0.8174	0.5811	1.0819	0.6529	0.9956	0.658
357	0.7928	0.5561	1.086	0.6415	1.0163	0.6469
358	0.8187	0.5941	1.1144	0.6896	1.0362	0.6845
359	0.7893	0.5554	1.086	0.6456	1.0082	0.6432
360	0.7954	0.5634	1.0779	0.6422	1.005	0.6459
361	0.792	0.5583	1.0761	0.6427	0.9972	0.6432
362	0.7873	0.5568	1.0787	0.6426	0.9986	0.6483
363	0.7855	0.5524	1.0787	0.6381	0.9994	0.6424
364	0.7811	0.5502	1.0713	0.633	0.9927	0.6396
365	0.7727	0.5388	1.076	0.6275	0.9997	0.6317
366	0.7731	0.5391	1.0684	0.6278	0.9887	0.6308
367	0.7694	0.5384	1.0835	0.6342	1.0022	0.6336
368	0.7681	0.5356	1.0818	0.6332	0.9949	0.6277
369	0.7762	0.545	1.0771	0.6347	0.9981	0.6337
370	0.7714	0.5415	1.0708	0.6317	0.9981	0.6366
371	0.7669	0.5391	1.071	0.6274	0.9906	0.6297
372	0.7684	0.5361	1.0646	0.6284	0.975	0.6292
373	0.7769	0.549	1.0746	0.6373	0.9925	0.6393
374	0.7992	0.5662	1.1074	0.661	1.0324	0.6583
375	0.7946	0.5669	1.1189	0.6671	1.0392	0.6645
376	0.7967	0.5628	1.0898	0.6541	1.0148	0.648
377	0.7665	0.537	1.0684	0.6296	0.9833	0.6315
378	0.7849	0.5555	1.0778	0.6438	0.9936	0.6425
379	0.7878	0.5597	1.0832	0.6508	1.0082	0.6513
380	0.8165	0.5883	1.0813	0.6645	0.9983	0.6659
381	0.8289	0.6029	1.1172	0.6959	1.0427	0.6893
382	0.8067	0.5858	1.0912	0.6694	1.0084	0.674
383	0.8196	0.5839	1.1151	0.6716	1.033	0.6643
384	0.7979	0.576	1.1026	0.6674	1.0184	0.6676
385	0.7653	0.5351	1.0801	0.6315	0.9935	0.6312
386	0.7609	0.533	1.0724	0.6258	0.989	0.6272
387	0.8005	0.5623	1.0805	0.6497	0.9817	0.6373
388	0.7781	0.5534	1.0865	0.6511	1.0037	0.6486
389	0.7711	0.5456	1.0837	0.6428	0.9987	0.6423
390	0.8065	0.5702	1.1335	0.6667	1.0426	0.6557
391	0.7601	0.5333	1.077	0.6358	0.9882	0.6316
392	0.7727	0.5455	1.0626	0.6402	0.977	0.6366
393	0.77	0.5419	1.0784	0.6362	0.9913	0.638
394	0.7577	0.5292	1.0874	0.6351	0.9911	0.6271
395	0.762	0.5362	1.0751	0.6336	0.9838	0.6333
396	0.7541	0.5259	1.0826	0.6287	0.9851	0.623
397	0.7601	0.5331	1.0734	0.6366	0.9808	0.6323
398	0.7596	0.531	1.0795	0.6334	0.9891	0.6303
399	0.7602	0.5323	1.0948	0.6383	0.9993	0.6244
400	0.7539	0.527	1.063	0.6271	0.9779	0.6275
401	0.7499	0.5214	1.0665	0.623	0.9799	0.6213
402	0.7498	0.522	1.0587	0.6209	0.9727	0.6192
403	0.7546	0.5274	1.0784	0.6287	0.9908	0.626
404	0.7455	0.5201	1.0756	0.6237	0.9749	0.6135
405	0.7482	0.5203	1.0823	0.6295	0.9839	0.6196
406	0.7627	0.5336	1.0979	0.641	1.0	0.6314
407	0.7535	0.5265	1.0827	0.6327	0.9727	0.6197
408	0.7643	0.5367	1.0824	0.6425	0.9924	0.6338
409	0.7812	0.5605	1.1084	0.6626	1.006	0.6548
410	0.7461	0.5216	1.0753	0.6247	0.9706	0.6159
411	0.7502	0.5232	1.0906	0.6306	0.9895	0.6228
412	0.7477	0.5222	1.0571	0.6243	0.9589	0.6184
413	0.7437	0.5167	1.0743	0.6217	0.9746	0.6146
414	0.7522	0.5263	1.0845	0.6321	0.9897	0.6278
415	0.744	0.5207	1.0808	0.6297	0.9763	0.6192
416	0.7414	0.516	1.0782	0.6272	0.9834	0.6198
417	0.7703	0.553	1.0792	0.6531	0.9832	0.6465
418	0.752	0.5242	1.0876	0.6311	0.9893	0.6233
419	0.7499	0.528	1.0821	0.6326	0.9819	0.6266
420	0.7452	0.518	1.0706	0.6285	0.9813	0.6233
421	0.7454	0.5192	1.0792	0.6275	0.9829	0.6194
422	0.7632	0.5429	1.0762	0.6405	0.9826	0.6379
423	0.7483	0.5271	1.0755	0.6315	0.9806	0.6292
424	0.7393	0.5162	1.0617	0.6184	0.9588	0.6101
425	0.7449	0.5194	1.0832	0.6243	0.9918	0.6186
426	0.7466	0.5248	1.0565	0.6277	0.9707	0.6248
427	0.7551	0.5337	1.0889	0.6395	0.9981	0.6319
428	0.735	0.5108	1.0732	0.6229	0.9793	0.6171
429	0.7318	0.5072	1.0853	0.6228	0.9916	0.6109
430	0.7307	0.5072	1.0643	0.6183	0.9719	0.6132
431	0.7477	0.5238	1.0798	0.6367	0.9883	0.6246
432	0.7381	0.5155	1.0831	0.6285	0.9829	0.62
433	0.7259	0.5027	1.0832	0.6191	0.9803	0.6065
434	0.761	0.5359	1.095	0.6471	0.9997	0.6406
435	0.8003	0.5877	1.1499	0.699	1.036	0.6829
436	0.7708	0.5442	1.0847	0.6509	0.9907	0.6435
437	0.7387	0.5182	1.0698	0.6221	0.9741	0.6197
438	0.7485	0.5306	1.058	0.6297	0.9644	0.6281
439	0.7435	0.5211	1.0652	0.6214	0.958	0.6087
440	0.728	0.5041	1.0578	0.6171	0.9506	0.6064
441	0.7316	0.5075	1.0924	0.6259	0.9876	0.6152
442	0.7298	0.508	1.0854	0.6228	0.982	0.6174
443	0.7308	0.5105	1.0837	0.6252	0.9791	0.6185
444	0.7223	0.4997	1.076	0.6195	0.9738	0.6077
445	0.726	0.5045	1.0645	0.6134	0.9523	0.6049
446	0.7283	0.5072	1.0902	0.6275	0.9894	0.6171
447	0.7328	0.5133	1.0773	0.6278	0.9652	0.6165
448	0.7556	0.5307	1.1077	0.6463	1.0054	0.6322
449	0.7481	0.5328	1.1167	0.6572	0.9936	0.637
450	0.7403	0.526	1.1029	0.6475	0.989	0.6264
451	0.7471	0.5271	1.0965	0.6466	0.9921	0.6328
452	0.74	0.5246	1.093	0.6466	0.9783	0.6299
453	0.7316	0.5076	1.0716	0.6258	0.9732	0.6197
454	0.7351	0.5124	1.0896	0.6327	0.9963	0.6252
455	0.7238	0.5066	1.0633	0.6239	0.9571	0.6157
456	0.7255	0.5005	1.1002	0.6278	0.9917	0.6116
457	0.7192	0.4967	1.0542	0.6122	0.9604	0.6081
458	0.7157	0.4933	1.0847	0.6198	0.9816	0.6063
459	0.73	0.5168	1.0739	0.6372	0.9739	0.6265
460	0.7258	0.5015	1.0833	0.6285	0.9854	0.6163
461	0.7145	0.4937	1.0711	0.6167	0.9662	0.6095
462	0.7369	0.5237	1.1096	0.6506	0.9911	0.6324
463	0.7784	0.5523	1.1179	0.6704	1.0202	0.655
464	0.726	0.5101	1.093	0.6333	0.9847	0.6189
465	0.7216	0.5031	1.0605	0.6215	0.9517	0.6128
466	0.7172	0.4961	1.0806	0.6222	0.9768	0.6108
467	0.7147	0.4945	1.0592	0.6158	0.9567	0.6061
468	0.7258	0.51	1.0741	0.6305	0.976	0.6225
469	0.73	0.5162	1.0758	0.6347	0.9653	0.623
470	0.7086	0.4863	1.0773	0.6105	0.9688	0.603
471	0.7325	0.5175	1.0736	0.636	0.9715	0.6239
472	0.7306	0.5132	1.091	0.6412	0.982	0.6279
473	0.7276	0.5138	1.07	0.629	0.9545	0.6195
474	0.7138	0.4967	1.063	0.6155	0.9583	0.6071
475	0.712	0.4935	1.0665	0.6151	0.9613	0.6079
476	0.7091	0.4907	1.0762	0.6176	0.9494	0.602
477	0.711	0.4934	1.0764	0.6189	0.9654	0.6047
478	0.7111	0.4942	1.0644	0.6195	0.9603	0.6077
479	0.7277	0.5095	1.095	0.6379	0.9909	0.6221
480	0.7096	0.4896	1.0751	0.6184	0.9728	0.6043
481	0.7255	0.5136	1.0703	0.6339	0.9641	0.6198
482	0.7533	0.5353	1.1026	0.6574	1.0082	0.6418
483	0.7188	0.5046	1.0597	0.6222	0.9542	0.6112
484	0.7552	0.5377	1.0993	0.6572	1.0014	0.6424
485	0.7073	0.4922	1.0633	0.6174	0.9591	0.6048
486	0.7243	0.5112	1.0681	0.6277	0.9532	0.6129
487	0.7048	0.4852	1.0604	0.6101	0.9526	0.6009
488	0.7036	0.4862	1.0696	0.6166	0.9619	0.6056
489	0.7011	0.4842	1.0763	0.6157	0.9699	0.6019
490	0.7079	0.4916	1.0744	0.6224	0.9686	0.6106
491	0.7237	0.5142	1.09	0.6423	0.9803	0.6229
492	0.7123	0.4929	1.0795	0.6255	0.9785	0.6132
493	0.6972	0.4806	1.0681	0.6121	0.9568	0.596
494	0.6985	0.4842	1.0714	0.6135	0.9541	0.5998
495	0.7028	0.4899	1.0673	0.6196	0.9436	0.6015
496	0.7114	0.4954	1.0807	0.631	0.9737	0.6145
497	0.7163	0.5015	1.0713	0.628	0.9677	0.6194
498	0.7191	0.5047	1.0544	0.621	0.9497	0.608
499	0.7127	0.4995	1.0772	0.6266	0.9624	0.611
500	0.7025	0.4859	1.0473	0.6126	0.9427	0.598
501	0.7014	0.488	1.0687	0.6178	0.966	0.6092
502	0.6977	0.4804	1.0637	0.6117	0.9553	0.6011
503	0.7035	0.4869	1.0894	0.6224	0.9723	0.6063
504	0.6999	0.4883	1.0618	0.6192	0.9455	0.5998
505	0.6956	0.4788	1.0911	0.6195	0.9683	0.5962
506	0.701	0.4838	1.0846	0.6186	0.9636	0.6024
507	0.7131	0.5072	1.0827	0.6362	0.9654	0.6173
508	0.6947	0.479	1.0861	0.6212	0.9642	0.5999
509	0.7025	0.4907	1.078	0.6173	0.955	0.6051
510	0.6969	0.487	1.0723	0.6167	0.9442	0.5992
511	0.7182	0.501	1.074	0.6302	0.9729	0.624
512	0.7033	0.4912	1.0605	0.618	0.9451	0.608
513	0.6954	0.4819	1.0854	0.6141	0.9655	0.5942
514	0.7372	0.5219	1.0805	0.6457	0.9689	0.6339
515	0.7041	0.4928	1.0896	0.6209	0.9705	0.6046
516	0.7123	0.4965	1.0784	0.6277	0.9683	0.6168
517	0.6964	0.4841	1.0945	0.6218	0.9767	0.6038
518	0.6885	0.4757	1.0623	0.6067	0.9449	0.5925
519	0.6842	0.471	1.0788	0.6124	0.9647	0.593
520	0.6849	0.4726	1.0588	0.6056	0.9466	0.5933
521	0.6889	0.4739	1.0816	0.6131	0.9596	0.5939
522	0.6826	0.4688	1.0773	0.6099	0.9599	0.5919
523	0.6833	0.4711	1.0861	0.6123	0.966	0.593
524	0.6871	0.4781	1.0745	0.617	0.9506	0.6017
525	0.6909	0.4807	1.0811	0.6209	0.9602	0.5983
526	0.759	0.5511	1.1223	0.6858	1.0052	0.6581
527	0.696	0.4867	1.0619	0.6133	0.9388	0.5985
528	0.6829	0.4727	1.079	0.6097	0.9535	0.5954
529	0.7188	0.5128	1.096	0.6496	0.978	0.6322
530	0.7131	0.5049	1.0791	0.6306	0.9476	0.613
531	0.6852	0.4734	1.0721	0.6119	0.9502	0.5948
532	0.6921	0.4771	1.0434	0.6084	0.9235	0.5899
533	0.6856	0.4754	1.0795	0.6142	0.963	0.5996
534	0.6885	0.4763	1.0439	0.6074	0.9258	0.5921
535	0.6879	0.4803	1.0686	0.6107	0.9451	0.5988
536	0.6859	0.4738	1.0749	0.6175	0.9495	0.5945
537	0.6911	0.4786	1.0461	0.6142	0.9201	0.5943
538	0.7077	0.4962	1.0881	0.6321	0.9715	0.6157
539	0.7079	0.4984	1.0812	0.6342	0.9696	0.6216
540	0.6916	0.4807	1.0801	0.6248	0.9636	0.607
541	0.6761	0.4651	1.0577	0.605	0.927	0.5813
542	0.68	0.471	1.0748	0.6122	0.9522	0.5908
543	0.6761	0.4639	1.0696	0.6083	0.9513	0.59
544	0.6829	0.4699	1.095	0.6203	0.9695	0.5964
545	0.6746	0.464	1.0695	0.6104	0.9347	0.5863
546	0.6977	0.4919	1.1095	0.6411	0.9694	0.6099
547	0.6948	0.4944	1.0902	0.6341	0.955	0.6084
548	0.7003	0.4843	1.1208	0.6326	0.9839	0.5995
549	0.6784	0.4677	1.0671	0.6097	0.934	0.5822
550	0.705	0.4994	1.0998	0.6336	0.9828	0.6143
551	0.6851	0.4753	1.0457	0.6073	0.916	0.5867
552	0.6925	0.4803	1.0809	0.6238	0.9574	0.6012
553	0.6807	0.4715	1.0556	0.6078	0.9238	0.5843
554	0.683	0.4755	1.0731	0.6153	0.9601	0.6012
555	0.6752	0.4644	1.0624	0.6061	0.94	0.5857
556	0.6699	0.4614	1.0814	0.6099	0.9467	0.5824
557	0.6876	0.4736	1.0904	0.6212	0.9715	0.6016
558	0.6689	0.458	1.0656	0.6064	0.9439	0.5817
559	0.6814	0.4771	1.0762	0.618	0.9529	0.5919
560	0.6721	0.461	1.0755	0.6137	0.9455	0.5849
561	0.6812	0.4712	1.079	0.6186	0.9533	0.5971
562	0.6811	0.4713	1.0829	0.618	0.9538	0.5971
563	0.6657	0.4561	1.0806	0.6099	0.9378	0.5797
564	0.7399	0.5247	1.1154	0.662	0.9883	0.6321
565	0.6785	0.4688	1.0887	0.6168	0.9585	0.5928
566	0.6767	0.4696	1.0712	0.6102	0.939	0.5889
567	0.6756	0.4694	1.0925	0.6197	0.9653	0.5941
568	0.6677	0.4607	1.0651	0.6068	0.9281	0.5825
569	0.6743	0.4645	1.0824	0.617	0.9548	0.592
570	0.6925	0.4871	1.053	0.6146	0.9269	0.5935
571	0.6792	0.473	1.0726	0.6184	0.9493	0.5976
572	0.6762	0.4722	1.0746	0.6171	0.9452	0.5976
573	0.6817	0.4735	1.0591	0.6133	0.9256	0.5856
574	0.6943	0.4852	1.0988	0.6307	0.9805	0.6095
575	0.7368	0.5409	1.1109	0.6775	0.9879	0.6531
576	0.6664	0.4631	1.0788	0.6063	0.9465	0.5816
577	0.6991	0.4882	1.1252	0.6408	0.9863	0.6084
578	0.6625	0.4546	1.0712	0.6038	0.9361	0.579
579	0.6728	0.4702	1.0833	0.6166	0.9506	0.5945
580	0.7117	0.5009	1.1033	0.6436	0.9785	0.6167
581	0.6943	0.4932	1.0898	0.6335	0.9576	0.6104
582	0.6815	0.4723	1.0815	0.6208	0.9505	0.6001
583	0.6626	0.4543	1.0752	0.61	0.9348	0.5797
584	0.661	0.4555	1.0657	0.6027	0.9267	0.576
585	0.6626	0.4538	1.0652	0.6034	0.9387	0.5854
586	0.7015	0.5002	1.0651	0.6353	0.9325	0.6068
587	0.7467	0.5471	1.1247	0.6894	1.0169	0.6665
588	0.7147	0.5122	1.0642	0.6386	0.9261	0.6125
589	0.682	0.4808	1.0768	0.628	0.9569	0.6119
590	0.6698	0.4666	1.0565	0.6118	0.9314	0.5924
591	0.6666	0.4631	1.0702	0.6098	0.94	0.5844
592	0.6535	0.447	1.0597	0.598	0.9214	0.5773
593	0.6918	0.483	1.0988	0.636	0.9794	0.6112
594	0.6608	0.4575	1.077	0.6111	0.9385	0.5833
595	0.6707	0.4637	1.0902	0.6182	0.9609	0.5941
596	0.6561	0.4514	1.0703	0.6024	0.9351	0.5809
597	0.691	0.4952	1.1057	0.6478	0.9661	0.6123
598	0.723	0.5146	1.1071	0.6574	0.9875	0.637
599	0.6556	0.4512	1.0597	0.6012	0.9273	0.5752
600	0.652	0.4453	1.0571	0.5977	0.9177	0.5719
601	0.6598	0.4542	1.0721	0.6087	0.9401	0.5857
602	0.6669	0.4634	1.0822	0.6177	0.9441	0.5882
603	0.6775	0.4726	1.0903	0.6259	0.946	0.6013
604	0.6635	0.463	1.0929	0.6202	0.9491	0.5906
605	0.6536	0.4509	1.0788	0.6066	0.9359	0.5828
606	0.6639	0.4639	1.0961	0.6197	0.9541	0.5857
607	0.6533	0.4492	1.0633	0.6049	0.9194	0.5757
608	0.6815	0.4806	1.0755	0.6315	0.9465	0.6114
609	0.6802	0.4779	1.103	0.6315	0.9582	0.6002
610	0.6535	0.4509	1.0616	0.6007	0.9238	0.5794
611	0.6523	0.4458	1.0974	0.6129	0.9576	0.5802
612	0.6705	0.4754	1.0837	0.627	0.9341	0.5925
613	0.6581	0.451	1.083	0.6133	0.9427	0.5828
614	0.6546	0.451	1.0791	0.6152	0.938	0.587
615	0.6428	0.4394	1.0622	0.6002	0.9134	0.5672
616	0.6516	0.446	1.0766	0.6046	0.9411	0.5778
617	0.6475	0.4472	1.0565	0.6054	0.9269	0.5831
618	0.6578	0.4576	1.0613	0.6111	0.919	0.5815
619	0.6443	0.4426	1.0697	0.6026	0.919	0.5709
620	0.641	0.4381	1.0661	0.6009	0.9268	0.5734
621	0.658	0.4531	1.076	0.6104	0.938	0.5834
622	0.6431	0.441	1.0696	0.6081	0.9316	0.5777
623	0.6363	0.4339	1.061	0.5993	0.9243	0.5713
624	0.6542	0.4576	1.0696	0.6134	0.9239	0.5913
625	0.6601	0.4632	1.0715	0.6155	0.9312	0.5933
626	0.6739	0.4678	1.0667	0.6181	0.9169	0.5862
627	0.6725	0.4761	1.0816	0.6286	0.9552	0.6088
628	0.6569	0.4572	1.0752	0.6196	0.9307	0.5882
629	0.6708	0.472	1.1042	0.6337	0.9691	0.6068
630	0.6516	0.4516	1.0561	0.6041	0.9081	0.5736
631	0.6615	0.463	1.0893	0.6204	0.9573	0.5993
632	0.6493	0.4493	1.0612	0.6066	0.924	0.5794
633	0.6591	0.4645	1.0791	0.6259	0.9443	0.6028
634	0.6522	0.4503	1.0519	0.604	0.929	0.5809
635	0.643	0.4451	1.0588	0.6013	0.9232	0.5761
636	0.6433	0.4421	1.0867	0.6105	0.955	0.5859
637	0.6739	0.4817	1.0977	0.6387	0.9551	0.6069
638	0.6448	0.4476	1.0694	0.6125	0.9254	0.5779
639	0.6587	0.4636	1.0923	0.6206	0.9455	0.5905
640	0.6661	0.4691	1.085	0.629	0.9492	0.6004
641	0.6457	0.4499	1.0548	0.6088	0.9114	0.5822
642	0.6464	0.4456	1.0835	0.6134	0.9258	0.5775
643	0.6365	0.4355	1.0594	0.6014	0.9249	0.5768
644	0.6603	0.4601	1.1011	0.623	0.9552	0.5929
645	0.6748	0.4787	1.0933	0.6343	0.9474	0.6042
646	0.6618	0.4709	1.0894	0.6274	0.9478	0.5941
647	0.6707	0.4662	1.0835	0.6276	0.9513	0.5984
648	0.6433	0.4426	1.0959	0.6117	0.9435	0.5756
649	0.6664	0.4716	1.1041	0.6326	0.9703	0.6012
650	0.6394	0.4401	1.0797	0.6093	0.9361	0.5739
651	0.6967	0.4929	1.1139	0.649	0.99	0.6224
652	0.6373	0.4415	1.0784	0.6093	0.9235	0.5777
653	0.6655	0.4723	1.0863	0.6289	0.949	0.5984
654	0.6983	0.5032	1.1129	0.6594	0.9835	0.6342
655	0.6324	0.4323	1.087	0.6018	0.9411	0.5734
656	0.63	0.4319	1.0763	0.6031	0.9232	0.5704
657	0.6334	0.4352	1.0796	0.6118	0.9319	0.5727
658	0.6663	0.4677	1.0914	0.6312	0.9467	0.6039
659	0.6305	0.4308	1.0778	0.6044	0.9302	0.5714
660	0.636	0.4399	1.0767	0.6014	0.9431	0.5744
661	0.6287	0.4314	1.0582	0.5994	0.9134	0.5717
662	0.6234	0.4258	1.0645	0.5981	0.914	0.5647
663	0.621	0.4222	1.0502	0.5903	0.9014	0.5617
664	0.6286	0.4332	1.0695	0.6035	0.9242	0.5762
665	0.6339	0.4352	1.056	0.602	0.9158	0.5713
666	0.6349	0.4378	1.0909	0.6162	0.9442	0.5832
667	0.6323	0.4375	1.0539	0.6036	0.8997	0.5747
668	0.7016	0.5102	1.1231	0.6688	0.9914	0.639
669	0.6433	0.449	1.0636	0.6055	0.9163	0.5829
670	0.6653	0.4727	1.0736	0.6229	0.9304	0.5983
671	0.6287	0.4316	1.0656	0.6028	0.9269	0.576
672	0.6249	0.4272	1.0674	0.5973	0.9249	0.5722
673	0.6361	0.4438	1.0758	0.6122	0.9258	0.5823
674	0.6329	0.437	1.0863	0.6126	0.9365	0.578
675	0.6411	0.4469	1.0702	0.613	0.9331	0.5889
676	0.6476	0.4603	1.0824	0.6297	0.9417	0.596
677	0.6593	0.4591	1.1124	0.6308	0.9648	0.5916
678	0.6334	0.4404	1.0773	0.6195	0.9202	0.5759
679	0.6287	0.4344	1.0947	0.6133	0.9476	0.5785
680	0.6233	0.4311	1.0736	0.6034	0.918	0.5703
681	0.6182	0.4217	1.0897	0.604	0.9344	0.5689
682	0.643	0.458	1.0928	0.6303	0.9389	0.5918
683	0.6569	0.4596	1.1013	0.6301	0.9478	0.5961
684	0.6252	0.429	1.0786	0.604	0.9249	0.573
685	0.6375	0.445	1.0814	0.6188	0.9184	0.5817
686	0.6203	0.427	1.0575	0.6006	0.9038	0.5719
687	0.6413	0.4478	1.0961	0.6212	0.9511	0.5913
688	0.6312	0.4402	1.0636	0.6069	0.9066	0.5742
689	0.6279	0.4362	1.0793	0.61	0.9244	0.5769
690	0.628	0.433	1.0779	0.6081	0.9297	0.5776
691	0.634	0.4371	1.0824	0.6126	0.9258	0.5734
692	0.6297	0.4396	1.0716	0.6112	0.9228	0.5774
693	0.6169	0.4262	1.0766	0.6044	0.9239	0.5685
694	0.6299	0.4338	1.0881	0.611	0.9356	0.5791
695	0.6104	0.4168	1.066	0.5974	0.9081	0.5624
696	0.6134	0.4217	1.0669	0.5993	0.9099	0.5665
697	0.6117	0.419	1.083	0.6066	0.9275	0.5684
698	0.6351	0.4407	1.098	0.6176	0.936	0.5776
699	0.6163	0.4224	1.0736	0.6058	0.9148	0.569
700	0.6245	0.4338	1.0903	0.6154	0.9415	0.5767
701	0.6069	0.4151	1.072	0.5978	0.9225	0.5647
702	0.6293	0.4386	1.0851	0.6198	0.9331	0.5886
703	0.6233	0.4334	1.0663	0.6132	0.9177	0.5776
704	0.6547	0.4674	1.0632	0.6233	0.9112	0.594
705	0.6283	0.439	1.0811	0.6213	0.9289	0.5861
706	0.6109	0.4187	1.0737	0.6058	0.9297	0.5742
707	0.6242	0.4374	1.0718	0.6075	0.9275	0.583
708	0.6143	0.4263	1.0792	0.609	0.9329	0.5741
709	0.6245	0.4356	1.0669	0.6095	0.92	0.5787
710	0.6135	0.4218	1.0686	0.6029	0.9171	0.5728
711	0.6215	0.4289	1.0766	0.6125	0.9182	0.5773
712	0.6106	0.4206	1.0869	0.6039	0.9243	0.5633
713	0.6084	0.4174	1.0577	0.5994	0.9078	0.5696
714	0.633	0.4407	1.0879	0.619	0.9409	0.5878
715	0.6204	0.4284	1.0929	0.6128	0.9425	0.5826
716	0.6129	0.4256	1.0749	0.6086	0.9235	0.577
717	0.607	0.4139	1.0831	0.6032	0.9271	0.5655
718	0.6309	0.447	1.0779	0.6254	0.9129	0.5867
719	0.6072	0.4154	1.089	0.6043	0.9387	0.5736
720	0.6464	0.4552	1.1082	0.6361	0.9574	0.596
721	0.6114	0.4226	1.0632	0.5992	0.9105	0.5684
722	0.6152	0.4255	1.0834	0.6117	0.9288	0.5741
723	0.6129	0.4249	1.0737	0.6088	0.9185	0.5743
724	0.6243	0.4373	1.0852	0.6196	0.9398	0.5903
725	0.6215	0.4334	1.0644	0.6082	0.9194	0.5766
726	0.6093	0.4177	1.0954	0.6069	0.9434	0.572
727	0.6041	0.4168	1.0708	0.6077	0.9065	0.5663
728	0.6048	0.4132	1.0719	0.6052	0.9226	0.5645
729	0.6064	0.4146	1.0782	0.6032	0.931	0.5698
730	0.6452	0.4645	1.0894	0.6384	0.9464	0.6087
731	0.6238	0.4333	1.0953	0.6131	0.9425	0.5769
732	0.6169	0.4283	1.0681	0.6055	0.9238	0.5778
733	0.6051	0.4163	1.0765	0.6037	0.928	0.5743
734	0.6127	0.4273	1.0817	0.6117	0.9162	0.576
735	0.5954	0.4068	1.0772	0.6014	0.918	0.5594
736	0.6193	0.4292	1.0778	0.614	0.9204	0.5811
737	0.6271	0.4493	1.0985	0.6378	0.9391	0.5927
738	0.6108	0.4242	1.0879	0.6164	0.9216	0.5721
739	0.624	0.4348	1.1084	0.627	0.9513	0.5853
740	0.6209	0.4302	1.0811	0.6168	0.9233	0.5875
741	0.6504	0.4522	1.1484	0.6373	0.9848	0.5881
742	0.6527	0.4698	1.1034	0.6549	0.9434	0.6099
743	0.6484	0.465	1.1314	0.6494	0.9807	0.6083
744	0.6151	0.4297	1.0818	0.6158	0.9344	0.5815
745	0.617	0.4363	1.0822	0.6182	0.9329	0.584
746	0.6116	0.4269	1.0716	0.6034	0.9221	0.5744
747	0.6184	0.4342	1.0718	0.6167	0.9294	0.5901
748	0.6024	0.4161	1.0582	0.5984	0.9053	0.5656
749	0.602	0.4176	1.0824	0.6072	0.9228	0.5705
750	0.6045	0.4159	1.0858	0.6093	0.9332	0.5765
751	0.5995	0.4123	1.0885	0.6051	0.9273	0.5667
752	0.6415	0.4558	1.1116	0.6399	0.9635	0.5995
753	0.5933	0.4091	1.0677	0.5968	0.9153	0.567
754	0.5905	0.4042	1.0851	0.6038	0.9276	0.5675
755	0.6035	0.4151	1.0874	0.612	0.9306	0.575
756	0.5884	0.4022	1.0937	0.6035	0.9271	0.5634
757	0.5961	0.4122	1.0523	0.6017	0.8981	0.5674
758	0.5974	0.4137	1.0671	0.6055	0.9192	0.5714
759	0.5956	0.4133	1.0642	0.6073	0.9031	0.5713
760	0.6387	0.4564	1.1031	0.6429	0.9599	0.6102
761	0.5857	0.4004	1.061	0.5952	0.9047	0.5604
762	0.6024	0.418	1.0629	0.6038	0.8935	0.5656
763	0.6551	0.48	1.106	0.6588	0.939	0.6138
764	0.5931	0.4091	1.0666	0.6009	0.9122	0.5731
765	0.6058	0.4214	1.0838	0.6147	0.9401	0.5793
766	0.5951	0.4105	1.0702	0.6078	0.9227	0.57
767	0.6009	0.421	1.0822	0.6185	0.918	0.5734
768	0.6192	0.4437	1.0903	0.6349	0.9236	0.5897
769	0.5884	0.404	1.081	0.598	0.9183	0.5619
770	0.582	0.3971	1.0635	0.592	0.8988	0.5563
771	0.6087	0.422	1.0938	0.6186	0.942	0.5828
772	0.6336	0.4604	1.096	0.646	0.9369	0.6056
773	0.5929	0.4094	1.0895	0.6077	0.9283	0.5631
774	0.5915	0.408	1.0812	0.6042	0.9184	0.5648
775	0.5924	0.4059	1.0698	0.5974	0.9183	0.5653
776	0.6053	0.4224	1.1128	0.6216	0.9541	0.5792
777	0.6032	0.4185	1.0535	0.6106	0.8989	0.5734
778	0.5913	0.4068	1.0856	0.6095	0.9285	0.5693
779	0.5942	0.4162	1.0886	0.6192	0.9252	0.5794
780	0.6032	0.4262	1.0951	0.6166	0.9394	0.5823
781	0.5801	0.3961	1.0594	0.5949	0.8933	0.5582
782	0.6359	0.4587	1.1017	0.6531	0.9559	0.6163
783	0.5945	0.411	1.0735	0.6042	0.9069	0.5667
784	0.6169	0.4354	1.0678	0.6179	0.9121	0.5824
785	0.5958	0.4134	1.063	0.6024	0.9159	0.5714
786	0.6782	0.5021	1.1132	0.6751	0.9533	0.6352
787	0.6946	0.5075	1.1237	0.6804	0.9766	0.6436
788	0.618	0.443	1.0976	0.6303	0.9351	0.5914
789	0.6195	0.4358	1.1055	0.627	0.9572	0.5939
790	0.5833	0.4014	1.0695	0.6017	0.9091	0.5632
791	0.5863	0.4052	1.0715	0.6011	0.9096	0.5644
792	0.6333	0.4562	1.0881	0.6393	0.9391	0.6076
793	0.5989	0.4182	1.0744	0.6139	0.912	0.5761
794	0.5795	0.3983	1.0562	0.5936	0.9014	0.5595
795	0.5813	0.3973	1.0726	0.603	0.921	0.566
796	0.5783	0.3966	1.0574	0.5929	0.9031	0.5634
797	0.5749	0.392	1.0585	0.5936	0.9061	0.5589
798	0.5728	0.3897	1.0715	0.5952	0.9171	0.5577
799	0.5796	0.4003	1.0528	0.597	0.8892	0.5601
800	0.5807	0.3985	1.0815	0.604	0.9251	0.5654
801	0.5845	0.4051	1.0559	0.6084	0.9028	0.5687
802	0.5746	0.395	1.0688	0.6018	0.9067	0.5619
803	0.5723	0.3922	1.0735	0.6065	0.9143	0.5653
804	0.5694	0.389	1.0662	0.5986	0.9014	0.5526
805	0.5696	0.3891	1.0617	0.5943	0.9094	0.5587
806	0.574	0.3944	1.0572	0.5993	0.8923	0.5565
807	0.5989	0.4236	1.0925	0.6215	0.9285	0.58
808	0.5851	0.4092	1.0741	0.6161	0.915	0.5764
809	0.5685	0.3874	1.0834	0.5998	0.9188	0.5604
810	0.5688	0.3893	1.0719	0.5995	0.8961	0.5577
811	0.6232	0.4505	1.1109	0.6531	0.9598	0.6121
812	0.6456	0.472	1.0895	0.6498	0.93	0.618
813	0.5803	0.3996	1.0965	0.6049	0.9247	0.561
814	0.6106	0.4338	1.0934	0.6354	0.9309	0.5932
815	0.6023	0.425	1.0885	0.6222	0.9287	0.5851
816	0.6305	0.448	1.1082	0.639	0.9451	0.5916
817	0.5965	0.4204	1.0764	0.6164	0.9039	0.5692
818	0.5984	0.4205	1.0805	0.6147	0.9195	0.578
819	0.6327	0.4586	1.0853	0.6453	0.9398	0.6148
820	0.5943	0.4167	1.068	0.6052	0.9115	0.5704
821	0.6108	0.437	1.0983	0.6378	0.9396	0.5975
822	0.5808	0.4012	1.0768	0.6077	0.9231	0.5694
823	0.5893	0.4106	1.0867	0.6176	0.9352	0.5785
824	0.5746	0.3977	1.0656	0.6033	0.9112	0.5683
825	0.5793	0.3999	1.0928	0.6103	0.9317	0.5659
826	0.6035	0.4188	1.0946	0.62	0.9378	0.5815
827	0.5837	0.406	1.108	0.6186	0.948	0.5753
828	0.5742	0.3958	1.07	0.6096	0.9095	0.5722
829	0.5758	0.3955	1.1005	0.6064	0.93	0.5616
830	0.6617	0.4961	1.1224	0.687	0.9526	0.6427
831	0.5931	0.4149	1.0975	0.6205	0.9423	0.5845
832	0.5695	0.3898	1.0919	0.6091	0.9266	0.5693
833	0.5739	0.3992	1.0935	0.6167	0.9183	0.5695
834	0.6321	0.4471	1.1098	0.6459	0.9559	0.6026
835	0.578	0.4004	1.0933	0.6186	0.9319	0.5753
836	0.5881	0.4156	1.0767	0.6182	0.9153	0.5787
837	0.5831	0.4045	1.0869	0.6162	0.924	0.5679
838	0.5713	0.3948	1.0766	0.6085	0.9069	0.5661
839	0.5768	0.3982	1.095	0.6154	0.9307	0.5722
840	0.5791	0.4014	1.0838	0.6145	0.9089	0.562
841	0.5621	0.3827	1.0807	0.6054	0.9026	0.5585
842	0.5818	0.404	1.0783	0.6113	0.9029	0.5618
843	0.5874	0.4148	1.077	0.6182	0.9055	0.576
844	0.6323	0.4623	1.1131	0.6667	0.9577	0.6218
845	0.5565	0.3802	1.058	0.594	0.8876	0.5521
846	0.5867	0.419	1.093	0.6318	0.9148	0.5834
847	0.5673	0.3904	1.0889	0.6115	0.9141	0.5648
848	0.596	0.4194	1.1034	0.6318	0.9467	0.5857
849	0.5651	0.3901	1.0856	0.606	0.9176	0.5631
850	0.5738	0.3987	1.0843	0.611	0.9054	0.559
851	0.5781	0.4053	1.0936	0.6261	0.9248	0.5759
852	0.565	0.3885	1.0733	0.6093	0.9069	0.5672
853	0.5689	0.3907	1.0891	0.6083	0.9255	0.5656
854	0.561	0.3841	1.0792	0.6075	0.9065	0.5584
855	0.5578	0.3814	1.081	0.6058	0.9	0.5574
856	0.5547	0.3802	1.0799	0.6067	0.8978	0.5555
857	0.5683	0.3938	1.0597	0.608	0.8889	0.5643
858	0.5514	0.3771	1.0769	0.5991	0.9048	0.5571
859	0.5519	0.3798	1.0814	0.6036	0.8973	0.557
860	0.5679	0.3933	1.1	0.6137	0.9185	0.5636
861	0.5567	0.3827	1.0784	0.6002	0.8862	0.5501
862	0.5625	0.3897	1.0818	0.6068	0.9068	0.5671
863	0.5652	0.3909	1.0976	0.6121	0.9202	0.5643
864	0.5597	0.3873	1.0689	0.606	0.9017	0.5664
865	0.5599	0.3855	1.0956	0.606	0.9154	0.5542
866	0.5939	0.4181	1.0955	0.6314	0.9222	0.5816
867	0.5998	0.4365	1.1148	0.6489	0.9445	0.6004
868	0.5922	0.4236	1.1317	0.6438	0.9568	0.5897
869	0.5655	0.3951	1.0801	0.6146	0.904	0.5705
870	0.5841	0.42	1.0978	0.6401	0.9098	0.5869
871	0.5927	0.4189	1.1106	0.6361	0.9456	0.5849
872	0.549	0.3758	1.0802	0.5995	0.9018	0.5558
873	0.5683	0.3971	1.0847	0.6147	0.9138	0.5644
874	0.5809	0.4105	1.1013	0.6292	0.9233	0.5859
875	0.5519	0.3772	1.076	0.6019	0.9176	0.5647
876	0.5474	0.3776	1.0666	0.5997	0.8988	0.5622
877	0.5642	0.3973	1.0987	0.6234	0.9218	0.5763
878	0.5534	0.3819	1.073	0.6055	0.9096	0.5585
879	0.5479	0.3765	1.0883	0.6074	0.9105	0.5574
880	0.5757	0.4055	1.109	0.6367	0.9466	0.5876
881	0.5449	0.3733	1.0721	0.6021	0.9014	0.5592
882	0.5804	0.411	1.1052	0.6302	0.9196	0.5804
883	0.5619	0.3905	1.088	0.6112	0.92	0.5696
884	0.5516	0.379	1.0873	0.6094	0.9103	0.5682
885	0.5463	0.377	1.0849	0.612	0.9048	0.5604
886	0.5463	0.3746	1.0971	0.6099	0.9198	0.565
887	0.5584	0.3866	1.078	0.6096	0.9024	0.57
888	0.5397	0.37	1.0704	0.5973	0.8859	0.5532
889	0.6018	0.4347	1.0981	0.6452	0.9213	0.5992
890	0.5618	0.3945	1.0714	0.6102	0.8981	0.568
891	0.5793	0.412	1.0976	0.6301	0.9269	0.5869
892	0.561	0.3937	1.1018	0.6216	0.9247	0.5753
893	0.5471	0.3755	1.0653	0.6005	0.888	0.5528
894	0.5523	0.3838	1.092	0.616	0.918	0.569
895	0.552	0.3852	1.0743	0.6133	0.9025	0.5726
896	0.5802	0.4132	1.0947	0.6259	0.915	0.5808
897	0.5514	0.3828	1.0624	0.5996	0.8857	0.5587
898	0.5893	0.4254	1.1107	0.6559	0.9404	0.6049
899	0.5437	0.3772	1.0841	0.6094	0.9075	0.5632
900	0.5365	0.3676	1.0862	0.6033	0.9087	0.5556
901	0.5523	0.383	1.0753	0.6104	0.9075	0.565
902	0.5341	0.3649	1.0913	0.6005	0.9146	0.5556
903	0.5492	0.3794	1.0963	0.615	0.9174	0.5647
904	0.5472	0.378	1.0862	0.6125	0.9046	0.5641
905	0.5596	0.3961	1.1061	0.6305	0.9235	0.5785
906	0.5431	0.3774	1.0753	0.6102	0.8883	0.5578
907	0.5548	0.3884	1.1056	0.6174	0.9284	0.5684
908	0.5347	0.3691	1.0866	0.6049	0.8968	0.5567
909	0.5727	0.4078	1.0827	0.6211	0.9122	0.5778
910	0.566	0.4044	1.0966	0.6302	0.9107	0.5792
911	0.6193	0.4547	1.096	0.6645	0.927	0.6195
912	0.5615	0.3937	1.0809	0.6114	0.8948	0.5626
913	0.5543	0.3885	1.0772	0.6072	0.9019	0.5716
914	0.5524	0.3883	1.0873	0.6128	0.8908	0.5662
915	0.5495	0.3858	1.0706	0.6125	0.8961	0.5665
916	0.5355	0.3707	1.0785	0.6016	0.8943	0.5537
917	0.5439	0.379	1.0779	0.6068	0.8838	0.5572
918	0.5403	0.3754	1.0854	0.6106	0.9115	0.5619
919	0.5673	0.4065	1.0903	0.6251	0.9132	0.5795
920	0.5381	0.3719	1.0675	0.601	0.8835	0.5553
921	0.5385	0.3742	1.0738	0.603	0.893	0.5601
922	0.5355	0.3719	1.0667	0.6061	0.8976	0.5661
923	0.5623	0.4018	1.0795	0.6261	0.9059	0.5853
924	0.5344	0.3692	1.0779	0.6035	0.8977	0.5588
925	0.5352	0.3728	1.0769	0.6125	0.8978	0.5639
926	0.5822	0.4218	1.1191	0.6482	0.9466	0.5961
927	0.5488	0.3864	1.0817	0.6139	0.8991	0.5708
928	0.5461	0.383	1.0806	0.612	0.9023	0.5643
929	0.5309	0.3681	1.0878	0.6055	0.9084	0.5631
930	0.5682	0.4071	1.0852	0.6333	0.9124	0.5815
931	0.543	0.3811	1.0853	0.6088	0.9044	0.5626
932	0.5363	0.3751	1.0751	0.6135	0.8809	0.5618
933	0.5333	0.3653	1.0887	0.6056	0.9077	0.556
934	0.56	0.399	1.0832	0.6251	0.9088	0.5783
935	0.5251	0.3635	1.0702	0.6027	0.8984	0.5576
936	0.5496	0.3871	1.0923	0.6205	0.9117	0.5685
937	0.525	0.3629	1.0631	0.5998	0.8846	0.5533
938	0.523	0.3602	1.0796	0.5971	0.9069	0.5567
939	0.5271	0.3639	1.0782	0.6062	0.8972	0.5627
940	0.5293	0.3681	1.0904	0.6098	0.9057	0.5607
941	0.5674	0.4096	1.0883	0.6326	0.8997	0.5858
942	0.5514	0.3876	1.1221	0.6216	0.9412	0.5654
943	0.5577	0.3911	1.0935	0.6263	0.914	0.5722
944	0.5325	0.37	1.1141	0.6107	0.937	0.569
945	0.5309	0.3697	1.0734	0.6044	0.8936	0.562
946	0.5457	0.3831	1.0938	0.6193	0.9193	0.5735
947	0.5333	0.369	1.1	0.6103	0.9256	0.568
948	0.5616	0.3956	1.1262	0.6328	0.9399	0.5818
949	0.564	0.4033	1.1055	0.6405	0.9395	0.5849
950	0.556	0.3875	1.1369	0.632	0.9567	0.5793
951	0.5376	0.3724	1.1106	0.62	0.9168	0.56
952	0.5508	0.3905	1.1061	0.6244	0.9201	0.577
953	0.5301	0.3682	1.109	0.6162	0.918	0.569
954	0.5257	0.3651	1.0904	0.6131	0.9115	0.5632
955	0.5278	0.3674	1.0949	0.6098	0.9192	0.5664
956	0.5209	0.3594	1.0832	0.5987	0.9113	0.556
957	0.5211	0.3608	1.0822	0.6003	0.9055	0.559
958	0.5173	0.3584	1.0885	0.6065	0.8944	0.5589
959	0.5225	0.3602	1.0908	0.6152	0.8961	0.5604
960	0.5259	0.3648	1.0923	0.6074	0.9198	0.5574
961	0.53	0.3703	1.0727	0.6087	0.8959	0.5638
962	0.5126	0.3527	1.0874	0.6087	0.8973	0.5549
963	0.5259	0.365	1.0634	0.6071	0.8872	0.5577
964	0.5464	0.3883	1.0915	0.6256	0.9169	0.5785
965	0.5161	0.3561	1.0793	0.6076	0.9113	0.5594
966	0.518	0.36	1.0831	0.6111	0.9027	0.5617
967	0.5153	0.3553	1.0735	0.6036	0.9066	0.5562
968	0.5123	0.3539	1.0941	0.6027	0.9104	0.5523
969	0.5181	0.3569	1.092	0.6087	0.9051	0.5533
970	0.5209	0.3604	1.0875	0.61	0.9113	0.5603
971	0.5123	0.3529	1.0832	0.6031	0.9004	0.5522
972	0.5104	0.3526	1.0693	0.603	0.889	0.5532
973	0.5167	0.3592	1.0709	0.604	0.8943	0.5593
974	0.5332	0.3746	1.0878	0.6125	0.9042	0.57
975	0.5638	0.4104	1.1044	0.6495	0.9298	0.6016
976	0.5338	0.3792	1.0833	0.6225	0.9182	0.5849
977	0.511	0.3542	1.0733	0.5991	0.896	0.5542
978	0.5432	0.3886	1.0795	0.6239	0.9097	0.5799
979	0.5265	0.3693	1.0924	0.6175	0.9131	0.5699
980	0.5242	0.3687	1.0759	0.6133	0.903	0.5663
981	0.5325	0.3802	1.0938	0.6238	0.9215	0.5735
982	0.5232	0.3665	1.0954	0.6148	0.9223	0.5696
983	0.5402	0.3852	1.1062	0.6272	0.9282	0.5772
984	0.5113	0.3519	1.0822	0.6072	0.9203	0.5652
985	0.5263	0.3695	1.0868	0.6184	0.9131	0.5679
986	0.5175	0.3616	1.0739	0.6048	0.9051	0.5614
987	0.5105	0.3524	1.0718	0.6034	0.9013	0.5605
988	0.5151	0.3571	1.0764	0.6042	0.904	0.556
989	0.5164	0.359	1.0951	0.6157	0.9185	0.5655
990	0.5183	0.3614	1.0805	0.6028	0.9116	0.5657
991	0.5048	0.3461	1.0723	0.5961	0.9097	0.5546
992	0.505	0.3494	1.075	0.6019	0.9033	0.557
993	0.5313	0.3788	1.0951	0.6207	0.9122	0.5761
994	0.5251	0.373	1.0787	0.6186	0.8966	0.5712
995	0.5161	0.3573	1.0978	0.6111	0.936	0.5699
996	0.5031	0.3453	1.0762	0.6002	0.8921	0.5554
997	0.5045	0.3474	1.0742	0.5986	0.8867	0.5501
998	0.5097	0.3539	1.0889	0.6102	0.9199	0.5618
999	0.5022	0.3464	1.0696	0.5934	0.892	0.5519
1000	0.5036	0.3471	1.0791	0.6006	0.9054	0.5544
1001	0.4953	0.3379	1.0741	0.5959	0.9053	0.5501
1002	0.4966	0.3407	1.0749	0.5966	0.9024	0.5516
1003	0.4952	0.3376	1.0826	0.597	0.9055	0.5492
1004	0.4905	0.3354	1.0754	0.5935	0.8931	0.5477
1005	0.4964	0.3421	1.0816	0.6022	0.8999	0.5549
1006	0.4938	0.3367	1.0774	0.5975	0.8967	0.5504
1007	0.4907	0.3338	1.0826	0.5971	0.904	0.5495
1008	0.4933	0.3385	1.0776	0.5984	0.9001	0.5537
1009	0.4933	0.3369	1.0752	0.5995	0.8978	0.5542
1010	0.493	0.3361	1.08	0.6007	0.9036	0.552
1011	0.488	0.3326	1.0754	0.595	0.8968	0.5481
1012	0.492	0.3355	1.0807	0.5999	0.9008	0.5503
1013	0.4888	0.3327	1.0701	0.5964	0.89	0.5494
1014	0.4887	0.3331	1.0792	0.5994	0.8971	0.5487
1015	0.4866	0.3316	1.0776	0.599	0.895	0.5491
1016	0.4875	0.3314	1.081	0.601	0.8995	0.5526
1017	0.4875	0.3318	1.0842	0.6003	0.9004	0.5515
1018	0.4876	0.3316	1.0819	0.5984	0.898	0.5501
1019	0.4863	0.3308	1.0818	0.5975	0.898	0.5485
1020	0.4876	0.3324	1.0835	0.5991	0.8999	0.5496
1021	0.4915	0.3353	1.088	0.6047	0.9074	0.5549
1022	0.4891	0.3341	1.0887	0.6056	0.9049	0.555
1023	0.4853	0.3309	1.0785	0.5997	0.891	0.5503
1024	0.4911	0.3353	1.0931	0.6053	0.9082	0.5518
1025	0.4854	0.331	1.0802	0.5977	0.8936	0.5478
1026	0.4857	0.3309	1.0824	0.5994	0.9003	0.5499
1027	0.4846	0.3293	1.0829	0.5997	0.9013	0.5513
1028	0.4874	0.3321	1.084	0.6023	0.9035	0.5531
1029	0.4885	0.3329	1.081	0.6024	0.902	0.5531
1030	0.4872	0.3313	1.0858	0.6033	0.9077	0.5547
1031	0.4846	0.3293	1.0827	0.6	0.9035	0.5519
1032	0.4833	0.3284	1.0766	0.5962	0.8966	0.5481
1033	0.4859	0.3299	1.0816	0.5997	0.9003	0.5499
1034	0.4893	0.3333	1.0831	0.6028	0.9012	0.5506
1035	0.4851	0.3312	1.0804	0.6003	0.8965	0.5479
1036	0.4869	0.3317	1.0826	0.6021	0.9028	0.5519
1037	0.4829	0.328	1.0792	0.5978	0.898	0.5505
1038	0.4893	0.3348	1.0874	0.6037	0.9069	0.5516
1039	0.4946	0.3399	1.0908	0.6097	0.9085	0.5551
1040	0.4839	0.3296	1.0796	0.5986	0.8928	0.5482
1041	0.4839	0.3291	1.0845	0.6002	0.8992	0.5497
1042	0.4821	0.3275	1.0804	0.598	0.8973	0.5503
1043	0.4838	0.3292	1.0838	0.6002	0.9019	0.5515
1044	0.4832	0.3291	1.08	0.5998	0.8951	0.5502
1045	0.485	0.3303	1.0856	0.6021	0.9022	0.5517
1046	0.4818	0.3272	1.0795	0.5986	0.8925	0.5481
1047	0.4817	0.3265	1.0838	0.5996	0.897	0.5492
1048	0.486	0.331	1.0934	0.6069	0.9076	0.554
1049	0.4874	0.3326	1.0896	0.6071	0.9028	0.5529
1050	0.4829	0.3286	1.0823	0.6009	0.8961	0.5493
1051	0.4888	0.336	1.0854	0.6037	0.9021	0.5553
1052	0.482	0.3276	1.08	0.5987	0.8962	0.551
1053	0.4934	0.3388	1.0926	0.6108	0.9101	0.557
1054	0.4865	0.3328	1.0893	0.6064	0.9042	0.5522
1055	0.4844	0.3311	1.0861	0.6042	0.9015	0.5531
1056	0.4829	0.3295	1.0857	0.6025	0.8998	0.5511
1057	0.4846	0.3289	1.083	0.6024	0.897	0.5508
1058	0.49	0.3353	1.0838	0.6079	0.8989	0.5543
1059	0.4831	0.3287	1.0764	0.6013	0.8932	0.5507
1060	0.4831	0.3293	1.0832	0.6023	0.9025	0.5532
1061	0.4805	0.3266	1.0786	0.5987	0.8963	0.5497
1062	0.4841	0.3293	1.0852	0.6012	0.9052	0.5501
1063	0.4869	0.3333	1.0816	0.6029	0.9015	0.5525
1064	0.4819	0.3277	1.0858	0.6015	0.9019	0.5491
1065	0.4825	0.3297	1.0815	0.6024	0.8937	0.55
1066	0.4833	0.329	1.0881	0.6045	0.902	0.5499
1067	0.4835	0.3285	1.0807	0.6022	0.8964	0.5499
1068	0.4843	0.3283	1.0838	0.602	0.8968	0.5494
1069	0.4813	0.327	1.08	0.5995	0.8931	0.5492
1070	0.4806	0.3262	1.084	0.5988	0.8968	0.5477
1071	0.484	0.3295	1.0813	0.6014	0.8972	0.5506
1072	0.48	0.326	1.0769	0.5987	0.8932	0.5484
1073	0.4811	0.3279	1.0816	0.5993	0.8942	0.55
1074	0.4794	0.3262	1.0843	0.599	0.8944	0.5499
1075	0.4827	0.3286	1.086	0.6035	0.8986	0.5524
1076	0.4795	0.3258	1.082	0.6018	0.8952	0.5502
1077	0.4795	0.3263	1.0868	0.6016	0.9005	0.5495
1078	0.4826	0.3279	1.0925	0.605	0.9064	0.5511
1079	0.4798	0.3255	1.0816	0.6016	0.8962	0.5501
1080	0.4794	0.3257	1.0854	0.601	0.8999	0.5482
1081	0.4803	0.3277	1.0866	0.6026	0.9002	0.5498
1082	0.4792	0.325	1.0832	0.6005	0.8988	0.551
1083	0.4796	0.3258	1.0851	0.6013	0.8984	0.5492
1084	0.4802	0.3268	1.0894	0.6028	0.9022	0.5509
1085	0.4861	0.3332	1.0913	0.6079	0.9067	0.553
1086	0.4809	0.3273	1.085	0.6045	0.903	0.5522
1087	0.4834	0.3297	1.0873	0.6077	0.906	0.5537
1088	0.4783	0.3249	1.0824	0.6013	0.8982	0.5497
1089	0.4787	0.3252	1.0829	0.6009	0.8992	0.5489
1090	0.4781	0.3245	1.0818	0.6002	0.8957	0.548
1091	0.4788	0.3251	1.0806	0.6002	0.894	0.5469
1092	0.4791	0.3259	1.0821	0.6023	0.8959	0.5494
1093	0.4769	0.3241	1.0827	0.6005	0.8932	0.5478
1094	0.481	0.3271	1.0841	0.6027	0.8982	0.5487
1095	0.4789	0.3255	1.0841	0.603	0.9001	0.5492
1096	0.4775	0.3246	1.0888	0.6027	0.9035	0.5494
1097	0.4776	0.3251	1.0864	0.6018	0.902	0.5505
1098	0.4777	0.3253	1.0801	0.601	0.8961	0.5503
1099	0.4796	0.3264	1.0885	0.6027	0.9044	0.5499
1100	0.4766	0.3235	1.0851	0.5985	0.8989	0.5477
1101	0.478	0.3249	1.0896	0.6018	0.9024	0.5485
1102	0.4759	0.323	1.0829	0.5992	0.8964	0.5473
1103	0.4796	0.326	1.0862	0.6037	0.902	0.5487
1104	0.4769	0.3242	1.0825	0.6006	0.8937	0.5459
1105	0.4789	0.3267	1.0873	0.604	0.8987	0.5488
1106	0.4768	0.3244	1.0897	0.604	0.9008	0.5486
1107	0.4842	0.3308	1.0991	0.6102	0.9149	0.5535
1108	0.4766	0.3242	1.0891	0.6056	0.9002	0.5495
1109	0.4785	0.3263	1.0903	0.6074	0.9042	0.5497
1110	0.4774	0.3245	1.089	0.6052	0.9046	0.5497
1111	0.4765	0.3245	1.0845	0.6034	0.8995	0.548
1112	0.4779	0.3258	1.0843	0.6054	0.899	0.5499
1113	0.4758	0.3241	1.0822	0.6039	0.8931	0.5495
1114	0.4771	0.325	1.0884	0.6059	0.9003	0.5488
1115	0.4814	0.3288	1.0897	0.6072	0.9011	0.5527
1116	0.4817	0.3291	1.0926	0.6048	0.9021	0.5496
1117	0.4785	0.3265	1.0937	0.6033	0.9033	0.5488
1118	0.4793	0.3288	1.0903	0.6074	0.896	0.5542
1119	0.4779	0.3254	1.0892	0.6084	0.8948	0.5516
1120	0.4767	0.3253	1.093	0.6063	0.8994	0.5497
1121	0.4782	0.3263	1.0892	0.6061	0.8977	0.5493
1122	0.4777	0.3269	1.0804	0.6029	0.8865	0.5462
1123	0.4801	0.3272	1.0951	0.6071	0.9042	0.5493
1124	0.4766	0.3247	1.0869	0.6032	0.8999	0.5494
1125	0.4777	0.3253	1.0886	0.6056	0.9022	0.5493
1126	0.4753	0.3231	1.0853	0.6026	0.897	0.5478
1127	0.4756	0.3234	1.0902	0.6059	0.8997	0.5487
1128	0.475	0.3224	1.0849	0.6052	0.8966	0.5492
1129	0.4744	0.3222	1.0852	0.6034	0.8959	0.5493
1130	0.4771	0.3265	1.0879	0.6049	0.8964	0.5517
1131	0.476	0.3252	1.0909	0.6069	0.9002	0.5523
1132	0.4791	0.3269	1.0858	0.6064	0.8986	0.5534
1133	0.4803	0.3278	1.0876	0.6068	0.9011	0.5534
1134	0.473	0.3214	1.0881	0.6027	0.8988	0.549
1135	0.4756	0.3238	1.0945	0.6072	0.9063	0.5516
1136	0.4736	0.3217	1.0853	0.6047	0.8942	0.5509
1137	0.4765	0.3255	1.0886	0.609	0.8974	0.5533
1138	0.4741	0.3227	1.0902	0.6062	0.9019	0.5504
1139	0.4738	0.3223	1.0846	0.6009	0.8969	0.5492
1140	0.4761	0.3254	1.0831	0.6031	0.8963	0.5507
1141	0.4837	0.3331	1.093	0.6114	0.9075	0.5545
1142	0.4759	0.3262	1.085	0.6036	0.8936	0.55
1143	0.4772	0.3254	1.0945	0.608	0.905	0.5524
1144	0.4744	0.3232	1.0843	0.6042	0.8945	0.5497
1145	0.4761	0.325	1.0912	0.6076	0.9023	0.5536
1146	0.4747	0.3234	1.0851	0.6032	0.8949	0.5487
1147	0.4789	0.3269	1.0939	0.6085	0.9085	0.5532
1148	0.4723	0.3204	1.0816	0.6016	0.8945	0.5511
1149	0.4741	0.3216	1.0834	0.6032	0.8982	0.5502
1150	0.4751	0.3232	1.0855	0.6056	0.9029	0.5525
1151	0.4768	0.3261	1.0886	0.6058	0.9023	0.5506
1152	0.4733	0.3225	1.0878	0.6034	0.8968	0.5492
1153	0.4735	0.3222	1.0863	0.6054	0.9001	0.5518
1154	0.4747	0.3243	1.0917	0.6058	0.9032	0.5519
1155	0.4721	0.3204	1.0854	0.6025	0.9012	0.5521
1156	0.4721	0.3206	1.0838	0.6035	0.8973	0.5518
1157	0.4732	0.3219	1.0905	0.6057	0.9018	0.5526
1158	0.4722	0.3218	1.0921	0.6054	0.9021	0.5548
1159	0.4716	0.3203	1.0848	0.6029	0.8958	0.5515
1160	0.4736	0.3228	1.0861	0.6046	0.8995	0.5509
1161	0.4748	0.324	1.0916	0.6062	0.904	0.5526
1162	0.4715	0.3204	1.0897	0.6038	0.8982	0.5494
1163	0.474	0.3214	1.0933	0.6046	0.9055	0.5515
1164	0.4727	0.3213	1.0871	0.602	0.8995	0.5517
1165	0.4735	0.3226	1.0904	0.6057	0.9031	0.5527
1166	0.4763	0.3271	1.083	0.6033	0.8967	0.5546
1167	0.474	0.3232	1.0852	0.6031	0.9002	0.5529
1168	0.4763	0.3258	1.0834	0.6022	0.8955	0.5506
1169	0.4759	0.3238	1.0863	0.6033	0.8954	0.5499
1170	0.471	0.3206	1.0847	0.6018	0.8941	0.5502
1171	0.4714	0.3208	1.0872	0.6024	0.8973	0.5497
1172	0.4713	0.3198	1.0869	0.6015	0.8997	0.5503
1173	0.4708	0.3201	1.0837	0.6003	0.8934	0.5492
1174	0.4752	0.3234	1.0911	0.6056	0.9042	0.552
1175	0.4699	0.3192	1.0867	0.6027	0.8974	0.5499
1176	0.4739	0.3219	1.0905	0.6081	0.9035	0.5529
1177	0.4696	0.3184	1.0867	0.6044	0.8985	0.5504
1178	0.4736	0.3235	1.0931	0.6065	0.9036	0.5534
1179	0.4713	0.3214	1.0924	0.6057	0.9013	0.5518
1180	0.4708	0.3195	1.0881	0.6051	0.8996	0.552
1181	0.4756	0.3244	1.0922	0.6106	0.9004	0.5539
1182	0.4732	0.3231	1.0982	0.6082	0.9046	0.5515
1183	0.476	0.3253	1.0969	0.6093	0.9061	0.5525
1184	0.4692	0.3197	1.0839	0.6044	0.8916	0.548
1185	0.4717	0.3226	1.0881	0.6082	0.8969	0.5529
1186	0.4708	0.3201	1.0913	0.6053	0.9026	0.5513
1187	0.4781	0.3283	1.0954	0.6102	0.9086	0.5538
1188	0.474	0.3246	1.0894	0.6069	0.8992	0.5515
1189	0.474	0.3246	1.0975	0.6099	0.906	0.5527
1190	0.4698	0.3201	1.0892	0.6075	0.8993	0.5509
1191	0.474	0.3242	1.0913	0.6084	0.9032	0.5518
1192	0.4735	0.3239	1.0916	0.6059	0.9024	0.5518
1193	0.4702	0.3201	1.0915	0.6044	0.9035	0.5526
1194	0.4704	0.3212	1.0841	0.6022	0.8981	0.5522
1195	0.4758	0.3264	1.0877	0.607	0.9059	0.5557
1196	0.4704	0.3207	1.0774	0.6017	0.8925	0.5526
1197	0.4733	0.3235	1.0931	0.6093	0.9086	0.5543
1198	0.469	0.3198	1.0901	0.6057	0.8992	0.5528
1199	0.471	0.3203	1.0899	0.6068	0.9007	0.5517
1200	0.4797	0.3303	1.0831	0.6125	0.8912	0.5547
1201	0.4743	0.3236	1.0949	0.6094	0.9074	0.5521
1202	0.4693	0.3199	1.0869	0.6031	0.8991	0.55
1203	0.4764	0.3286	1.0877	0.6105	0.9003	0.5565
1204	0.4704	0.3209	1.0852	0.6061	0.8966	0.5531
1205	0.4708	0.3209	1.0892	0.6058	0.9006	0.5515
1206	0.4686	0.3191	1.0904	0.604	0.9015	0.5526
1207	0.4755	0.3256	1.0931	0.6095	0.9022	0.5542
1208	0.4673	0.3175	1.0875	0.6031	0.897	0.5508
1209	0.4703	0.3208	1.0933	0.607	0.9042	0.5537
1210	0.4682	0.3196	1.09	0.6045	0.8957	0.5503
1211	0.4703	0.3219	1.0887	0.6064	0.8968	0.5533
1212	0.4675	0.3184	1.0882	0.6045	0.9013	0.5516
1213	0.4672	0.3179	1.0904	0.6027	0.9046	0.5503
1214	0.467	0.3178	1.0859	0.6034	0.8991	0.5507
1215	0.4692	0.3195	1.0871	0.6068	0.9025	0.5523
1216	0.4677	0.3189	1.0853	0.6034	0.8989	0.5508
1217	0.4754	0.3249	1.0949	0.6097	0.9113	0.5541
1218	0.4714	0.3226	1.0836	0.6051	0.9021	0.5516
1219	0.4686	0.3194	1.0881	0.6047	0.905	0.5524
1220	0.4689	0.3208	1.0845	0.6062	0.8972	0.5542
1221	0.4696	0.3197	1.0852	0.6066	0.9024	0.5546
1222	0.4752	0.3266	1.0872	0.6097	0.9031	0.5549
1223	0.4706	0.3216	1.0857	0.6053	0.8963	0.5507
1224	0.4683	0.3196	1.0893	0.6054	0.9017	0.553
1225	0.466	0.3174	1.0827	0.6024	0.8927	0.5513
1226	0.4688	0.3201	1.0857	0.6049	0.8974	0.5524
1227	0.4694	0.3208	1.0865	0.6047	0.9002	0.5507
1228	0.467	0.3186	1.0842	0.6021	0.8959	0.5514
1229	0.4739	0.3258	1.0882	0.6072	0.9005	0.5538
1230	0.4783	0.3289	1.0945	0.6131	0.9051	0.5575
1231	0.468	0.319	1.0881	0.6031	0.8992	0.5535
1232	0.4707	0.3225	1.096	0.6084	0.9085	0.558
1233	0.4666	0.3181	1.0848	0.604	0.8962	0.5539
1234	0.469	0.3195	1.0834	0.6049	0.8951	0.5522
1235	0.4702	0.3214	1.0892	0.6051	0.9006	0.5508
1236	0.4671	0.3173	1.0864	0.6024	0.8994	0.55
1237	0.4664	0.3179	1.0854	0.6044	0.9016	0.5526
1238	0.4659	0.3179	1.0859	0.6026	0.9033	0.5519
1239	0.4668	0.3177	1.082	0.6052	0.9016	0.5524
1240	0.4723	0.3234	1.0836	0.608	0.9015	0.5543
1241	0.4673	0.3174	1.0859	0.6034	0.9013	0.5505
1242	0.472	0.3227	1.09	0.6084	0.9034	0.5531
1243	0.4661	0.318	1.0859	0.6067	0.8956	0.552
1244	0.4667	0.319	1.0934	0.6088	0.9022	0.5541
1245	0.4646	0.3169	1.0919	0.6058	0.8994	0.552
1246	0.4655	0.3175	1.086	0.6046	0.8994	0.5518
1247	0.4683	0.3192	1.0853	0.6064	0.9018	0.553
1248	0.4686	0.32	1.0898	0.6065	0.9031	0.5525
1249	0.4668	0.3177	1.0853	0.6044	0.8984	0.5527
1250	0.467	0.3178	1.0866	0.6051	0.9	0.5538
1251	0.464	0.3153	1.0882	0.6037	0.9013	0.5534
1252	0.465	0.3166	1.0903	0.6056	0.9041	0.5538
1253	0.4647	0.3161	1.0878	0.6045	0.9003	0.5521
1254	0.4647	0.3167	1.0813	0.6019	0.8908	0.55
1255	0.4647	0.3161	1.0815	0.603	0.8945	0.5507
1256	0.4694	0.3195	1.0851	0.607	0.9017	0.5529
1257	0.4764	0.3284	1.0942	0.6146	0.911	0.5582
1258	0.4741	0.3263	1.0898	0.6111	0.9046	0.5571
1259	0.465	0.3164	1.0887	0.6054	0.9028	0.5545
1260	0.4644	0.3156	1.0867	0.604	0.8984	0.553
1261	0.4658	0.317	1.0874	0.6071	0.897	0.5526
1262	0.4673	0.3186	1.0933	0.6085	0.9071	0.5547
1263	0.4639	0.3152	1.0827	0.5995	0.8947	0.5498
1264	0.4732	0.3246	1.1001	0.6092	0.9113	0.5543
1265	0.4667	0.3189	1.0907	0.6053	0.8981	0.551
1266	0.4656	0.3172	1.0858	0.6055	0.898	0.5517
1267	0.4677	0.3189	1.0808	0.6066	0.8967	0.5533
1268	0.4635	0.3143	1.0874	0.6032	0.8992	0.5498
1269	0.4647	0.3164	1.088	0.6054	0.8984	0.5517
1270	0.4625	0.3145	1.0835	0.6046	0.8929	0.5508
1271	0.4656	0.3178	1.0845	0.6059	0.8964	0.5544
1272	0.4636	0.3157	1.0804	0.6021	0.8913	0.5512
1273	0.4705	0.3225	1.0866	0.6075	0.8999	0.5533
1274	0.4658	0.3177	1.0889	0.6052	0.9006	0.5496
1275	0.4645	0.3157	1.0859	0.6053	0.8985	0.5509
1276	0.463	0.3151	1.0808	0.6048	0.8912	0.551
1277	0.4646	0.3161	1.0865	0.6051	0.9005	0.5503
1278	0.4644	0.3157	1.0829	0.6019	0.895	0.5486
1279	0.4647	0.3158	1.0852	0.6065	0.9008	0.5514
1280	0.4639	0.3154	1.0847	0.6069	0.899	0.5512
1281	0.4623	0.314	1.0832	0.6037	0.8965	0.5499
1282	0.4656	0.318	1.0877	0.603	0.9016	0.5497
1283	0.4644	0.3167	1.087	0.605	0.9019	0.553
1284	0.4619	0.3135	1.0842	0.6064	0.8985	0.5534
1285	0.4632	0.3141	1.0851	0.6083	0.9012	0.5546
1286	0.4619	0.3132	1.0883	0.6036	0.9028	0.5507
1287	0.4607	0.3121	1.0864	0.6006	0.897	0.548
1288	0.4661	0.3178	1.0864	0.6067	0.8977	0.551
1289	0.4714	0.3235	1.088	0.612	0.9015	0.555
1290	0.4686	0.3213	1.0812	0.6094	0.8927	0.5514
1291	0.4647	0.3161	1.0871	0.6067	0.8982	0.5514
1292	0.4634	0.3164	1.0852	0.6056	0.8964	0.5541
1293	0.4641	0.317	1.0923	0.6092	0.9041	0.5542
1294	0.4616	0.3146	1.0834	0.604	0.8957	0.5508
1295	0.4636	0.3161	1.0821	0.6058	0.8953	0.5506
1296	0.467	0.3199	1.0884	0.6072	0.9025	0.5528
1297	0.4649	0.3176	1.088	0.6038	0.9007	0.5508
1298	0.4741	0.3267	1.0932	0.6149	0.9079	0.5586
1299	0.4682	0.321	1.089	0.6113	0.9042	0.5556
1300	0.4623	0.3152	1.0862	0.6068	0.902	0.5518
1301	0.4639	0.3158	1.0866	0.6043	0.9071	0.5529
1302	0.4608	0.3132	1.0841	0.6045	0.9015	0.5528
1303	0.4729	0.326	1.0965	0.6136	0.9165	0.5597
1304	0.463	0.3158	1.0831	0.6042	0.8999	0.5527
1305	0.4644	0.3164	1.0919	0.6065	0.909	0.5537
1306	0.4607	0.3133	1.0803	0.6041	0.8946	0.5522
1307	0.4632	0.3155	1.0857	0.6056	0.9011	0.5508
1308	0.4618	0.3147	1.0865	0.6048	0.901	0.5506
1309	0.4611	0.3139	1.0893	0.6034	0.9026	0.5501
1310	0.4635	0.3158	1.0887	0.6048	0.9025	0.5523
1311	0.4609	0.3136	1.0914	0.6052	0.9024	0.5531
1312	0.4606	0.3137	1.0893	0.6063	0.902	0.5536
1313	0.461	0.3139	1.0851	0.6033	0.8984	0.5506
1314	0.4616	0.3144	1.0885	0.6057	0.9007	0.5509
1315	0.4658	0.3193	1.0919	0.6112	0.9032	0.5526
1316	0.4607	0.3145	1.0863	0.6054	0.895	0.5513
1317	0.4602	0.3134	1.0864	0.6047	0.8958	0.5485
1318	0.4632	0.3158	1.0871	0.6035	0.8984	0.5496
1319	0.4593	0.3128	1.0882	0.603	0.8976	0.5487
1320	0.4604	0.3132	1.091	0.6058	0.9007	0.552
1321	0.4624	0.3152	1.0912	0.6061	0.8985	0.5511
1322	0.4607	0.3131	1.0867	0.6046	0.8972	0.5504
1323	0.4606	0.3133	1.0868	0.605	0.9019	0.5505
1324	0.4601	0.3137	1.0871	0.6059	0.8977	0.5507
1325	0.4589	0.3118	1.0869	0.6054	0.8952	0.5511
1326	0.4601	0.3133	1.0914	0.6081	0.9005	0.5521
1327	0.4618	0.3146	1.0871	0.607	0.8993	0.5513
1328	0.4602	0.3133	1.088	0.6062	0.8997	0.5513
1329	0.4593	0.3126	1.0866	0.6051	0.8974	0.5503
1330	0.4612	0.3137	1.0914	0.6078	0.9004	0.551
1331	0.4586	0.3111	1.0891	0.6063	0.8952	0.5493
1332	0.4601	0.3125	1.0951	0.6084	0.9039	0.5508
1333	0.4585	0.3116	1.0907	0.606	0.9013	0.55
1334	0.4613	0.3135	1.0864	0.6084	0.9001	0.5507
1335	0.4602	0.313	1.0921	0.6097	0.9035	0.5505
1336	0.4599	0.3126	1.0924	0.6088	0.9007	0.5483
1337	0.4596	0.3118	1.0907	0.6088	0.8971	0.5491
1338	0.4586	0.3129	1.0867	0.6079	0.8925	0.551
1339	0.4611	0.3147	1.089	0.6109	0.8994	0.5525
1340	0.4598	0.3135	1.0847	0.6062	0.8958	0.5496
1341	0.4609	0.3144	1.0898	0.6089	0.9034	0.5516
1342	0.4612	0.315	1.0836	0.6092	0.8962	0.5536
1343	0.4657	0.3198	1.0996	0.615	0.9106	0.5538
1344	0.4575	0.3113	1.0861	0.6049	0.8933	0.5498
1345	0.4659	0.3205	1.0944	0.6139	0.9046	0.5597
1346	0.4578	0.311	1.0865	0.6075	0.8945	0.5512
1347	0.4641	0.3172	1.0906	0.611	0.9024	0.5525
1348	0.4665	0.3192	1.0932	0.6119	0.9023	0.553
1349	0.4588	0.3118	1.0884	0.6066	0.8914	0.5489
1350	0.4588	0.3129	1.0882	0.6087	0.8953	0.5519
1351	0.4581	0.3119	1.0894	0.6066	0.8972	0.5508
1352	0.4584	0.3123	1.0945	0.6051	0.8979	0.5488
1353	0.4594	0.3136	1.0928	0.6063	0.9002	0.551
1354	0.457	0.3104	1.0831	0.6055	0.8924	0.5507
1355	0.4602	0.3137	1.092	0.6115	0.9049	0.5521
1356	0.4572	0.3108	1.0845	0.6046	0.8977	0.5485
1357	0.458	0.3122	1.0815	0.603	0.8944	0.5512
1358	0.458	0.3116	1.0869	0.6068	0.8969	0.551
1359	0.4568	0.3104	1.0897	0.6045	0.8942	0.5488
1360	0.4639	0.3166	1.0959	0.6114	0.9015	0.5528
1361	0.4595	0.3131	1.0882	0.6109	0.8932	0.5511
1362	0.4612	0.3153	1.0929	0.6111	0.8999	0.5536
1363	0.4554	0.3084	1.0857	0.6045	0.8925	0.5493
1364	0.4587	0.3122	1.0907	0.6091	0.9014	0.5509
1365	0.4629	0.3162	1.0931	0.6111	0.9058	0.554
1366	0.4591	0.3123	1.0944	0.609	0.9061	0.5502
1367	0.459	0.3139	1.089	0.6088	0.8942	0.5494
1368	0.4618	0.3153	1.0969	0.6121	0.9031	0.5528
1369	0.4553	0.3093	1.0917	0.6049	0.897	0.5491
1370	0.4569	0.3113	1.089	0.6053	0.898	0.5512
1371	0.4577	0.3121	1.0911	0.6063	0.902	0.5519
1372	0.4568	0.3112	1.0934	0.6066	0.9025	0.5503
1373	0.4616	0.3156	1.0908	0.6088	0.8997	0.5502
1374	0.4727	0.3278	1.0953	0.6177	0.9086	0.5601
1375	0.465	0.3196	1.0945	0.6114	0.9073	0.5527
1376	0.4691	0.3231	1.0879	0.6118	0.9015	0.5543
1377	0.4579	0.3122	1.0841	0.6042	0.8975	0.5496
1378	0.4581	0.312	1.0924	0.606	0.902	0.5472
1379	0.4561	0.3102	1.0887	0.6051	0.8978	0.5502
1380	0.4551	0.3087	1.0895	0.6055	0.9002	0.5504
1381	0.4565	0.3107	1.0849	0.6053	0.8962	0.5515
1382	0.4576	0.3112	1.0863	0.6039	0.8998	0.5495
1383	0.4577	0.3113	1.0869	0.6061	0.8975	0.5482
1384	0.4584	0.312	1.0877	0.6067	0.8967	0.5487
1385	0.4648	0.319	1.0935	0.6142	0.9014	0.5524
1386	0.4578	0.3121	1.0914	0.6099	0.9012	0.5526
1387	0.4555	0.31	1.0962	0.6071	0.9037	0.5504
1388	0.4559	0.3109	1.0853	0.6042	0.8906	0.5515
1389	0.4644	0.3208	1.0892	0.611	0.8956	0.5576
1390	0.458	0.3137	1.087	0.6059	0.8904	0.5511
1391	0.4588	0.3133	1.0927	0.6098	0.9012	0.5506
1392	0.4556	0.3102	1.0909	0.6065	0.8997	0.5501
1393	0.455	0.3092	1.0892	0.6051	0.9007	0.5516
1394	0.4563	0.311	1.0874	0.6075	0.8959	0.5536
1395	0.4547	0.3099	1.0904	0.6071	0.898	0.5515
1396	0.4536	0.3084	1.0876	0.6056	0.8948	0.5495
1397	0.4563	0.3109	1.0914	0.6086	0.8981	0.5493
1398	0.4622	0.317	1.0883	0.6106	0.8988	0.5529
1399	0.4583	0.3118	1.0869	0.6059	0.8992	0.5499
1400	0.4574	0.3114	1.0922	0.6052	0.9014	0.5497
1401	0.4541	0.3086	1.0834	0.6047	0.8883	0.5494
1402	0.456	0.3106	1.0879	0.6085	0.8944	0.5518
1403	0.4531	0.3074	1.0866	0.6051	0.8924	0.5488
1404	0.4634	0.3183	1.0934	0.6126	0.9023	0.5528
1405	0.4575	0.3118	1.0872	0.6078	0.8929	0.5515
1406	0.4547	0.3093	1.0921	0.6064	0.898	0.5494
1407	0.4536	0.3082	1.0909	0.6057	0.8957	0.5488
1408	0.4539	0.3085	1.0861	0.6069	0.8906	0.5501
1409	0.4542	0.3087	1.0855	0.6068	0.8891	0.5504
1410	0.4656	0.3202	1.0965	0.6159	0.9064	0.5569
1411	0.4537	0.3088	1.0929	0.6077	0.8967	0.5516
1412	0.454	0.3094	1.091	0.6072	0.8971	0.5528
1413	0.4531	0.3076	1.0897	0.6066	0.8996	0.552
1414	0.4541	0.3085	1.0904	0.6067	0.897	0.5502
1415	0.4528	0.3076	1.0908	0.6064	0.8952	0.5489
1416	0.4537	0.3086	1.0866	0.6073	0.8913	0.5517
1417	0.4539	0.3088	1.0939	0.608	0.8978	0.5502
1418	0.4523	0.3075	1.0917	0.607	0.8955	0.5496
1419	0.4531	0.3067	1.0901	0.6074	0.8968	0.5494
1420	0.4521	0.3062	1.0856	0.6066	0.8913	0.5481
1421	0.4546	0.3085	1.0916	0.6067	0.9033	0.5515
1422	0.4534	0.308	1.0873	0.6059	0.8986	0.5505
1423	0.4557	0.3101	1.0894	0.6091	0.8985	0.5526
1424	0.4629	0.3174	1.0941	0.6132	0.9051	0.5575
1425	0.4604	0.3158	1.0941	0.6075	0.9044	0.5512
1426	0.4595	0.3133	1.092	0.6097	0.8997	0.5535
1427	0.4515	0.3068	1.0873	0.6077	0.8917	0.5524
1428	0.4583	0.3142	1.1028	0.6142	0.9078	0.5576
1429	0.4527	0.3078	1.0917	0.607	0.8968	0.5524
1430	0.4531	0.3078	1.0892	0.6061	0.893	0.5491
1431	0.4527	0.3072	1.0924	0.6054	0.9002	0.5495
1432	0.4525	0.3072	1.0922	0.6079	0.9002	0.5514
1433	0.4551	0.3096	1.0971	0.6098	0.9063	0.5519
1434	0.453	0.3074	1.0884	0.605	0.8981	0.5497
1435	0.4534	0.3078	1.0918	0.6059	0.9011	0.5484
1436	0.4604	0.3157	1.0914	0.6108	0.8997	0.5523
1437	0.4542	0.3086	1.0913	0.6074	0.9004	0.5477
1438	0.4521	0.3066	1.0933	0.6071	0.9045	0.5507
1439	0.4517	0.3072	1.1006	0.6099	0.9096	0.5519
1440	0.4517	0.3064	1.0963	0.6091	0.9048	0.5507
1441	0.4542	0.3084	1.0946	0.6096	0.9085	0.5518
1442	0.4585	0.3134	1.0929	0.6116	0.9077	0.5523
1443	0.4587	0.3139	1.0943	0.613	0.9055	0.5517
1444	0.4503	0.3058	1.0838	0.6052	0.8907	0.5479
1445	0.4549	0.3115	1.0926	0.6127	0.8981	0.5543
1446	0.4528	0.308	1.0881	0.6065	0.899	0.5514
1447	0.4506	0.3052	1.0892	0.6051	0.8977	0.5499
1448	0.4521	0.3071	1.091	0.6062	0.8973	0.5497
1449	0.4515	0.307	1.0846	0.6063	0.8928	0.5509
1450	0.4523	0.3074	1.0885	0.6073	0.8982	0.5503
1451	0.4569	0.3133	1.0891	0.6125	0.9005	0.5531
1452	0.4659	0.3202	1.0989	0.6171	0.9138	0.5587
1453	0.4526	0.308	1.082	0.604	0.8919	0.5487
1454	0.4538	0.3097	1.0873	0.6095	0.8978	0.5534
1455	0.4508	0.3056	1.0829	0.6072	0.8926	0.5513
1456	0.4527	0.3075	1.0931	0.6106	0.9031	0.5514
1457	0.4494	0.3041	1.0869	0.6061	0.8955	0.5504
1458	0.4529	0.3084	1.0826	0.6067	0.8934	0.5524
1459	0.4534	0.3085	1.0883	0.6101	0.8958	0.5502
1460	0.4559	0.3111	1.0947	0.6136	0.9058	0.5545
1461	0.459	0.3142	1.0988	0.6176	0.9129	0.5579
1462	0.4665	0.3226	1.0956	0.6198	0.9096	0.5608
1463	0.4524	0.3064	1.0885	0.6067	0.9019	0.5508
1464	0.4519	0.3068	1.0939	0.6091	0.9001	0.5502
1465	0.4489	0.3043	1.09	0.606	0.8929	0.5504
1466	0.4506	0.3064	1.0908	0.6081	0.8961	0.5525
1467	0.4548	0.3117	1.095	0.6096	0.902	0.5554
1468	0.4496	0.3046	1.0918	0.6053	0.8997	0.5508
1469	0.4587	0.3131	1.0914	0.6131	0.9014	0.5554
1470	0.4548	0.3108	1.0938	0.6102	0.904	0.5538
1471	0.4509	0.3074	1.0961	0.6081	0.9029	0.5531
1472	0.4491	0.3058	1.0933	0.6077	0.8928	0.5521
1473	0.4492	0.3049	1.0888	0.6072	0.8923	0.5513
1474	0.4535	0.3089	1.0961	0.6107	0.9021	0.5529
1475	0.4508	0.307	1.0928	0.6069	0.8963	0.5507
1476	0.4512	0.3062	1.094	0.6101	0.8985	0.5539
1477	0.4489	0.3057	1.0946	0.6076	0.8973	0.5524
1478	0.451	0.3071	1.092	0.6088	0.8998	0.5532
1479	0.4587	0.3137	1.0931	0.6109	0.9008	0.5527
1480	0.4576	0.3136	1.0966	0.611	0.9047	0.5516
1481	0.4616	0.3164	1.1022	0.6127	0.9132	0.5553
1482	0.4483	0.3037	1.0892	0.6046	0.8966	0.5507
1483	0.4523	0.3101	1.0901	0.6095	0.8964	0.5568
1484	0.4557	0.3133	1.0925	0.6095	0.8991	0.5579
1485	0.4486	0.3045	1.0957	0.6054	0.9039	0.551
1486	0.4544	0.3092	1.0949	0.6099	0.9046	0.5541
1487	0.4523	0.3078	1.0984	0.6099	0.9073	0.5519
1488	0.4468	0.3029	1.0943	0.6055	0.9017	0.5507
1489	0.4491	0.3047	1.0904	0.6083	0.9012	0.5527
1490	0.4492	0.3057	1.0926	0.6069	0.9014	0.5544
1491	0.4507	0.3072	1.0904	0.6065	0.9013	0.555
1492	0.4481	0.3041	1.0904	0.606	0.8985	0.5506
1493	0.4474	0.3039	1.0877	0.6059	0.8961	0.553
1494	0.4495	0.3054	1.0913	0.6082	0.9053	0.5556
1495	0.4519	0.3078	1.0927	0.609	0.9091	0.5559
1496	0.4483	0.3044	1.0866	0.6059	0.8976	0.5533
1497	0.4483	0.3043	1.0877	0.604	0.8977	0.5527
1498	0.4473	0.3034	1.0924	0.6046	0.9028	0.5538
1499	0.4464	0.3031	1.0917	0.6062	0.9006	0.5528
