epoch:	train_RMSD:	train_MAE:	val_RMSD:	val_MAE:	test_RMSD:	test_MAE:
0	5.8037	5.1301	5.9579	5.3177	5.9212	5.2585
1	3.9771	3.1749	4.0703	3.2727	3.9837	3.2011
2	3.9466	3.1464	3.9589	3.1564	3.8847	3.1339
3	3.5889	2.8682	3.6737	2.9564	3.6076	2.9051
4	3.2373	2.5926	3.267	2.6188	3.2003	2.6007
5	3.0514	2.4998	3.101	2.5351	3.0215	2.5295
6	3.0062	2.394	3.0127	2.3813	2.9217	2.3682
7	2.8848	2.3282	2.9113	2.333	2.8206	2.3252
8	2.7272	2.1683	2.7454	2.1757	2.6579	2.1696
9	2.5642	1.9643	2.5594	1.9544	2.4839	1.9486
10	2.4369	1.8647	2.4331	1.8459	2.3735	1.8348
11	2.4132	1.8639	2.4151	1.8522	2.3706	1.8383
12	2.3869	1.8378	2.3852	1.8215	2.3429	1.8113
13	2.3611	1.7691	2.3448	1.7404	2.302	1.7376
14	2.353	1.7488	2.3381	1.7208	2.2928	1.719
15	2.3387	1.7808	2.3447	1.7648	2.2921	1.7567
16	2.3185	1.7509	2.3213	1.7322	2.2678	1.7262
17	2.3013	1.7168	2.2978	1.696	2.2437	1.6932
18	2.2817	1.6971	2.2771	1.6766	2.2217	1.6733
19	2.2584	1.7162	2.273	1.71	2.2074	1.7004
20	2.2345	1.6981	2.2588	1.7054	2.1854	1.69
21	2.1843	1.6238	2.205	1.6213	2.1237	1.6119
22	2.1457	1.5886	2.1746	1.5934	2.0856	1.5826
23	2.1259	1.5564	2.1443	1.5499	2.0591	1.5447
24	2.1026	1.5287	2.1108	1.5144	2.0319	1.5139
25	2.0446	1.5083	2.0602	1.5069	1.9788	1.4917
26	2.0068	1.5029	2.0272	1.5075	1.949	1.4858
27	1.9498	1.4442	1.9492	1.4262	1.886	1.4215
28	1.907	1.4158	1.8866	1.3873	1.844	1.3893
29	1.8713	1.3816	1.8313	1.3387	1.8098	1.3515
30	1.8341	1.3599	1.7934	1.3209	1.7762	1.3313
31	1.7961	1.3344	1.7575	1.297	1.7441	1.308
32	1.7648	1.3182	1.7283	1.2842	1.7192	1.2892
33	1.7277	1.277	1.69	1.236	1.6766	1.2485
34	1.702	1.2648	1.6752	1.2326	1.6563	1.2391
35	1.6682	1.2356	1.6359	1.189	1.6235	1.2089
36	1.7018	1.2855	1.6983	1.281	1.6815	1.2737
37	1.6393	1.2206	1.6133	1.1782	1.5971	1.1943
38	1.6021	1.1891	1.5862	1.1478	1.5616	1.1697
39	1.5791	1.1749	1.5749	1.1507	1.5527	1.1629
40	1.5983	1.1859	1.5901	1.1472	1.5583	1.1705
41	1.5421	1.1526	1.5548	1.141	1.5254	1.1447
42	1.5312	1.142	1.5456	1.1331	1.5141	1.1365
43	1.5101	1.1214	1.5303	1.1119	1.4896	1.1145
44	1.594	1.1832	1.6055	1.1586	1.5505	1.1689
45	1.5679	1.1612	1.5763	1.1354	1.5285	1.1529
46	1.4874	1.1039	1.5199	1.1097	1.478	1.1029
47	1.4679	1.08	1.4996	1.077	1.4515	1.0792
48	1.4595	1.0712	1.4935	1.0698	1.4401	1.0706
49	1.4897	1.1144	1.5237	1.1327	1.4966	1.1223
50	1.4394	1.0545	1.4758	1.0582	1.4277	1.0574
51	1.4663	1.0735	1.4967	1.0656	1.4422	1.0729
52	1.4417	1.0644	1.4839	1.0805	1.4431	1.0719
53	1.4216	1.0415	1.4621	1.0491	1.4201	1.0485
54	1.419	1.0414	1.4587	1.0503	1.4137	1.0467
55	1.411	1.0304	1.4533	1.0346	1.404	1.0334
56	1.4198	1.042	1.4676	1.0563	1.4254	1.0531
57	1.4066	1.0325	1.4534	1.044	1.4054	1.0376
58	1.3931	1.0147	1.4376	1.0199	1.3895	1.018
59	1.3925	1.0166	1.4453	1.0322	1.4046	1.033
60	1.3889	1.011	1.431	1.0149	1.3829	1.0131
61	1.3908	1.0247	1.4368	1.0402	1.3988	1.0313
62	1.3785	1.006	1.4254	1.0128	1.3869	1.0129
63	1.3727	1.0002	1.4283	1.0204	1.3851	1.0174
64	1.4123	1.0527	1.4514	1.0686	1.4398	1.069
65	1.3863	1.0076	1.4355	1.0129	1.3821	1.0129
66	1.3603	0.9973	1.4102	1.0133	1.3742	1.0089
67	1.3423	0.9754	1.4	0.9945	1.3599	0.9903
68	1.3626	0.9956	1.4119	0.9998	1.3687	1.0039
69	1.3435	0.9827	1.4024	1.0025	1.3707	1.0048
70	1.3388	0.9805	1.3859	0.9956	1.3537	0.995
71	1.3438	0.9861	1.4055	1.0119	1.3803	1.0134
72	1.385	1.0155	1.43	1.0207	1.3828	1.0168
73	1.322	0.9699	1.3821	0.9919	1.3524	0.9894
74	1.3292	0.9703	1.3917	0.9818	1.3436	0.9812
75	1.3111	0.9557	1.372	0.98	1.3434	0.9775
76	1.2942	0.9346	1.3612	0.9567	1.3216	0.9534
77	1.2872	0.9367	1.3543	0.9583	1.3134	0.956
78	1.3013	0.9514	1.3564	0.964	1.3235	0.9644
79	1.2999	0.947	1.3709	0.9745	1.3388	0.977
80	1.2664	0.9189	1.3354	0.9397	1.3039	0.9403
81	1.2647	0.9157	1.3386	0.9435	1.3005	0.9405
82	1.2616	0.9192	1.3284	0.9403	1.2937	0.9385
83	1.2834	0.9353	1.3535	0.9507	1.3087	0.9534
84	1.2652	0.9298	1.3322	0.9527	1.3056	0.9491
85	1.2813	0.9431	1.3582	0.9694	1.3341	0.9745
86	1.2466	0.9131	1.3191	0.9303	1.2865	0.9326
87	1.3174	0.9752	1.3787	0.98	1.3328	0.9876
88	1.2771	0.9378	1.3569	0.9691	1.3354	0.9737
89	1.2226	0.8802	1.3074	0.9075	1.2681	0.9095
90	1.2562	0.9295	1.3288	0.9411	1.2895	0.9476
91	1.2311	0.8961	1.3106	0.9221	1.2861	0.9269
92	1.2024	0.8663	1.2889	0.8912	1.2504	0.8935
93	1.2036	0.8787	1.2863	0.899	1.255	0.9053
94	1.1911	0.8569	1.2757	0.8809	1.2408	0.8849
95	1.1858	0.8551	1.2756	0.8805	1.2327	0.8822
96	1.1813	0.8493	1.2756	0.8786	1.2431	0.8839
97	1.2199	0.8946	1.2994	0.9149	1.2605	0.9132
98	1.2005	0.8722	1.2915	0.9043	1.2646	0.9132
99	1.1641	0.8399	1.2645	0.8725	1.232	0.8755
100	1.1729	0.8489	1.2655	0.8754	1.2271	0.8768
101	1.2354	0.9134	1.3198	0.9458	1.3067	0.957
102	1.2021	0.8816	1.2902	0.9025	1.2497	0.9051
103	1.1541	0.8383	1.2512	0.868	1.2224	0.8762
104	1.1446	0.8233	1.2433	0.8523	1.2129	0.8606
105	1.1459	0.8302	1.2486	0.8634	1.2186	0.8701
106	1.1639	0.8453	1.2618	0.8781	1.2424	0.8932
107	1.1588	0.8355	1.2534	0.8637	1.2168	0.8672
108	1.1298	0.8109	1.237	0.8466	1.2088	0.8568
109	1.1406	0.8334	1.2417	0.8575	1.2144	0.8701
110	1.1314	0.8197	1.2308	0.8532	1.2122	0.8712
111	1.1279	0.8119	1.2338	0.8485	1.2163	0.8615
112	1.13	0.807	1.2345	0.8358	1.2076	0.8518
113	1.1196	0.8084	1.2227	0.8382	1.2046	0.856
114	1.1185	0.8058	1.2217	0.8383	1.2002	0.8546
115	1.1208	0.8143	1.2292	0.844	1.2024	0.852
116	1.1897	0.8812	1.2792	0.9172	1.2738	0.9347
117	1.1539	0.8546	1.2537	0.8824	1.2215	0.8832
118	1.1099	0.7954	1.2162	0.8218	1.1914	0.8387
119	1.1077	0.7993	1.212	0.8355	1.1944	0.8521
120	1.11	0.7885	1.2146	0.8169	1.182	0.8303
121	1.1144	0.8057	1.2231	0.8423	1.2132	0.8658
122	1.0873	0.7771	1.1971	0.8097	1.1697	0.8222
123	1.0902	0.7749	1.197	0.8052	1.1729	0.8203
124	1.082	0.7756	1.1924	0.8105	1.1717	0.8264
125	1.0811	0.7768	1.1926	0.8061	1.1734	0.8241
126	1.0734	0.768	1.1877	0.8039	1.1662	0.8206
127	1.1083	0.8142	1.2189	0.8456	1.1883	0.8517
128	1.1075	0.8036	1.2136	0.8411	1.2031	0.8648
129	1.1272	0.8296	1.2322	0.8562	1.2056	0.864
130	1.0875	0.7842	1.1975	0.8176	1.184	0.8404
131	1.1001	0.7985	1.2101	0.8246	1.1804	0.8365
132	1.0793	0.7804	1.1955	0.8164	1.1792	0.8387
133	1.068	0.7619	1.1837	0.7943	1.1593	0.8118
134	1.1119	0.8042	1.2117	0.831	1.1833	0.8414
135	1.0876	0.7862	1.2034	0.8198	1.192	0.8482
136	1.0568	0.7554	1.1736	0.7869	1.155	0.8089
137	1.0632	0.755	1.1718	0.7878	1.1481	0.8045
138	1.0852	0.7831	1.2044	0.8235	1.1924	0.8451
139	1.0571	0.7621	1.1795	0.7994	1.1589	0.8185
140	1.0497	0.7447	1.167	0.7821	1.1427	0.799
141	1.0408	0.7381	1.1643	0.7716	1.1429	0.7919
142	1.0434	0.7441	1.1628	0.7815	1.1435	0.804
143	1.0491	0.7551	1.1829	0.7918	1.1599	0.8117
144	1.0534	0.7598	1.1688	0.7949	1.1426	0.807
145	1.0369	0.7366	1.1596	0.7769	1.1399	0.7976
146	1.0352	0.737	1.1597	0.7717	1.1331	0.7871
147	1.0352	0.7375	1.1569	0.7782	1.1414	0.8003
148	1.0241	0.726	1.1511	0.7643	1.1285	0.7825
149	1.0292	0.7335	1.152	0.7666	1.1329	0.7877
150	1.04	0.7458	1.1632	0.7858	1.1402	0.7999
151	1.0181	0.7206	1.138	0.7552	1.1195	0.7751
152	1.0282	0.7322	1.1618	0.7732	1.1455	0.7962
153	1.0744	0.7788	1.1858	0.809	1.1576	0.8223
154	1.0488	0.7612	1.1788	0.8067	1.1639	0.8241
155	1.0188	0.7319	1.1483	0.7693	1.1284	0.7891
156	1.0229	0.732	1.156	0.7698	1.1357	0.7898
157	1.0109	0.7225	1.1437	0.7654	1.1227	0.7862
158	1.0129	0.7241	1.1557	0.7607	1.1362	0.7856
159	1.002	0.7077	1.1311	0.7474	1.1136	0.7715
160	1.007	0.713	1.1331	0.7541	1.1118	0.774
161	1.0147	0.7233	1.1398	0.7571	1.1149	0.7782
162	1.0277	0.7354	1.1652	0.7802	1.1506	0.8027
163	0.9977	0.7068	1.1212	0.7449	1.1045	0.7674
164	1.0144	0.7224	1.1437	0.7533	1.1243	0.7832
165	1.0149	0.7271	1.1405	0.7695	1.1266	0.7924
166	1.0055	0.7153	1.1369	0.7508	1.1133	0.7741
167	0.9931	0.7041	1.1268	0.7418	1.1102	0.7672
168	1.0142	0.7231	1.147	0.7592	1.1208	0.7815
169	1.0004	0.7137	1.1464	0.7569	1.1313	0.783
170	0.9872	0.698	1.1233	0.7441	1.0962	0.7595
171	1.0095	0.7247	1.1567	0.7676	1.1426	0.7911
172	0.9892	0.7051	1.1147	0.7398	1.0964	0.7625
173	0.9843	0.6976	1.1334	0.7408	1.1137	0.7633
174	0.9834	0.6989	1.1156	0.7363	1.0983	0.7616
175	0.9799	0.6924	1.1266	0.7334	1.1053	0.7623
176	0.9791	0.6945	1.1097	0.7361	1.0946	0.7581
177	0.98	0.6951	1.1264	0.7329	1.1009	0.759
178	0.976	0.6931	1.1187	0.7379	1.0993	0.7608
179	1.0068	0.728	1.1533	0.7768	1.1325	0.793
180	0.9964	0.7201	1.1352	0.7592	1.112	0.7837
181	0.9681	0.6881	1.1121	0.7304	1.0942	0.7552
182	0.9651	0.6838	1.1055	0.7293	1.0872	0.7506
183	0.9728	0.6985	1.1293	0.7399	1.1016	0.7646
184	0.9732	0.6929	1.1288	0.7392	1.1043	0.7617
185	0.9862	0.6971	1.1165	0.7379	1.0928	0.7595
186	0.9659	0.6879	1.0982	0.7374	1.0823	0.7555
187	0.9644	0.69	1.1247	0.7343	1.0965	0.7583
188	0.972	0.7028	1.1312	0.7472	1.1072	0.7717
189	0.9523	0.6728	1.0969	0.714	1.0765	0.7392
190	0.9512	0.6699	1.0957	0.7165	1.0693	0.7358
191	0.9573	0.6802	1.1051	0.7308	1.0817	0.7487
192	0.9503	0.6764	1.1118	0.7251	1.0858	0.746
193	1.0155	0.7456	1.1478	0.7846	1.1194	0.8065
194	0.9713	0.6936	1.1427	0.7433	1.1139	0.7613
195	0.9529	0.6805	1.0994	0.7266	1.0801	0.751
196	0.9392	0.6643	1.1024	0.7136	1.0725	0.7322
197	0.9689	0.6907	1.1087	0.7296	1.0849	0.7561
198	0.9694	0.699	1.1182	0.7553	1.1001	0.7683
199	0.9586	0.6856	1.1162	0.7254	1.081	0.7525
200	0.9345	0.6598	1.1058	0.7107	1.073	0.7315
201	0.9468	0.6753	1.1154	0.7256	1.0892	0.7463
202	0.9558	0.6806	1.1129	0.724	1.0802	0.747
203	0.937	0.6672	1.0986	0.7129	1.0685	0.7349
204	0.9327	0.6632	1.1175	0.7146	1.0795	0.7374
205	0.9295	0.6596	1.1038	0.7136	1.0712	0.7304
206	0.9278	0.6539	1.1095	0.7043	1.0745	0.729
207	0.925	0.6566	1.0889	0.7094	1.0573	0.7285
208	0.9326	0.6645	1.1152	0.7122	1.0808	0.738
209	0.9245	0.6554	1.0909	0.709	1.0621	0.7271
210	0.9447	0.6734	1.1063	0.7158	1.0745	0.7421
211	0.9268	0.6568	1.1155	0.7089	1.0754	0.7299
212	0.9404	0.6796	1.1256	0.7357	1.088	0.7546
213	0.9305	0.6652	1.1063	0.7248	1.0736	0.7337
214	0.9442	0.6754	1.1007	0.7315	1.0676	0.746
215	0.9208	0.6547	1.09	0.7093	1.0549	0.7289
216	0.9224	0.6562	1.1136	0.7079	1.0703	0.7327
217	0.917	0.6509	1.0933	0.7067	1.0573	0.7258
218	0.9437	0.674	1.1426	0.7345	1.101	0.7487
219	0.9357	0.6724	1.0988	0.7224	1.0631	0.7446
220	0.9093	0.6417	1.0876	0.7007	1.0533	0.7173
221	0.9075	0.6427	1.0841	0.6994	1.052	0.7167
222	0.9055	0.641	1.0887	0.6951	1.045	0.7116
223	0.9065	0.6398	1.0929	0.697	1.0517	0.7178
224	0.9082	0.6463	1.0952	0.7005	1.0524	0.719
225	0.9135	0.6486	1.1148	0.7116	1.064	0.7261
226	0.907	0.6478	1.1116	0.706	1.0655	0.7271
227	0.9021	0.6392	1.0869	0.6991	1.0461	0.7181
228	0.9243	0.6556	1.111	0.7089	1.0622	0.7277
229	0.9126	0.6514	1.0808	0.7042	1.047	0.7249
230	0.9094	0.6482	1.1079	0.7092	1.067	0.725
231	0.9262	0.6618	1.1026	0.7143	1.0557	0.7324
232	0.9072	0.6418	1.1073	0.7015	1.0708	0.7241
233	0.8921	0.6325	1.0873	0.6892	1.0429	0.707
234	0.9023	0.645	1.0963	0.7006	1.0454	0.721
235	0.9179	0.6548	1.1195	0.7177	1.078	0.7351
236	0.9625	0.7052	1.1255	0.7551	1.089	0.7756
237	0.8893	0.6321	1.0842	0.6933	1.0375	0.7049
238	0.8947	0.632	1.1008	0.6878	1.0512	0.7129
239	0.9078	0.6511	1.0922	0.715	1.0489	0.7244
240	0.8913	0.631	1.0938	0.6957	1.0481	0.7156
241	0.8913	0.6344	1.068	0.6999	1.0319	0.713
242	0.9035	0.6401	1.0919	0.7012	1.0413	0.7168
243	0.891	0.6357	1.0902	0.6976	1.0444	0.7152
244	0.8809	0.622	1.0867	0.689	1.0262	0.6939
245	0.8784	0.6196	1.0953	0.6856	1.0349	0.6961
246	0.8924	0.6325	1.0997	0.6967	1.053	0.7158
247	0.889	0.6326	1.1091	0.7017	1.0494	0.7108
248	0.8789	0.6237	1.0853	0.6879	1.0273	0.7028
249	0.8784	0.6242	1.1016	0.6935	1.0416	0.7002
250	0.8862	0.6247	1.0939	0.6914	1.041	0.7105
251	0.8755	0.6203	1.083	0.6829	1.0256	0.6977
252	0.8915	0.6346	1.0902	0.6949	1.0328	0.7121
253	0.8906	0.6384	1.0982	0.7061	1.0471	0.7171
254	0.9021	0.6482	1.0961	0.7014	1.0443	0.7249
255	0.9355	0.6802	1.1507	0.7483	1.0926	0.7563
256	0.9642	0.7202	1.1534	0.765	1.0936	0.7883
257	0.9198	0.6678	1.1136	0.7348	1.0629	0.7445
258	0.8975	0.6481	1.1038	0.705	1.0445	0.7245
259	0.883	0.6312	1.0777	0.6966	1.0294	0.7091
260	0.8666	0.6115	1.0894	0.6757	1.0277	0.6908
261	0.8763	0.6234	1.078	0.6897	1.0241	0.7032
262	0.8851	0.6335	1.1046	0.7049	1.0431	0.7128
263	0.905	0.6538	1.1038	0.707	1.0496	0.731
264	0.8834	0.6312	1.1147	0.7061	1.0562	0.715
265	0.8675	0.6185	1.0795	0.6849	1.0195	0.695
266	0.862	0.6088	1.0937	0.6793	1.0276	0.6925
267	0.8702	0.6206	1.0752	0.6856	1.0129	0.6905
268	0.8861	0.637	1.0932	0.6932	1.0332	0.7167
269	0.863	0.6104	1.0764	0.6792	1.0126	0.6869
270	0.9002	0.6541	1.1294	0.7309	1.0722	0.7407
271	0.9527	0.7051	1.1395	0.7511	1.0791	0.7686
272	0.8592	0.6107	1.0968	0.6778	1.0258	0.6912
273	0.8812	0.6294	1.1064	0.7003	1.0434	0.7107
274	0.8756	0.6327	1.1054	0.7007	1.0377	0.7159
275	0.8775	0.6269	1.1077	0.702	1.053	0.7097
276	0.8881	0.6363	1.0985	0.6955	1.036	0.7123
277	0.8656	0.6169	1.1065	0.6895	1.04	0.6993
278	0.8483	0.599	1.0818	0.6744	1.0173	0.6829
279	0.8658	0.6182	1.0785	0.6876	1.0179	0.7013
280	0.8651	0.6163	1.123	0.6957	1.0508	0.6996
281	0.8529	0.6066	1.0802	0.677	1.0134	0.6904
282	0.8802	0.6319	1.1279	0.7103	1.064	0.7142
283	0.8884	0.6493	1.1029	0.7161	1.0361	0.73
284	0.8905	0.6521	1.1352	0.7323	1.0659	0.7372
285	0.8595	0.6131	1.0653	0.6807	1.0057	0.6909
286	0.8723	0.6318	1.1282	0.7139	1.0671	0.7231
287	0.8848	0.6447	1.1095	0.7142	1.0395	0.7237
288	0.8766	0.6276	1.1337	0.709	1.07	0.7155
289	0.8532	0.6076	1.0805	0.6781	1.0149	0.689
290	0.8436	0.5975	1.0956	0.6763	1.0279	0.6863
291	0.8466	0.6019	1.0842	0.6773	1.0197	0.6885
292	0.8461	0.5989	1.101	0.6804	1.0286	0.6848
293	0.8377	0.5936	1.0681	0.6682	1.011	0.6822
294	0.8404	0.5948	1.082	0.668	1.0165	0.6857
295	0.8462	0.6054	1.0962	0.6849	1.0279	0.693
296	0.8447	0.6014	1.0832	0.672	1.0126	0.6865
297	0.848	0.5992	1.1227	0.6818	1.0446	0.6892
298	0.92	0.6926	1.157	0.7673	1.09	0.7722
299	0.861	0.6145	1.1266	0.695	1.0538	0.7021
300	0.8519	0.6094	1.0705	0.681	1.0054	0.6858
301	0.8452	0.6003	1.0807	0.6769	1.0059	0.6799
302	0.8461	0.6042	1.0988	0.684	1.0228	0.6925
303	0.8466	0.6057	1.1024	0.68	1.0238	0.6952
304	0.8321	0.592	1.0932	0.6729	1.0151	0.6812
305	0.8294	0.5881	1.0919	0.6647	1.0174	0.6788
306	0.8493	0.6123	1.0882	0.6871	1.0152	0.7015
307	0.8249	0.5844	1.0905	0.6696	1.0149	0.6793
308	0.8461	0.6097	1.0941	0.6869	1.0179	0.7002
309	0.8302	0.5903	1.1013	0.674	1.0154	0.6803
310	0.8239	0.5818	1.0791	0.6701	1.0006	0.6768
311	0.8247	0.5833	1.0884	0.6684	1.0126	0.678
312	0.8407	0.6058	1.0894	0.6833	1.011	0.6934
313	0.8623	0.6224	1.1266	0.707	1.0491	0.7075
314	0.8291	0.5916	1.0947	0.6739	1.0106	0.6835
315	0.8205	0.5807	1.0877	0.6696	1.0106	0.6732
316	0.8229	0.5822	1.0748	0.666	0.9994	0.674
317	0.837	0.598	1.1162	0.6857	1.0337	0.6901
318	0.8275	0.5922	1.0723	0.6668	0.9999	0.6823
319	0.8247	0.5841	1.0914	0.6688	1.0094	0.6766
320	0.8224	0.588	1.0811	0.6707	1.0109	0.6722
321	0.8255	0.5853	1.0825	0.6639	1.0081	0.6789
322	0.8181	0.5784	1.0987	0.6676	1.0273	0.6781
323	0.8114	0.5729	1.0743	0.6622	1.0032	0.6672
324	0.813	0.5771	1.0848	0.662	1.0121	0.672
325	0.8128	0.5755	1.0802	0.6608	0.9946	0.6729
326	0.8144	0.5758	1.1097	0.6668	1.0242	0.6765
327	0.8129	0.5774	1.0642	0.6605	0.9897	0.6717
328	0.81	0.5719	1.0893	0.6599	1.0073	0.6701
329	0.8086	0.5756	1.0716	0.66	0.9901	0.6681
330	0.8069	0.5698	1.0939	0.6618	1.0146	0.6677
331	0.8185	0.5856	1.1043	0.6698	1.0143	0.6777
332	0.8038	0.5698	1.0932	0.6606	0.9989	0.6694
333	0.8272	0.5941	1.0931	0.6758	1.0006	0.6811
334	0.8254	0.5914	1.0795	0.6706	0.995	0.6769
335	0.8099	0.5779	1.0938	0.6618	0.9998	0.6721
336	0.8218	0.5899	1.1222	0.6826	1.028	0.6819
337	0.847	0.6086	1.1496	0.7047	1.0547	0.7053
338	0.8341	0.6045	1.1402	0.6987	1.0413	0.6964
339	0.8511	0.6257	1.1262	0.7134	1.0388	0.7166
340	0.8246	0.5937	1.0948	0.6852	1.0129	0.6971
341	0.8599	0.6229	1.1048	0.6942	1.0172	0.7023
342	0.8043	0.5723	1.0908	0.6652	0.9974	0.6689
343	0.8064	0.5727	1.076	0.6634	0.987	0.6688
344	0.8014	0.5673	1.0967	0.6602	1.0066	0.6662
345	0.8002	0.5667	1.0889	0.6603	0.9985	0.6612
346	0.8007	0.5656	1.087	0.6539	1.0012	0.6641
347	0.8027	0.5676	1.0959	0.6605	1.0134	0.6659
348	0.7933	0.5597	1.0964	0.6524	1.0084	0.6587
349	0.7957	0.5628	1.0792	0.6568	0.9979	0.6659
350	0.8285	0.5898	1.1398	0.6937	1.0497	0.6949
351	0.7979	0.5667	1.0861	0.6571	0.9886	0.6618
352	0.7938	0.5624	1.0848	0.6561	0.9896	0.6613
353	0.8003	0.5706	1.0794	0.6611	0.9825	0.6604
354	0.8932	0.651	1.1949	0.7521	1.1064	0.7462
355	0.832	0.6066	1.1145	0.6898	1.0227	0.6978
356	0.823	0.5914	1.1116	0.6889	1.0128	0.6892
357	0.838	0.6071	1.0866	0.6864	0.9946	0.6875
358	0.8025	0.5665	1.0802	0.6611	0.9829	0.6645
359	0.8039	0.5693	1.1097	0.6634	1.0111	0.6625
360	0.7934	0.5617	1.0938	0.6551	0.9929	0.6622
361	0.7974	0.5675	1.1076	0.6601	1.0035	0.6646
362	0.798	0.5629	1.0952	0.6587	0.999	0.6608
363	0.8074	0.5795	1.1044	0.6683	0.9982	0.6707
364	0.8022	0.5682	1.1052	0.6692	1.0086	0.6659
365	0.7894	0.5588	1.0809	0.6534	0.9864	0.6613
366	0.8315	0.6002	1.108	0.6769	1.0062	0.687
367	0.8019	0.5691	1.1002	0.6682	1.0086	0.6757
368	0.7837	0.5515	1.1026	0.651	1.0045	0.6565
369	0.7855	0.5579	1.0941	0.6532	0.9861	0.6585
370	0.7953	0.5629	1.0968	0.668	1.0034	0.666
371	0.7981	0.5704	1.0924	0.6609	0.9988	0.6646
372	0.7862	0.5543	1.0898	0.6544	0.9917	0.6564
373	0.8087	0.5797	1.0946	0.6853	1.0194	0.6866
374	0.7862	0.5539	1.1078	0.6582	1.0065	0.6584
375	0.7889	0.5611	1.0857	0.6573	0.9856	0.6547
376	0.7948	0.566	1.1036	0.6688	1.0111	0.6725
377	0.7858	0.5564	1.0669	0.6481	0.9753	0.6537
378	0.7862	0.5573	1.0799	0.6514	0.9795	0.6476
379	0.7899	0.5577	1.1013	0.6647	1.0013	0.6634
380	0.7789	0.5491	1.092	0.6516	0.997	0.6508
381	0.7911	0.5608	1.0812	0.6645	0.985	0.6599
382	0.798	0.5712	1.0932	0.664	1.0011	0.6666
383	0.7765	0.5449	1.0782	0.6432	0.9811	0.6427
384	0.813	0.5829	1.1219	0.6905	1.0386	0.6931
385	0.8033	0.5762	1.0976	0.6685	1.0066	0.6713
386	0.8142	0.5815	1.1201	0.686	1.035	0.6849
387	0.7936	0.571	1.1055	0.6647	1.0011	0.6661
388	0.777	0.5473	1.0936	0.6493	1.0011	0.6495
389	0.7846	0.56	1.0855	0.6585	0.9852	0.6568
390	0.7772	0.5488	1.0941	0.6526	0.9897	0.6531
391	0.7803	0.5505	1.0848	0.6495	0.9942	0.6511
392	0.7883	0.564	1.0786	0.6507	0.9808	0.6564
393	0.83	0.5976	1.1371	0.7022	1.0462	0.6939
394	0.8268	0.6	1.0935	0.6803	1.0059	0.6819
395	0.7994	0.5708	1.104	0.6803	1.0142	0.6799
396	0.7775	0.5509	1.068	0.6467	0.9682	0.6438
397	0.7733	0.5436	1.091	0.6485	0.994	0.6482
398	0.7694	0.546	1.0809	0.6453	0.9806	0.6461
399	0.7822	0.557	1.1096	0.6632	1.0082	0.6599
400	0.7971	0.5641	1.1084	0.6685	1.0174	0.6653
401	0.7763	0.5514	1.0854	0.6495	0.9795	0.6491
402	0.7694	0.5436	1.0775	0.6445	0.9776	0.643
403	0.7616	0.5337	1.0755	0.6392	0.9817	0.6382
404	0.799	0.5821	1.0991	0.6786	1.0002	0.6747
405	0.7884	0.5557	1.1179	0.6641	1.0308	0.6601
406	0.7636	0.5366	1.0639	0.6391	0.9679	0.6389
407	0.7639	0.538	1.0833	0.6424	0.9788	0.6417
408	0.773	0.5482	1.0777	0.6538	0.9883	0.657
409	0.7667	0.5415	1.0853	0.6423	0.9852	0.6436
410	0.7678	0.5414	1.0815	0.65	0.9839	0.6501
411	0.7595	0.5327	1.0883	0.6417	0.9852	0.6389
412	0.7621	0.5374	1.0878	0.646	0.989	0.6419
413	0.7597	0.5342	1.0786	0.6399	0.9851	0.6426
414	0.7645	0.5379	1.0818	0.648	0.9832	0.6467
415	0.775	0.5496	1.0946	0.6608	0.9971	0.6561
416	0.7834	0.5627	1.0832	0.6571	0.9835	0.6549
417	0.7776	0.5484	1.1037	0.6598	1.0052	0.66
418	0.76	0.5346	1.0939	0.6437	0.9978	0.6394
419	0.7633	0.5395	1.0773	0.645	0.9877	0.6465
420	0.8902	0.6666	1.1438	0.741	1.0578	0.7418
421	0.7827	0.5594	1.0574	0.6505	0.9662	0.6567
422	0.8502	0.6274	1.156	0.7367	1.0708	0.73
423	0.8128	0.5944	1.0837	0.6799	0.987	0.676
424	0.7755	0.5494	1.0943	0.6522	1.0072	0.6544
425	0.7665	0.5394	1.0799	0.6463	0.9946	0.6484
426	0.7729	0.5498	1.0825	0.6477	0.9945	0.6511
427	0.7645	0.5398	1.0682	0.646	0.9722	0.6483
428	0.7838	0.5647	1.0794	0.6569	0.9803	0.6588
429	0.7654	0.5393	1.0751	0.6491	0.9796	0.648
430	0.7609	0.5354	1.0905	0.6431	0.9867	0.6386
431	0.7643	0.5368	1.0941	0.6476	0.9902	0.6462
432	0.7503	0.5253	1.0743	0.6351	0.9832	0.6342
433	0.7535	0.5277	1.0649	0.6329	0.967	0.6326
434	0.7523	0.5275	1.0697	0.6337	0.9724	0.634
435	0.7544	0.5302	1.0749	0.6375	0.9789	0.6371
436	0.7569	0.5331	1.0812	0.6389	0.9894	0.6411
437	0.7582	0.5343	1.085	0.6452	0.9928	0.6438
438	0.7513	0.5238	1.0995	0.6382	1.0044	0.6336
439	0.7539	0.5312	1.0627	0.6345	0.9638	0.6358
440	0.7622	0.5374	1.0726	0.6418	0.9725	0.6391
441	0.7619	0.5401	1.0651	0.6484	0.9741	0.653
442	0.7686	0.5413	1.0819	0.6407	0.9763	0.6419
443	0.756	0.5343	1.0598	0.6368	0.9682	0.6393
444	0.7547	0.5295	1.0956	0.6412	0.9984	0.6384
445	0.7509	0.5266	1.0928	0.6414	0.993	0.6382
446	0.7551	0.531	1.099	0.6458	1.0002	0.6455
447	0.7501	0.5253	1.0802	0.6429	0.979	0.6374
448	0.7599	0.5406	1.0755	0.6464	0.9741	0.6459
449	0.7646	0.5452	1.084	0.6589	0.978	0.6543
450	0.7508	0.5287	1.0714	0.6377	0.9735	0.6379
451	0.7559	0.5334	1.0948	0.6482	0.9993	0.645
452	0.7672	0.5476	1.1119	0.6619	1.0087	0.6559
453	0.7528	0.5302	1.0981	0.6458	0.9985	0.6454
454	0.7391	0.5166	1.0825	0.6343	0.974	0.631
455	0.7489	0.5272	1.0817	0.6408	0.978	0.6374
456	0.7693	0.5483	1.0831	0.6489	0.976	0.6489
457	0.7754	0.5517	1.1168	0.6653	1.0231	0.6603
458	0.7872	0.5721	1.1025	0.6774	1.0035	0.6724
459	0.7474	0.5239	1.0946	0.6408	0.9916	0.6364
460	0.7391	0.5166	1.0829	0.6324	0.9809	0.6291
461	0.7402	0.5217	1.0796	0.6339	0.9785	0.6354
462	0.7346	0.511	1.0853	0.6291	0.9827	0.6275
463	0.7564	0.5333	1.0907	0.6439	0.9916	0.6401
464	0.7771	0.5565	1.0894	0.6539	0.9846	0.6574
465	0.7876	0.565	1.1087	0.6768	1.0141	0.6718
466	0.7486	0.5253	1.101	0.6362	0.9961	0.6345
467	0.7654	0.5396	1.0715	0.65	0.9725	0.6523
468	0.743	0.5182	1.1068	0.6362	1.0045	0.6327
469	0.7724	0.5494	1.0786	0.6616	0.9754	0.6564
470	0.7629	0.5413	1.0979	0.6479	0.9972	0.6506
471	0.7441	0.5228	1.0614	0.6329	0.9624	0.6364
472	0.7355	0.5146	1.0871	0.6305	0.9785	0.6285
473	0.7329	0.51	1.0649	0.631	0.958	0.6241
474	0.7409	0.52	1.0773	0.6358	0.9755	0.6314
475	0.7373	0.5126	1.0882	0.6354	0.989	0.632
476	0.7314	0.5102	1.0687	0.6253	0.9629	0.6243
477	0.7335	0.5151	1.075	0.6327	0.9674	0.628
478	0.7548	0.5319	1.0917	0.6533	0.9913	0.6459
479	0.7384	0.52	1.0771	0.6336	0.9673	0.6302
480	0.7331	0.5113	1.0826	0.6336	0.9804	0.6273
481	0.726	0.5029	1.082	0.6266	0.9772	0.621
482	0.7495	0.5338	1.0764	0.6427	0.9803	0.6419
483	0.7692	0.5475	1.1043	0.6691	1.0083	0.6554
484	0.729	0.5098	1.0699	0.6239	0.9749	0.6224
485	0.7427	0.5231	1.0763	0.6356	0.9781	0.6363
486	0.7374	0.517	1.0701	0.6329	0.9769	0.6324
487	0.7297	0.5107	1.0629	0.6255	0.9653	0.6247
488	0.7388	0.5212	1.0803	0.6433	0.9843	0.6386
489	0.742	0.5267	1.0538	0.6316	0.9581	0.6341
490	0.7306	0.509	1.0822	0.6302	0.9926	0.6264
491	0.7513	0.5298	1.1009	0.6491	1.0053	0.6437
492	0.7322	0.5139	1.0688	0.6314	0.9707	0.6258
493	0.7254	0.5074	1.0722	0.6263	0.9683	0.6241
494	0.7529	0.5371	1.0782	0.6572	0.9814	0.6541
495	0.7374	0.5213	1.061	0.6309	0.9673	0.6277
496	0.7272	0.5098	1.0608	0.628	0.9569	0.6223
497	0.7232	0.5019	1.0853	0.6245	0.9915	0.6213
498	0.7232	0.5015	1.0773	0.626	0.9794	0.6254
499	0.7793	0.567	1.0998	0.6711	0.9937	0.6645
500	0.7265	0.5071	1.0781	0.6351	0.9788	0.6275
501	0.7509	0.529	1.1167	0.6573	1.0198	0.6455
502	0.764	0.5527	1.0902	0.6633	0.9846	0.6531
503	0.743	0.5223	1.1133	0.6489	1.0101	0.6393
504	0.7524	0.5425	1.085	0.6553	0.9809	0.6514
505	0.731	0.5078	1.1065	0.6333	1.0124	0.6255
506	0.7485	0.5277	1.0546	0.6355	0.9495	0.6316
507	0.733	0.5206	1.0592	0.6344	0.955	0.6296
508	0.739	0.516	1.0926	0.6434	0.9949	0.6286
509	0.7284	0.5085	1.0829	0.6278	0.9847	0.6261
510	0.7398	0.5223	1.081	0.6376	0.9854	0.634
511	0.7359	0.5172	1.0909	0.6415	0.9918	0.6304
512	0.7397	0.5224	1.0745	0.6381	0.9711	0.6307
513	0.7231	0.5076	1.0647	0.6279	0.9663	0.6254
514	0.7169	0.4968	1.0547	0.6181	0.9535	0.6134
515	0.7364	0.5178	1.0838	0.6442	0.9897	0.636
516	0.724	0.5071	1.0918	0.6336	0.9901	0.6295
517	0.7161	0.498	1.0871	0.6274	0.9972	0.6218
518	0.7135	0.4963	1.0759	0.6259	0.9772	0.6152
519	0.716	0.4979	1.0921	0.6284	0.9918	0.6158
520	0.7175	0.5	1.076	0.6252	0.9809	0.6171
521	0.755	0.5465	1.1107	0.6679	1.0128	0.6599
522	0.7364	0.5168	1.09	0.6422	1.0044	0.634
523	0.7199	0.5012	1.0733	0.6278	0.9782	0.6199
524	0.7133	0.4965	1.0626	0.621	0.9638	0.6155
525	0.7415	0.526	1.0926	0.649	1.0063	0.6427
526	0.7252	0.5069	1.0579	0.6248	0.9557	0.6175
527	0.7363	0.5263	1.0686	0.6492	0.9793	0.644
528	0.7111	0.4932	1.0763	0.6259	0.9833	0.6175
529	0.7399	0.5246	1.0956	0.6562	1.005	0.6484
530	0.7101	0.4928	1.0767	0.623	0.981	0.6166
531	0.7274	0.5156	1.0756	0.6319	0.975	0.6238
532	0.7432	0.5233	1.1038	0.649	1.0123	0.6373
533	0.73	0.5123	1.0937	0.6372	0.9964	0.6257
534	0.7282	0.5106	1.0841	0.6315	0.9911	0.6234
535	0.7171	0.5018	1.0734	0.6229	0.9797	0.6186
536	0.7144	0.4988	1.0639	0.6159	0.9661	0.6166
537	0.7236	0.5119	1.0565	0.6339	0.9734	0.6332
538	0.7259	0.5138	1.0626	0.6333	0.9635	0.6289
539	0.7233	0.5113	1.0692	0.6313	0.9729	0.6299
540	0.7102	0.4939	1.0477	0.6207	0.9601	0.6167
541	0.7184	0.5029	1.0807	0.6348	0.9883	0.6264
542	0.715	0.5	1.0805	0.6246	0.9875	0.619
543	0.7284	0.5083	1.0726	0.6382	0.9886	0.6291
544	0.7137	0.4965	1.0801	0.6269	0.9827	0.6145
545	0.7162	0.5034	1.0692	0.6259	0.9639	0.6171
546	0.7421	0.5263	1.091	0.6546	1.0053	0.644
547	0.735	0.5233	1.0694	0.6324	0.9789	0.6353
548	0.7461	0.5316	1.094	0.6602	1.0054	0.6467
549	0.7207	0.5106	1.0453	0.6236	0.9501	0.6209
550	0.7283	0.5172	1.0819	0.6412	0.9931	0.6404
551	0.703	0.4892	1.0496	0.6126	0.9563	0.6109
552	0.7063	0.4906	1.0772	0.6261	0.9911	0.6158
553	0.7552	0.552	1.1064	0.6744	1.0109	0.6625
554	0.7108	0.495	1.0832	0.6264	0.9932	0.6178
555	0.727	0.5102	1.0746	0.6364	0.9829	0.6248
556	0.7022	0.4863	1.066	0.6149	0.9725	0.6073
557	0.7157	0.5009	1.0714	0.6335	0.9713	0.6224
558	0.7153	0.4993	1.0838	0.6346	0.9866	0.6219
559	0.6973	0.485	1.0589	0.6123	0.9611	0.6064
560	0.7072	0.4933	1.0799	0.6213	0.984	0.6148
561	0.7386	0.5197	1.1047	0.6483	1.0177	0.6376
562	0.706	0.4944	1.0601	0.6218	0.9695	0.6145
563	0.7938	0.5839	1.1287	0.7114	1.0379	0.6908
564	0.791	0.581	1.087	0.6727	0.9926	0.6676
565	0.7674	0.5537	1.1181	0.6808	1.0376	0.6672
566	0.734	0.5235	1.0752	0.6377	0.984	0.6282
567	0.7302	0.5191	1.0799	0.6486	0.9986	0.6376
568	0.7231	0.5137	1.0586	0.626	0.9651	0.6239
569	0.7235	0.5099	1.0672	0.6397	0.9781	0.6305
570	0.7187	0.5086	1.0561	0.6232	0.9525	0.6177
571	0.7184	0.5082	1.0778	0.6401	0.9791	0.6257
572	0.7153	0.5025	1.066	0.622	0.9705	0.6201
573	0.7009	0.4887	1.0724	0.6182	0.9786	0.6093
574	0.6978	0.4871	1.061	0.6176	0.9655	0.6064
575	0.7105	0.4945	1.0878	0.6296	1.0048	0.6158
576	0.7094	0.4978	1.0812	0.6255	0.9864	0.6123
577	0.7128	0.5034	1.0737	0.6292	0.9811	0.6235
578	0.698	0.4859	1.0677	0.6168	0.9737	0.6071
579	0.6953	0.4816	1.0672	0.6146	0.9728	0.6064
580	0.6951	0.4814	1.0685	0.6194	0.9762	0.6089
581	0.6951	0.4807	1.0773	0.6195	0.99	0.6088
582	0.7076	0.4953	1.0585	0.6226	0.9617	0.6135
583	0.7003	0.4882	1.0796	0.6198	0.9873	0.6136
584	0.7277	0.5161	1.086	0.6476	1.0051	0.6422
585	0.7007	0.4878	1.0958	0.6268	1.0007	0.6151
586	0.7129	0.5032	1.0693	0.6308	0.9731	0.6214
587	0.694	0.4817	1.0667	0.6147	0.9772	0.6098
588	0.711	0.5038	1.0644	0.6293	0.9681	0.622
589	0.707	0.4951	1.0674	0.628	0.9709	0.6182
590	0.6978	0.4865	1.0599	0.6128	0.976	0.61
591	0.7197	0.507	1.0758	0.6345	0.9976	0.6274
592	0.7161	0.5074	1.0742	0.6275	0.9853	0.6238
593	0.687	0.4765	1.0463	0.6088	0.9591	0.605
594	0.6928	0.4804	1.0723	0.6212	0.9825	0.6082
595	0.7072	0.4993	1.0615	0.627	0.9671	0.6166
596	0.7077	0.4959	1.0788	0.6338	0.9863	0.6202
597	0.6994	0.4879	1.0558	0.6195	0.9697	0.6131
598	0.6918	0.483	1.0673	0.6218	0.9794	0.6133
599	0.7025	0.4909	1.0837	0.6336	0.995	0.6183
600	0.6972	0.4911	1.0612	0.6207	0.9665	0.6147
601	0.6846	0.4721	1.061	0.6108	0.9711	0.6009
602	0.709	0.4971	1.0958	0.6393	0.9999	0.6178
603	0.6938	0.4856	1.0538	0.615	0.961	0.6099
604	0.7138	0.506	1.0798	0.6432	0.984	0.6255
605	0.7033	0.4973	1.0572	0.6249	0.948	0.6113
606	0.7031	0.4921	1.0737	0.6252	0.9784	0.611
607	0.6923	0.4837	1.0436	0.6131	0.9534	0.607
608	0.7041	0.4929	1.0709	0.6303	0.9899	0.6167
609	0.7204	0.5184	1.0762	0.6446	0.9895	0.6383
610	0.6984	0.4876	1.0574	0.6231	0.9686	0.6115
611	0.698	0.4907	1.08	0.6229	0.9893	0.6135
612	0.6831	0.4741	1.063	0.611	0.9679	0.6018
613	0.683	0.4737	1.0472	0.6104	0.9436	0.6
614	0.6823	0.4755	1.068	0.6135	0.9697	0.6046
615	0.6918	0.4835	1.0572	0.613	0.952	0.6059
616	0.6893	0.4818	1.0483	0.617	0.9595	0.6114
617	0.684	0.4739	1.0488	0.6059	0.9543	0.6018
618	0.6835	0.4735	1.0471	0.6059	0.9615	0.6009
619	0.6871	0.4784	1.0422	0.6111	0.9557	0.6083
620	0.6979	0.4891	1.0645	0.6263	0.9832	0.6145
621	0.6974	0.4861	1.0406	0.6105	0.9418	0.6022
622	0.6936	0.4865	1.0578	0.6147	0.9783	0.61
623	0.6988	0.4957	1.0638	0.6298	0.9739	0.6147
624	0.6964	0.4833	1.0694	0.6209	0.9779	0.6054
625	0.6845	0.4725	1.0659	0.6144	0.9875	0.6033
626	0.6877	0.479	1.0707	0.6134	0.9866	0.6056
627	0.6843	0.4766	1.048	0.6083	0.9582	0.603
628	0.6934	0.4888	1.0326	0.6144	0.9464	0.6124
629	0.6958	0.4915	1.0623	0.6299	0.976	0.6184
630	0.6932	0.4894	1.0455	0.6132	0.954	0.6099
631	0.6771	0.4658	1.0596	0.6037	0.9695	0.5943
632	0.6981	0.4873	1.069	0.623	0.9848	0.6125
633	0.6839	0.4727	1.0713	0.6163	0.9789	0.6032
634	0.6745	0.4688	1.0524	0.6068	0.955	0.598
635	0.6883	0.4801	1.0466	0.6142	0.9533	0.6109
636	0.6862	0.4807	1.0587	0.6188	0.979	0.6141
637	0.6951	0.4891	1.0417	0.6114	0.9445	0.6073
638	0.6859	0.4809	1.0531	0.6202	0.9662	0.6113
639	0.6706	0.4619	1.0557	0.604	0.9587	0.5953
640	0.6766	0.4668	1.0701	0.6121	0.988	0.6032
641	0.6725	0.4656	1.0554	0.608	0.966	0.5965
642	0.6668	0.459	1.0507	0.6	0.956	0.5923
643	0.6733	0.4685	1.0482	0.6069	0.9571	0.5999
644	0.7013	0.4896	1.0889	0.6328	0.9973	0.6179
645	0.6916	0.4892	1.0733	0.6286	0.9794	0.6148
646	0.6822	0.4727	1.0765	0.6172	0.9918	0.604
647	0.6761	0.4698	1.0503	0.6126	0.9627	0.6024
648	0.6737	0.4701	1.0604	0.6134	0.9634	0.6029
649	0.678	0.4721	1.0329	0.6124	0.9401	0.6032
650	0.6681	0.4623	1.0557	0.6029	0.9692	0.5977
651	0.6739	0.4689	1.0544	0.6114	0.9634	0.6013
652	0.6728	0.4691	1.0608	0.6086	0.9681	0.6014
653	0.6808	0.4746	1.0625	0.6196	0.9709	0.6056
654	0.7	0.5001	1.083	0.6379	0.9862	0.63
655	0.7004	0.4898	1.0942	0.6353	0.9983	0.617
656	0.6855	0.4777	1.0866	0.6246	0.9902	0.6026
657	0.6785	0.4763	1.0481	0.6142	0.9538	0.6054
658	0.6663	0.4585	1.0761	0.6074	0.9763	0.594
659	0.6734	0.4669	1.0687	0.6123	0.9787	0.6022
660	0.6738	0.4649	1.0772	0.6142	0.9892	0.6016
661	0.6961	0.4987	1.0533	0.6321	0.9579	0.6211
662	0.6757	0.4699	1.0606	0.6089	0.9609	0.6
663	0.6782	0.4743	1.0351	0.6138	0.9487	0.6093
664	0.6696	0.465	1.0576	0.6124	0.97	0.6038
665	0.6757	0.4739	1.0639	0.6188	0.9638	0.6036
666	0.6765	0.4669	1.0855	0.616	0.9828	0.5967
667	0.7038	0.4933	1.0845	0.6316	0.9932	0.6177
668	0.6737	0.47	1.0603	0.605	0.9701	0.6009
669	0.6657	0.4622	1.0334	0.5965	0.9443	0.593
670	0.6584	0.4517	1.0445	0.5971	0.9569	0.5897
671	0.6642	0.4617	1.0452	0.6023	0.9482	0.5948
672	0.6882	0.4832	1.0612	0.6275	0.9819	0.6205
673	0.6653	0.4636	1.0524	0.6022	0.9567	0.5962
674	0.7554	0.5451	1.1089	0.6739	1.0187	0.6574
675	0.7681	0.5715	1.1161	0.6888	1.0216	0.6802
676	0.7536	0.5513	1.1105	0.6867	1.02	0.6677
677	0.7127	0.5134	1.0769	0.6394	0.978	0.635
678	0.6837	0.4803	1.0579	0.6204	0.9777	0.6139
679	0.6979	0.4998	1.0648	0.6309	0.9775	0.628
680	0.6633	0.4576	1.0566	0.6023	0.9659	0.5966
681	0.6786	0.4766	1.0437	0.6061	0.9519	0.6055
682	0.6656	0.464	1.0526	0.6085	0.9613	0.6013
683	0.6595	0.4556	1.0317	0.5946	0.9345	0.5908
684	0.662	0.4564	1.0609	0.604	0.9771	0.5969
685	0.6696	0.4703	1.052	0.6095	0.9485	0.6043
686	0.6653	0.4603	1.0649	0.6079	0.9774	0.5953
687	0.668	0.4629	1.0497	0.6101	0.9625	0.6018
688	0.6783	0.4776	1.0694	0.6193	0.9895	0.6129
689	0.6958	0.4907	1.0729	0.6326	0.9841	0.6185
690	0.663	0.4583	1.0551	0.6023	0.9572	0.5947
691	0.6693	0.4691	1.0445	0.6071	0.9518	0.6005
692	0.6623	0.4608	1.0388	0.6002	0.9371	0.5941
693	0.6654	0.464	1.0601	0.611	0.9722	0.607
694	0.6625	0.4613	1.0358	0.5995	0.9468	0.5945
695	0.6783	0.4764	1.0662	0.6263	0.9793	0.6111
696	0.6514	0.4483	1.0405	0.5957	0.9378	0.5832
697	0.6525	0.4501	1.0623	0.6013	0.958	0.5891
698	0.6611	0.4585	1.0499	0.6082	0.9609	0.6004
699	0.651	0.4471	1.0555	0.5966	0.9644	0.5855
700	0.6675	0.4682	1.0511	0.6081	0.9606	0.602
701	0.6737	0.4702	1.0676	0.6231	0.9832	0.6085
702	0.6522	0.4499	1.0589	0.6018	0.9594	0.5934
703	0.6552	0.454	1.0179	0.5955	0.9194	0.5864
704	0.6501	0.4485	1.0455	0.5961	0.9526	0.5877
705	0.7079	0.5124	1.0765	0.6572	1.001	0.6434
706	0.6892	0.4896	1.0274	0.6128	0.937	0.6093
707	0.7054	0.5053	1.0836	0.6477	1.0001	0.6301
708	0.6743	0.4767	1.0512	0.6125	0.9673	0.6062
709	0.6589	0.4582	1.0363	0.6025	0.9587	0.5948
710	0.6595	0.4556	1.0539	0.607	0.9739	0.5948
711	0.6631	0.4589	1.0487	0.6079	0.9627	0.5947
712	0.6566	0.4506	1.0594	0.6014	0.9734	0.5911
713	0.6631	0.4665	1.0455	0.6045	0.9525	0.5967
714	0.6947	0.4956	1.0817	0.6435	1.0037	0.6266
715	0.7057	0.5119	1.075	0.6423	0.9788	0.6304
716	0.7304	0.5251	1.1094	0.6661	1.0356	0.6459
717	0.7174	0.5292	1.0799	0.6578	0.9889	0.6489
718	0.6685	0.4659	1.0585	0.6145	0.9872	0.6054
719	0.6606	0.4603	1.0246	0.6025	0.9381	0.5927
720	0.6544	0.4508	1.0519	0.5985	0.9527	0.5881
721	0.6538	0.4532	1.0236	0.5969	0.9434	0.5938
722	0.6486	0.4454	1.0473	0.5977	0.9636	0.5859
723	0.6532	0.4534	1.0406	0.5998	0.9418	0.5889
724	0.6474	0.446	1.0445	0.5966	0.9543	0.5887
725	0.6459	0.4443	1.0447	0.5991	0.9498	0.5866
726	0.6449	0.4452	1.0415	0.6011	0.9512	0.5883
727	0.6603	0.4599	1.0504	0.6143	0.9674	0.603
728	0.6442	0.4437	1.029	0.5935	0.9421	0.5873
729	0.6477	0.4491	1.0411	0.6007	0.9469	0.5905
730	0.641	0.4396	1.0327	0.5946	0.9474	0.5851
731	0.6471	0.4481	1.0351	0.5992	0.9582	0.5981
732	0.641	0.4391	1.0387	0.5884	0.9482	0.5795
733	0.6444	0.4463	1.0462	0.5939	0.9599	0.5878
734	0.6517	0.4503	1.0584	0.6057	0.9752	0.5942
735	0.6453	0.4484	1.0365	0.5968	0.9469	0.5884
736	0.6409	0.4398	1.0451	0.5958	0.9558	0.5829
737	0.643	0.4449	1.0406	0.5913	0.9569	0.5826
738	0.6407	0.4407	1.0349	0.5917	0.9445	0.5808
739	0.6552	0.4585	1.0389	0.6102	0.957	0.6035
740	0.6438	0.4428	1.0374	0.5931	0.9432	0.5881
741	0.642	0.443	1.0349	0.5929	0.9449	0.5902
742	0.643	0.4458	1.0459	0.5969	0.9541	0.5848
743	0.6608	0.4562	1.0704	0.6127	0.981	0.5947
744	0.6647	0.4607	1.0772	0.6174	0.9818	0.5948
745	0.657	0.4598	1.0693	0.6156	0.9665	0.5929
746	0.6423	0.4413	1.0435	0.5955	0.955	0.5869
747	0.6488	0.4475	1.07	0.6071	0.9817	0.5905
748	0.6634	0.4633	1.0615	0.6214	0.9776	0.6048
749	0.6576	0.4652	1.05	0.6109	0.9617	0.6065
750	0.6586	0.4653	1.0607	0.6151	0.9635	0.6046
751	0.6683	0.4709	1.0674	0.627	0.9854	0.6121
752	0.6414	0.4433	1.0298	0.594	0.9445	0.5911
753	0.6608	0.4679	1.0362	0.615	0.9413	0.6045
754	0.6395	0.438	1.0427	0.5925	0.9477	0.5836
755	0.6495	0.4471	1.0549	0.6029	0.9729	0.5924
756	0.642	0.4466	1.0348	0.5931	0.9485	0.5905
757	0.6353	0.435	1.0427	0.5917	0.9657	0.581
758	0.6395	0.4392	1.045	0.5976	0.971	0.5871
759	0.6444	0.4503	1.0297	0.5926	0.9488	0.5886
760	0.6494	0.4533	1.0493	0.6102	0.9595	0.5968
761	0.6463	0.4512	1.0414	0.5973	0.9647	0.5957
762	0.6329	0.4333	1.0476	0.5961	0.9611	0.5854
763	0.683	0.4838	1.0823	0.6384	1.004	0.6218
764	0.6485	0.4542	1.0467	0.6032	0.9571	0.5936
765	0.6392	0.4421	1.039	0.5971	0.9643	0.5881
766	0.6368	0.4419	1.0333	0.597	0.9574	0.5927
767	0.6295	0.4319	1.026	0.587	0.9474	0.5822
768	0.6548	0.4569	1.056	0.6146	0.9782	0.6035
769	0.6289	0.4283	1.051	0.5894	0.9683	0.5805
770	0.6388	0.4399	1.0094	0.5917	0.9299	0.5858
771	0.6488	0.4517	1.0758	0.6154	0.9921	0.6025
772	0.6395	0.4427	1.0301	0.5947	0.9315	0.5877
773	0.6651	0.4714	1.0564	0.6069	0.9695	0.6066
774	0.6432	0.4463	1.0432	0.6029	0.9559	0.5892
775	0.6601	0.4614	1.062	0.6129	0.9676	0.5986
776	0.6416	0.4448	1.0551	0.5979	0.9712	0.5944
777	0.6368	0.4425	1.0269	0.5912	0.9304	0.5799
778	0.6612	0.4631	1.067	0.6197	0.9912	0.6069
779	0.6328	0.4388	1.0269	0.5893	0.9414	0.5825
780	0.6285	0.4298	1.0452	0.5881	0.965	0.5799
781	0.6446	0.4468	1.0427	0.6048	0.9676	0.5944
782	0.6824	0.4965	1.0652	0.6388	0.9718	0.6255
783	0.6701	0.4735	1.0531	0.6282	0.9818	0.6161
784	0.6994	0.5089	1.0523	0.6272	0.9663	0.6224
785	0.7506	0.5601	1.1192	0.7058	1.0546	0.6826
786	0.7122	0.5201	1.0648	0.64	0.9826	0.6322
787	0.7063	0.5176	1.0887	0.6667	1.0185	0.6492
788	0.6693	0.4724	1.0283	0.5992	0.9607	0.6027
789	0.6466	0.4513	1.0335	0.6016	0.959	0.5994
790	0.6361	0.437	1.0411	0.5894	0.9665	0.5829
791	0.6358	0.4377	1.0356	0.592	0.9532	0.582
792	0.639	0.4386	1.062	0.6008	0.9791	0.582
793	0.6353	0.4375	1.0253	0.5927	0.944	0.584
794	0.6286	0.4304	1.0404	0.5883	0.958	0.5796
795	0.6612	0.4614	1.0629	0.6155	0.9793	0.6005
796	0.6269	0.4301	1.0421	0.5881	0.9573	0.5799
797	0.6596	0.4701	1.0413	0.6122	0.9582	0.6061
798	0.6429	0.4497	1.0459	0.6079	0.9637	0.5972
799	0.6303	0.4361	1.0234	0.5839	0.9326	0.5822
800	0.6306	0.4349	1.0402	0.5914	0.951	0.5873
801	0.6314	0.4358	1.0209	0.5883	0.9312	0.5853
802	0.639	0.4442	1.0381	0.5952	0.9616	0.5934
803	0.6274	0.4315	1.0177	0.5811	0.9314	0.574
804	0.6334	0.4382	1.0476	0.5918	0.9586	0.5847
805	0.6324	0.4347	1.0467	0.5976	0.9638	0.5845
806	0.6301	0.4383	1.0379	0.5943	0.9478	0.5837
807	0.636	0.442	1.0408	0.6011	0.9538	0.59
808	0.6262	0.4341	1.0227	0.5835	0.9427	0.5806
809	0.6349	0.4441	1.046	0.596	0.9639	0.591
810	0.6738	0.4771	1.0834	0.6317	1.0034	0.6154
811	0.6317	0.439	1.0542	0.5992	0.9656	0.5888
812	0.6381	0.4436	1.0433	0.6033	0.9623	0.5941
813	0.6271	0.4346	1.0282	0.5912	0.9432	0.5858
814	0.6273	0.4313	1.04	0.5921	0.9526	0.5803
815	0.6322	0.434	1.0541	0.5965	0.9689	0.5851
816	0.6222	0.4276	1.0303	0.5892	0.9473	0.5759
817	0.7147	0.5215	1.1108	0.6705	1.0374	0.6494
818	0.6775	0.4929	1.0613	0.6306	0.9796	0.6251
819	0.6335	0.4383	1.0363	0.597	0.9551	0.5885
820	0.624	0.4296	1.0287	0.5849	0.9277	0.5752
821	0.635	0.4448	1.0231	0.5895	0.9415	0.5905
822	0.6308	0.4361	1.0374	0.5857	0.9531	0.5879
823	0.6441	0.4529	1.0536	0.6197	0.9694	0.6038
824	0.6241	0.4295	1.0308	0.5912	0.9479	0.5833
825	0.62	0.4262	1.0357	0.5863	0.9477	0.5744
826	0.6177	0.4228	1.0322	0.5845	0.9459	0.576
827	0.6172	0.4217	1.0298	0.5864	0.9474	0.5783
828	0.6341	0.4452	1.0296	0.6016	0.9317	0.589
829	0.6185	0.4266	1.0251	0.5837	0.9419	0.5815
830	0.6279	0.4342	1.0483	0.5973	0.9499	0.5865
831	0.6137	0.4202	1.0204	0.5778	0.9289	0.5726
832	0.6168	0.4245	1.0218	0.5773	0.9382	0.5757
833	0.6355	0.4417	1.0166	0.5887	0.9378	0.5868
834	0.6143	0.4206	1.034	0.5832	0.9501	0.578
835	0.6287	0.4357	1.0285	0.6018	0.9583	0.5945
836	0.6161	0.4231	1.0145	0.5821	0.9309	0.5766
837	0.6201	0.4296	1.0362	0.5843	0.951	0.5852
838	0.6611	0.4689	1.062	0.6298	0.9837	0.615
839	0.6266	0.4383	1.0266	0.5858	0.9372	0.581
840	0.6582	0.4683	1.0746	0.63	0.9889	0.6089
841	0.6123	0.4207	1.0256	0.5812	0.941	0.5745
842	0.6157	0.4252	1.0281	0.5831	0.9371	0.5799
843	0.6617	0.4704	1.0692	0.6273	0.9807	0.6096
844	0.6201	0.4309	1.0415	0.5935	0.9461	0.5816
845	0.6206	0.4288	1.0439	0.5911	0.9592	0.5819
846	0.6259	0.4322	1.0471	0.5984	0.9621	0.5822
847	0.6129	0.421	1.028	0.5849	0.9407	0.576
848	0.6136	0.4198	1.03	0.5821	0.9429	0.5723
849	0.6153	0.4239	1.0025	0.5817	0.9226	0.5723
850	0.6288	0.438	1.0397	0.5867	0.9569	0.5873
851	0.6199	0.4286	1.0282	0.5873	0.936	0.5814
852	0.6304	0.4353	1.0634	0.6054	0.979	0.5877
853	0.6207	0.4302	1.0123	0.5855	0.9226	0.5767
854	0.6317	0.4436	1.0426	0.5949	0.957	0.5904
855	0.6521	0.4618	1.0452	0.6235	0.9663	0.609
856	0.6287	0.4381	1.0515	0.5927	0.9646	0.5868
857	0.6173	0.4273	1.0188	0.5857	0.928	0.5767
858	0.6134	0.4225	1.04	0.5878	0.9622	0.5761
859	0.6174	0.43	1.0275	0.5991	0.9427	0.5836
860	0.6069	0.4154	1.0423	0.5874	0.9606	0.5753
861	0.6285	0.444	1.0513	0.6051	0.9622	0.5972
862	0.6259	0.4327	1.0464	0.5993	0.9611	0.5845
863	0.6213	0.4263	1.0517	0.5972	0.9662	0.5777
864	0.6245	0.436	1.022	0.5897	0.9409	0.5854
865	0.621	0.4296	1.0416	0.5925	0.9635	0.5866
866	0.6066	0.414	1.0267	0.5798	0.9443	0.5728
867	0.6115	0.4217	1.03	0.5795	0.9516	0.5733
868	0.6459	0.4585	1.0386	0.6179	0.9588	0.6044
869	0.6201	0.4257	1.0627	0.5971	0.9898	0.5862
870	0.6191	0.429	1.0307	0.5968	0.9438	0.5786
871	0.616	0.4283	1.0359	0.5921	0.9546	0.5868
872	0.6148	0.4261	1.052	0.5981	0.964	0.5859
873	0.6079	0.4197	1.0204	0.5805	0.9396	0.5781
874	0.6077	0.418	1.032	0.5877	0.9525	0.5787
875	0.6072	0.4164	1.0133	0.5827	0.93	0.5777
876	0.6167	0.4256	1.0369	0.5931	0.9602	0.5832
877	0.6171	0.4305	1.0313	0.5949	0.9458	0.5845
878	0.6089	0.4194	1.0149	0.5717	0.9262	0.5746
879	0.6211	0.4361	1.0378	0.6061	0.955	0.5936
880	0.6083	0.4166	1.0335	0.5874	0.9512	0.5723
881	0.6362	0.4463	1.0548	0.6147	0.9769	0.5957
882	0.6119	0.424	1.0322	0.5923	0.9545	0.5795
883	0.6028	0.4122	1.041	0.5809	0.957	0.5751
884	0.6174	0.4317	1.0253	0.5928	0.9444	0.5877
885	0.6232	0.4315	1.0314	0.596	0.9557	0.5821
886	0.6015	0.41	1.0382	0.5818	0.9539	0.5711
887	0.6287	0.4464	1.0463	0.6068	0.9603	0.5981
888	0.6209	0.4292	1.0527	0.6019	0.975	0.5845
889	0.5988	0.4088	1.0154	0.5739	0.9265	0.5674
890	0.6043	0.4143	1.0219	0.581	0.9386	0.573
891	0.5966	0.4063	1.0284	0.578	0.9396	0.564
892	0.6039	0.4168	1.0237	0.5793	0.9398	0.5766
893	0.6005	0.4106	1.0146	0.5777	0.9341	0.5746
894	0.6161	0.4281	1.0548	0.5907	0.9698	0.5847
895	0.6482	0.4609	1.0231	0.622	0.9564	0.6067
896	0.6018	0.4125	1.0261	0.5841	0.9482	0.5723
897	0.6202	0.4362	1.0242	0.597	0.9484	0.5911
898	0.6054	0.4143	1.0312	0.5777	0.9554	0.5709
899	0.6217	0.4333	1.0244	0.594	0.9406	0.5813
900	0.6011	0.4111	1.0155	0.5764	0.9405	0.5719
901	0.6682	0.4904	1.0518	0.6383	0.9789	0.6314
902	0.6132	0.4242	1.028	0.5896	0.9505	0.5831
903	0.6312	0.4378	1.0616	0.6027	0.9871	0.5901
904	0.5974	0.4094	1.0272	0.5781	0.9352	0.5689
905	0.6077	0.4173	1.058	0.597	0.9712	0.5803
906	0.6034	0.4136	1.0338	0.5797	0.9456	0.5733
907	0.6051	0.4177	1.0474	0.5893	0.941	0.5726
908	0.5986	0.4081	1.0399	0.582	0.9602	0.5739
909	0.6055	0.4145	1.0435	0.5891	0.9585	0.5745
910	0.6062	0.417	1.0313	0.5861	0.9509	0.5744
911	0.6028	0.4157	1.0353	0.5827	0.9502	0.5767
912	0.5948	0.4058	1.0311	0.5763	0.9477	0.5666
913	0.5948	0.4094	1.0103	0.5749	0.9378	0.5694
914	0.5951	0.4067	1.023	0.5765	0.9371	0.5698
915	0.6081	0.4217	1.0271	0.5905	0.9434	0.5763
916	0.5993	0.4118	1.0239	0.5788	0.943	0.5697
917	0.61	0.4234	1.0389	0.5917	0.9453	0.5811
918	0.6028	0.4189	1.0314	0.5852	0.946	0.5797
919	0.6035	0.4186	1.031	0.5879	0.9422	0.5771
920	0.6101	0.4246	1.0477	0.5919	0.9657	0.5798
921	0.6124	0.4227	1.0542	0.6009	0.9632	0.5777
922	0.6048	0.4209	1.0307	0.5843	0.9476	0.579
923	0.5963	0.4103	1.0262	0.5784	0.9346	0.5694
924	0.6295	0.4453	1.0453	0.6146	0.9604	0.5961
925	0.6232	0.4351	1.051	0.6035	0.9708	0.5878
926	0.5931	0.4067	1.0266	0.5787	0.9383	0.5729
927	0.596	0.4118	1.0315	0.5802	0.9352	0.5691
928	0.5961	0.4076	1.038	0.5838	0.9551	0.5723
929	0.6191	0.4307	1.0616	0.6067	0.9703	0.5815
930	0.5995	0.4142	1.0386	0.587	0.9381	0.5668
931	0.5976	0.4089	1.0358	0.5833	0.9465	0.5702
932	0.6185	0.4385	1.0559	0.6092	0.9607	0.5917
933	0.6031	0.4168	1.0286	0.5887	0.9382	0.573
934	0.62	0.4299	1.069	0.6029	0.9841	0.5867
935	0.5972	0.4115	1.0296	0.5839	0.9469	0.5702
936	0.5989	0.4152	1.0145	0.5775	0.9228	0.568
937	0.5919	0.4059	1.0297	0.5725	0.9365	0.5664
938	0.6024	0.4111	1.0413	0.5859	0.956	0.5719
939	0.6172	0.4267	1.0463	0.5942	0.9636	0.582
940	0.6154	0.4247	1.0573	0.5988	0.9717	0.5802
941	0.6014	0.413	1.0272	0.5837	0.9461	0.5756
942	0.5857	0.3984	1.0129	0.5714	0.9369	0.5679
943	0.611	0.4285	1.0282	0.587	0.9448	0.5826
944	0.6564	0.4725	1.0636	0.6391	0.9887	0.6192
945	0.6801	0.505	1.0627	0.6398	0.973	0.6322
946	0.7053	0.5182	1.1036	0.6755	1.0268	0.6494
947	0.5973	0.4127	1.0272	0.578	0.9377	0.5694
948	0.5923	0.4038	1.0251	0.5767	0.9497	0.5659
949	0.6105	0.4244	1.0072	0.5924	0.9361	0.5805
950	0.5965	0.4109	1.0207	0.5745	0.9441	0.5719
951	0.6036	0.4147	1.0343	0.5887	0.9545	0.5734
952	0.5922	0.4086	1.0318	0.5792	0.9356	0.5664
953	0.5908	0.4067	1.0294	0.5764	0.9296	0.5683
954	0.6013	0.4134	1.0407	0.5895	0.9517	0.5766
955	0.585	0.3999	1.0208	0.5752	0.9352	0.5662
956	0.5868	0.4017	1.0285	0.5718	0.9467	0.5694
957	0.5907	0.4051	1.0126	0.5701	0.9366	0.568
958	0.6201	0.4333	1.0547	0.6076	0.9742	0.5936
959	0.5881	0.4026	1.0376	0.5788	0.9468	0.5658
960	0.5927	0.4096	1.0365	0.5811	0.9544	0.571
961	0.5999	0.4134	1.0276	0.5908	0.9452	0.5748
962	0.588	0.4051	1.032	0.5742	0.9485	0.5687
963	0.5912	0.4046	1.0389	0.5784	0.9604	0.573
964	0.609	0.4253	1.032	0.5967	0.9438	0.5822
965	0.6007	0.4192	1.0265	0.5808	0.9439	0.5787
966	0.5871	0.4013	1.0212	0.579	0.9418	0.5664
967	0.5957	0.4094	1.0542	0.5895	0.9637	0.5705
968	0.5934	0.407	1.0306	0.583	0.9538	0.5763
969	0.5934	0.4102	1.0334	0.5831	0.9505	0.5717
970	0.6072	0.4274	1.0199	0.5894	0.9443	0.5873
971	0.613	0.4276	1.0315	0.6036	0.9605	0.5883
972	0.5947	0.4063	1.041	0.585	0.9654	0.5709
973	0.6248	0.4508	1.0289	0.6096	0.9545	0.6059
974	0.5828	0.3967	1.0251	0.5705	0.9502	0.5638
975	0.6004	0.414	1.0384	0.5874	0.959	0.5711
976	0.5945	0.412	1.019	0.5798	0.936	0.572
977	0.5879	0.4062	1.0257	0.5796	0.9455	0.5716
978	0.5989	0.4114	1.0576	0.59	0.9711	0.5714
979	0.5997	0.4158	1.0423	0.5952	0.9482	0.5786
980	0.6099	0.4314	1.0342	0.598	0.9498	0.5923
981	0.5908	0.4091	1.0274	0.5819	0.9416	0.5721
982	0.5984	0.4109	1.0415	0.5871	0.9616	0.5784
983	0.6584	0.4871	1.0544	0.6323	0.9671	0.6254
984	0.6395	0.4564	1.06	0.6246	0.982	0.6039
985	0.5945	0.4145	1.0218	0.5826	0.9441	0.5766
986	0.5818	0.3964	1.024	0.5694	0.9473	0.5672
987	0.5992	0.4163	1.0252	0.5957	0.9509	0.5832
988	0.5904	0.4082	0.9952	0.5718	0.9107	0.5672
989	0.5822	0.3961	1.025	0.5717	0.947	0.5652
990	0.5818	0.3986	1.0094	0.5723	0.9382	0.5696
991	0.5959	0.4164	1.0252	0.5831	0.941	0.5786
992	0.5807	0.3979	1.0162	0.5725	0.9309	0.566
993	0.5787	0.3976	1.0078	0.5672	0.9189	0.5627
994	0.5895	0.4077	1.0288	0.5769	0.9481	0.5737
995	0.5884	0.4032	1.0256	0.5794	0.9474	0.5736
996	0.6028	0.4221	1.0067	0.5875	0.9224	0.582
997	0.6028	0.4227	1.02	0.5893	0.9356	0.5865
998	0.5895	0.4095	1.0147	0.5818	0.9311	0.5777
999	0.5873	0.4042	1.0079	0.5703	0.9222	0.5694
1000	0.5783	0.3964	1.0237	0.571	0.9377	0.5669
1001	0.5737	0.3902	1.0116	0.5652	0.9272	0.5644
1002	0.5744	0.3895	1.0275	0.5729	0.9417	0.5638
1003	0.5693	0.3845	1.0193	0.5673	0.9365	0.5611
1004	0.5694	0.385	1.0177	0.567	0.9347	0.5616
1005	0.5722	0.3877	1.0279	0.5718	0.9433	0.5619
1006	0.5695	0.3857	1.0241	0.5674	0.9386	0.5605
1007	0.5698	0.3866	1.0199	0.5659	0.9343	0.5609
1008	0.5699	0.3862	1.0206	0.569	0.9375	0.5621
1009	0.5681	0.3841	1.0233	0.567	0.9388	0.5602
1010	0.5703	0.3858	1.0302	0.5709	0.9445	0.5607
1011	0.5676	0.3842	1.0239	0.5664	0.9372	0.5593
1012	0.5673	0.3844	1.0139	0.5656	0.9279	0.5582
1013	0.5678	0.3841	1.0168	0.5675	0.9329	0.5598
1014	0.5668	0.3831	1.0201	0.5653	0.936	0.56
1015	0.5708	0.3874	1.0191	0.5706	0.9378	0.564
1016	0.5692	0.3856	1.0255	0.5698	0.9424	0.5634
1017	0.5678	0.3845	1.022	0.5662	0.9367	0.5605
1018	0.5715	0.3877	1.0268	0.5744	0.9406	0.5615
1019	0.566	0.3816	1.023	0.5675	0.9373	0.5584
1020	0.5653	0.3813	1.0211	0.5668	0.9313	0.5568
1021	0.5664	0.3828	1.0232	0.5675	0.9315	0.5576
1022	0.571	0.3881	1.0222	0.5725	0.9341	0.5629
1023	0.5684	0.3847	1.0297	0.571	0.9443	0.5628
1024	0.5682	0.3859	1.017	0.5636	0.9326	0.5621
1025	0.5691	0.3865	1.0219	0.5717	0.9363	0.562
1026	0.5658	0.3825	1.024	0.5676	0.9402	0.5602
1027	0.5681	0.3853	1.0248	0.5708	0.9413	0.5625
1028	0.5676	0.3841	1.0258	0.5702	0.9401	0.5611
1029	0.5657	0.3834	1.0113	0.5623	0.9245	0.5595
1030	0.5728	0.3887	1.0343	0.5764	0.9463	0.5627
1031	0.5668	0.385	1.0155	0.5645	0.927	0.5597
1032	0.5653	0.3826	1.0259	0.5683	0.9384	0.5584
1033	0.5699	0.3863	1.0337	0.5735	0.9476	0.5618
1034	0.5704	0.3864	1.0373	0.5746	0.9473	0.5609
1035	0.5658	0.383	1.0284	0.5678	0.9371	0.5584
1036	0.5694	0.3883	1.0262	0.5681	0.9379	0.562
1037	0.5767	0.3941	1.0402	0.5801	0.9553	0.5656
1038	0.5633	0.3803	1.0204	0.5629	0.9351	0.557
1039	0.5696	0.389	1.0268	0.572	0.9389	0.5643
1040	0.5735	0.3913	1.0351	0.5766	0.9512	0.5658
1041	0.5681	0.3843	1.0347	0.5703	0.9516	0.5622
1042	0.564	0.3807	1.0222	0.5645	0.9397	0.5607
1043	0.5634	0.3797	1.0268	0.5657	0.9417	0.559
1044	0.5672	0.3838	1.0287	0.5708	0.9416	0.5607
1045	0.5632	0.3804	1.0203	0.5654	0.9319	0.5586
1046	0.5655	0.3838	1.02	0.5669	0.9278	0.5597
1047	0.5635	0.3812	1.0144	0.5638	0.9256	0.5583
1048	0.5711	0.3875	1.0299	0.5735	0.9442	0.5632
1049	0.5634	0.381	1.019	0.5649	0.9315	0.557
1050	0.5628	0.3806	1.0125	0.5617	0.9241	0.5563
1051	0.5664	0.3843	1.0259	0.5707	0.9355	0.5597
1052	0.5652	0.3839	1.0173	0.567	0.929	0.5583
1053	0.5684	0.3853	1.0265	0.571	0.9415	0.5609
1054	0.5633	0.3813	1.0209	0.566	0.9317	0.5582
1055	0.5623	0.3799	1.0255	0.5644	0.9351	0.5558
1056	0.563	0.3812	1.0228	0.5658	0.9345	0.557
1057	0.5675	0.3852	1.0297	0.5723	0.9418	0.56
1058	0.5676	0.3867	1.027	0.5692	0.9362	0.5615
1059	0.5614	0.3796	1.0162	0.5649	0.9272	0.5551
1060	0.5671	0.3849	1.0264	0.5719	0.9379	0.5583
1061	0.5621	0.3795	1.0225	0.5651	0.9333	0.5549
1062	0.5624	0.3807	1.0166	0.5629	0.9292	0.5571
1063	0.5632	0.3806	1.0203	0.5667	0.9344	0.5571
1064	0.5614	0.3791	1.0194	0.5633	0.9332	0.5579
1065	0.5641	0.3824	1.0189	0.5679	0.9312	0.5584
1066	0.5626	0.3805	1.0173	0.5666	0.9301	0.5578
1067	0.5627	0.3797	1.0263	0.5674	0.9391	0.558
1068	0.5615	0.3788	1.0262	0.5652	0.9382	0.5569
1069	0.5632	0.3813	1.0257	0.5678	0.9353	0.5571
1070	0.5621	0.3796	1.0264	0.5676	0.9372	0.5572
1071	0.5634	0.3813	1.0315	0.5683	0.9433	0.5603
1072	0.5613	0.3798	1.0156	0.5608	0.9274	0.5577
1073	0.5635	0.3811	1.021	0.567	0.9331	0.5569
1074	0.5664	0.3847	1.0266	0.5701	0.9399	0.561
1075	0.5609	0.379	1.0206	0.5631	0.9339	0.5579
1076	0.5637	0.381	1.0288	0.5693	0.9419	0.5582
1077	0.5605	0.3788	1.0194	0.5627	0.932	0.5578
1078	0.5623	0.3808	1.0208	0.566	0.931	0.5598
1079	0.563	0.3803	1.0269	0.5688	0.9375	0.5594
1080	0.568	0.3868	1.029	0.5737	0.9402	0.563
1081	0.5631	0.3809	1.0311	0.568	0.94	0.5589
1082	0.561	0.3795	1.0178	0.5646	0.9251	0.5571
1083	0.5755	0.3951	1.0272	0.5805	0.9359	0.5664
1084	0.5611	0.3787	1.0237	0.5657	0.9313	0.5571
1085	0.5607	0.3792	1.0209	0.5644	0.9287	0.5566
1086	0.5619	0.3794	1.03	0.5685	0.9408	0.5572
1087	0.5657	0.3844	1.0254	0.5722	0.9382	0.5612
1088	0.5614	0.3796	1.0244	0.5676	0.9356	0.5577
1089	0.5602	0.3783	1.0149	0.5634	0.9288	0.5575
1090	0.5607	0.3785	1.0175	0.5663	0.9314	0.5568
1091	0.5656	0.3836	1.0267	0.5725	0.9374	0.5596
1092	0.5606	0.3794	1.0195	0.5658	0.9304	0.5574
1093	0.5595	0.378	1.0171	0.5636	0.9273	0.556
1094	0.563	0.3812	1.0306	0.5689	0.9392	0.5575
1095	0.561	0.3794	1.0254	0.5662	0.9351	0.558
1096	0.5621	0.38	1.0303	0.5686	0.9399	0.5578
1097	0.5604	0.379	1.0214	0.5664	0.932	0.5578
1098	0.5601	0.3787	1.027	0.5674	0.9376	0.558
1099	0.5607	0.3792	1.0289	0.5671	0.9412	0.5581
1100	0.5688	0.3867	1.036	0.5766	0.9481	0.5622
1101	0.5594	0.3785	1.0124	0.5614	0.9228	0.5567
1102	0.5593	0.3765	1.0231	0.5654	0.9343	0.5571
1103	0.5584	0.3759	1.0228	0.5635	0.9324	0.5557
1104	0.5594	0.3781	1.0211	0.5645	0.9296	0.5565
1105	0.5639	0.382	1.0276	0.5703	0.9394	0.5601
1106	0.5679	0.3859	1.0373	0.5751	0.9497	0.5629
1107	0.5604	0.3801	1.0255	0.5659	0.9355	0.5591
1108	0.5604	0.3786	1.025	0.5672	0.9356	0.5575
1109	0.5632	0.3808	1.0316	0.5702	0.9409	0.5584
1110	0.5605	0.38	1.0217	0.5641	0.9294	0.5592
1111	0.5606	0.3804	1.0257	0.5668	0.9344	0.5594
1112	0.5669	0.3862	1.036	0.5751	0.9468	0.5621
1113	0.5628	0.3813	1.0329	0.5704	0.9428	0.5593
1114	0.5618	0.3822	1.0213	0.5657	0.9304	0.561
1115	0.5597	0.3775	1.0302	0.567	0.9394	0.5574
1116	0.5683	0.3868	1.0405	0.5755	0.9488	0.5625
1117	0.5646	0.3858	1.026	0.5662	0.9332	0.5618
1118	0.5629	0.3839	1.0205	0.5649	0.9281	0.5599
1119	0.5649	0.3828	1.0349	0.5716	0.9444	0.5602
1120	0.5624	0.3809	1.0307	0.5693	0.9387	0.559
1121	0.5605	0.3808	1.0206	0.5656	0.9269	0.5586
1122	0.5595	0.3796	1.0218	0.565	0.9312	0.5592
1123	0.5581	0.3773	1.0255	0.5645	0.9372	0.5583
1124	0.5703	0.3896	1.0351	0.578	0.9477	0.5656
1125	0.5601	0.3787	1.0259	0.5663	0.9363	0.5581
1126	0.5591	0.3785	1.0246	0.5636	0.9341	0.5589
1127	0.5608	0.3787	1.0297	0.5678	0.9404	0.5592
1128	0.5583	0.3768	1.0248	0.5642	0.9363	0.5584
1129	0.5603	0.3782	1.0255	0.5663	0.9404	0.5603
1130	0.559	0.3775	1.0249	0.5647	0.9365	0.5576
1131	0.5576	0.3769	1.0204	0.5636	0.9277	0.5553
1132	0.5606	0.3799	1.0215	0.5668	0.9296	0.5561
1133	0.5626	0.3805	1.0331	0.5693	0.9423	0.5575
1134	0.5574	0.376	1.0269	0.564	0.9341	0.5557
1135	0.5578	0.377	1.018	0.5614	0.9251	0.5554
1136	0.5589	0.3768	1.0257	0.5647	0.9355	0.5565
1137	0.5622	0.3812	1.0239	0.5674	0.9353	0.5586
1138	0.5578	0.3771	1.0216	0.5631	0.9309	0.5566
1139	0.5569	0.3752	1.0208	0.5624	0.9304	0.5555
1140	0.5593	0.378	1.0241	0.5658	0.9313	0.5565
1141	0.5601	0.3786	1.0294	0.5682	0.9378	0.5574
1142	0.5575	0.3765	1.0212	0.5616	0.9339	0.5578
1143	0.5589	0.3778	1.0284	0.5676	0.9384	0.5593
1144	0.5578	0.3773	1.0179	0.5642	0.9286	0.5572
1145	0.5603	0.3789	1.0248	0.569	0.9369	0.5583
1146	0.5566	0.3757	1.0263	0.5652	0.938	0.5571
1147	0.5661	0.3865	1.0333	0.5767	0.9459	0.5646
1148	0.5567	0.3762	1.0218	0.5664	0.9331	0.5576
1149	0.5567	0.3767	1.0212	0.5657	0.9285	0.5575
1150	0.5575	0.3767	1.0299	0.5676	0.9372	0.5587
1151	0.5658	0.3856	1.0326	0.5757	0.9411	0.5631
1152	0.5574	0.3766	1.0271	0.567	0.9353	0.5568
1153	0.5557	0.375	1.0227	0.5643	0.9331	0.5562
1154	0.5573	0.3773	1.0254	0.5659	0.9361	0.5583
1155	0.5573	0.3766	1.0241	0.5658	0.938	0.5591
1156	0.5633	0.3833	1.0235	0.5722	0.9381	0.5634
1157	0.5558	0.3748	1.0206	0.564	0.9325	0.5571
1158	0.5553	0.3748	1.0203	0.5651	0.9302	0.5565
1159	0.5578	0.3776	1.0189	0.5687	0.9313	0.5597
1160	0.5563	0.3754	1.0256	0.5679	0.9393	0.5598
1161	0.5552	0.3757	1.0219	0.5637	0.9325	0.5587
1162	0.5555	0.3751	1.0223	0.5668	0.9315	0.5573
1163	0.5553	0.375	1.0238	0.5659	0.932	0.5573
1164	0.5568	0.3761	1.0321	0.5668	0.9397	0.5581
1165	0.556	0.3758	1.0239	0.5642	0.933	0.5587
1166	0.5569	0.3763	1.0185	0.565	0.9288	0.5577
1167	0.5593	0.3782	1.0272	0.569	0.9367	0.5583
1168	0.5598	0.3795	1.0258	0.5702	0.9358	0.5585
1169	0.5549	0.3753	1.0168	0.5644	0.9272	0.5566
1170	0.5552	0.3758	1.0172	0.5637	0.9286	0.558
1171	0.5608	0.38	1.0348	0.5725	0.9469	0.5611
1172	0.5558	0.3755	1.0289	0.564	0.9414	0.5577
1173	0.5549	0.3749	1.0175	0.5631	0.9317	0.5567
1174	0.5558	0.3765	1.0167	0.5653	0.9265	0.5576
1175	0.5566	0.3764	1.0265	0.567	0.9366	0.5578
1176	0.5576	0.3768	1.0314	0.5683	0.9455	0.559
1177	0.5579	0.3781	1.0284	0.5686	0.941	0.559
1178	0.5552	0.3754	1.0286	0.5658	0.9394	0.5574
1179	0.5543	0.3749	1.026	0.5628	0.9359	0.5569
1180	0.5545	0.3734	1.0269	0.5651	0.9372	0.557
1181	0.5624	0.3825	1.0314	0.5741	0.9411	0.5632
1182	0.5566	0.3764	1.0306	0.5695	0.9391	0.5587
1183	0.557	0.3788	1.0264	0.564	0.9358	0.5607
1184	0.555	0.3743	1.0302	0.5661	0.94	0.5588
1185	0.5568	0.3772	1.0269	0.5682	0.9334	0.5584
1186	0.5549	0.3743	1.031	0.5674	0.9389	0.5568
1187	0.5587	0.3782	1.0343	0.571	0.9431	0.5594
1188	0.5542	0.3745	1.0279	0.5659	0.9364	0.5569
1189	0.5561	0.3779	1.0235	0.5667	0.9335	0.56
1190	0.5545	0.375	1.0222	0.5656	0.9325	0.5583
1191	0.5579	0.3774	1.0308	0.5713	0.9399	0.5588
1192	0.5549	0.3753	1.0218	0.5656	0.9322	0.5565
1193	0.5546	0.3745	1.0265	0.5655	0.9384	0.5559
1194	0.5579	0.3772	1.0306	0.5695	0.9422	0.5582
1195	0.5537	0.374	1.0185	0.5629	0.9309	0.5568
1196	0.5557	0.3753	1.0273	0.5686	0.9406	0.5575
1197	0.5542	0.3748	1.0225	0.5649	0.9367	0.5572
1198	0.5541	0.374	1.0289	0.5658	0.9429	0.558
1199	0.5551	0.3751	1.0262	0.5652	0.9387	0.5576
1200	0.554	0.3747	1.0222	0.5648	0.9311	0.5568
1201	0.5535	0.3745	1.0245	0.5659	0.9318	0.5566
1202	0.5535	0.3737	1.029	0.5654	0.9377	0.5578
1203	0.5551	0.3743	1.0311	0.5686	0.9433	0.5582
1204	0.5539	0.3753	1.0186	0.564	0.9306	0.5575
1205	0.5618	0.3816	1.0396	0.5769	0.9542	0.5611
1206	0.5527	0.3741	1.0188	0.5633	0.9345	0.5565
1207	0.5534	0.3746	1.0217	0.5667	0.9363	0.5583
1208	0.553	0.3732	1.0231	0.5657	0.9356	0.5571
1209	0.5535	0.3732	1.0242	0.5667	0.9365	0.5577
1210	0.5531	0.3744	1.0201	0.5644	0.9328	0.5587
1211	0.5532	0.3739	1.0248	0.5659	0.9379	0.5588
1212	0.5535	0.3734	1.0259	0.5669	0.9407	0.558
1213	0.5536	0.3736	1.0193	0.5655	0.9343	0.5571
1214	0.5582	0.3779	1.0307	0.5719	0.9426	0.5582
1215	0.553	0.3729	1.0207	0.5646	0.936	0.5544
1216	0.5522	0.3724	1.0169	0.5634	0.9315	0.5547
1217	0.5533	0.3737	1.019	0.5663	0.9305	0.5558
1218	0.5523	0.3726	1.0172	0.5642	0.9274	0.5547
1219	0.552	0.3721	1.0227	0.5643	0.9316	0.5543
1220	0.5519	0.3722	1.0151	0.5627	0.9263	0.5545
1221	0.558	0.3781	1.0218	0.5691	0.9358	0.5591
1222	0.5556	0.3755	1.0177	0.5662	0.9319	0.5575
1223	0.5534	0.3736	1.0227	0.5649	0.934	0.5555
1224	0.5559	0.3777	1.0197	0.5631	0.9309	0.5569
1225	0.5529	0.3736	1.0173	0.5616	0.9285	0.5543
1226	0.5547	0.3744	1.0242	0.5672	0.9379	0.5572
1227	0.5572	0.3768	1.0266	0.5696	0.9376	0.5595
1228	0.5526	0.3727	1.0265	0.5645	0.9344	0.5555
1229	0.5521	0.3728	1.0175	0.5618	0.9263	0.5549
1230	0.5528	0.3726	1.0212	0.5647	0.9305	0.5544
1231	0.5523	0.3721	1.0163	0.5634	0.9257	0.5539
1232	0.5537	0.3732	1.0239	0.5667	0.934	0.5545
1233	0.5523	0.3731	1.0233	0.5623	0.9334	0.5544
1234	0.5511	0.3713	1.0223	0.5629	0.9304	0.5525
1235	0.5594	0.3796	1.0263	0.5717	0.9357	0.5582
1236	0.5531	0.3729	1.0278	0.5663	0.9373	0.5548
1237	0.5513	0.3721	1.0196	0.5625	0.9306	0.554
1238	0.5521	0.3722	1.0261	0.5655	0.9388	0.5549
1239	0.5545	0.3746	1.0222	0.5681	0.9372	0.557
1240	0.5568	0.3766	1.0281	0.5709	0.9424	0.5579
1241	0.5516	0.3723	1.024	0.5626	0.9366	0.5545
1242	0.5521	0.3735	1.0253	0.5639	0.937	0.5555
1243	0.553	0.3737	1.0257	0.5647	0.9353	0.5558
1244	0.5621	0.3828	1.0325	0.5738	0.9436	0.5622
1245	0.5519	0.3731	1.0261	0.5635	0.9341	0.5558
1246	0.5514	0.3736	1.0185	0.5618	0.928	0.5558
1247	0.5521	0.3729	1.0251	0.5664	0.9339	0.5555
1248	0.5647	0.3864	1.0352	0.5788	0.9484	0.5661
1249	0.5526	0.3728	1.0283	0.5661	0.9419	0.5568
1250	0.5523	0.3746	1.0117	0.5605	0.9248	0.556
1251	0.5517	0.3719	1.0235	0.5653	0.9361	0.5547
1252	0.5558	0.3786	1.0189	0.5638	0.9273	0.5577
1253	0.5503	0.3713	1.0187	0.5615	0.929	0.5539
1254	0.553	0.3728	1.0266	0.5661	0.9394	0.5573
1255	0.5595	0.3796	1.0335	0.5722	0.9449	0.5604
1256	0.5491	0.3697	1.0239	0.5605	0.932	0.5531
1257	0.5497	0.3714	1.0225	0.5612	0.9291	0.5529
1258	0.5501	0.3718	1.0219	0.5618	0.9307	0.5548
1259	0.5521	0.373	1.0258	0.5654	0.9381	0.5573
1260	0.5522	0.3725	1.0258	0.5647	0.9384	0.5573
1261	0.5515	0.3733	1.0266	0.5644	0.934	0.5562
1262	0.5493	0.3702	1.0237	0.561	0.9313	0.5533
1263	0.5647	0.3856	1.0407	0.5771	0.95	0.5622
1264	0.55	0.3717	1.0203	0.5621	0.9296	0.5532
1265	0.5492	0.371	1.0172	0.5604	0.9261	0.5537
1266	0.5515	0.3738	1.0219	0.5618	0.9317	0.5559
1267	0.5561	0.3783	1.018	0.5679	0.9328	0.5591
1268	0.557	0.3768	1.0305	0.5702	0.9436	0.5582
1269	0.5508	0.3727	1.0122	0.5586	0.9235	0.5552
1270	0.5507	0.3718	1.0237	0.5636	0.9352	0.5552
1271	0.554	0.3747	1.0281	0.5665	0.9422	0.5573
1272	0.5573	0.3785	1.0263	0.5699	0.9425	0.5608
1273	0.5502	0.3721	1.0133	0.5616	0.9289	0.5563
1274	0.5505	0.3711	1.0207	0.5626	0.9379	0.5565
1275	0.5509	0.3717	1.0283	0.5643	0.9423	0.5556
1276	0.5553	0.3772	1.0233	0.5683	0.9358	0.5581
1277	0.5498	0.371	1.0266	0.5634	0.9399	0.5559
1278	0.5503	0.3711	1.0263	0.5638	0.9389	0.5576
1279	0.5541	0.3749	1.0295	0.5696	0.9385	0.5583
1280	0.5505	0.3731	1.0136	0.5606	0.9235	0.5558
1281	0.5518	0.3723	1.031	0.5676	0.9431	0.557
1282	0.5545	0.3762	1.0198	0.5685	0.9337	0.5578
1283	0.56	0.3808	1.0264	0.5736	0.9397	0.5606
1284	0.5491	0.3703	1.0237	0.5617	0.9362	0.554
1285	0.5532	0.3761	1.0284	0.5646	0.9386	0.5574
1286	0.5487	0.3704	1.02	0.5619	0.9306	0.5534
1287	0.5515	0.3724	1.0301	0.5664	0.9416	0.5557
1288	0.5491	0.3713	1.0217	0.562	0.9321	0.5557
1289	0.5489	0.371	1.0178	0.5624	0.9284	0.5547
1290	0.5505	0.3726	1.0205	0.5621	0.9332	0.5569
1291	0.5503	0.3709	1.0216	0.5627	0.9359	0.5544
1292	0.5554	0.3766	1.0272	0.5678	0.9412	0.5574
1293	0.5548	0.3754	1.0327	0.5688	0.9445	0.5565
1294	0.5488	0.3709	1.0164	0.5586	0.9291	0.5551
1295	0.5486	0.3694	1.023	0.5627	0.9343	0.554
1296	0.5478	0.3693	1.0196	0.5607	0.9312	0.5545
1297	0.5471	0.3689	1.0134	0.5591	0.9236	0.5534
1298	0.5538	0.3746	1.0291	0.5686	0.9399	0.559
1299	0.5493	0.3705	1.0293	0.5628	0.9382	0.555
1300	0.5497	0.3723	1.0216	0.5629	0.9284	0.5558
1301	0.5577	0.38	1.0211	0.571	0.9318	0.5609
1302	0.548	0.3693	1.0172	0.5609	0.9298	0.5549
1303	0.5531	0.377	1.0231	0.5641	0.9332	0.5589
1304	0.5487	0.3702	1.0248	0.5624	0.9337	0.5539
1305	0.5587	0.3797	1.0336	0.5738	0.9457	0.5622
1306	0.5496	0.3703	1.0269	0.5657	0.9385	0.556
1307	0.5496	0.3722	1.0231	0.562	0.9327	0.5574
1308	0.5496	0.3711	1.0294	0.5643	0.9372	0.5554
1309	0.5513	0.3723	1.0261	0.5666	0.9351	0.5564
1310	0.5522	0.373	1.0279	0.5671	0.9394	0.5573
1311	0.5501	0.3712	1.0272	0.5647	0.9401	0.5562
1312	0.5495	0.3715	1.0209	0.5628	0.9319	0.5553
1313	0.5478	0.3691	1.0182	0.562	0.9301	0.5536
1314	0.5484	0.3693	1.021	0.5638	0.9327	0.5543
1315	0.5482	0.3702	1.0218	0.5629	0.9327	0.5551
1316	0.548	0.3708	1.0166	0.5618	0.9292	0.556
1317	0.5475	0.3702	1.0127	0.5616	0.9254	0.5558
1318	0.5577	0.3792	1.028	0.5729	0.9421	0.5607
1319	0.5487	0.3704	1.0208	0.5636	0.9341	0.5556
1320	0.5489	0.3714	1.0257	0.5624	0.9362	0.5557
1321	0.5479	0.3694	1.0247	0.5626	0.9358	0.5546
1322	0.5473	0.3686	1.029	0.5627	0.94	0.5553
1323	0.5469	0.3693	1.0251	0.5618	0.9349	0.5554
1324	0.5481	0.3705	1.0327	0.5644	0.9398	0.5553
1325	0.5465	0.3684	1.0287	0.5611	0.9371	0.5545
1326	0.5459	0.3677	1.0239	0.5625	0.9311	0.5538
1327	0.548	0.3702	1.0221	0.5644	0.9279	0.5529
1328	0.5464	0.3687	1.0208	0.561	0.9283	0.5525
1329	0.554	0.3751	1.0295	0.5684	0.938	0.5577
1330	0.5507	0.3723	1.0266	0.5657	0.933	0.5549
1331	0.5466	0.369	1.0215	0.56	0.9294	0.5546
1332	0.5466	0.3676	1.0264	0.5632	0.9349	0.5545
1333	0.5466	0.3692	1.0195	0.5617	0.9253	0.5551
1334	0.5511	0.3728	1.0318	0.5683	0.9389	0.557
1335	0.5501	0.3717	1.0289	0.5661	0.9398	0.5565
1336	0.548	0.3702	1.0281	0.5642	0.9382	0.5568
1337	0.5484	0.3722	1.023	0.5633	0.93	0.558
1338	0.5463	0.3685	1.0193	0.5617	0.9262	0.555
1339	0.5531	0.374	1.0351	0.5688	0.9413	0.5568
1340	0.5475	0.3695	1.025	0.5614	0.9308	0.5549
1341	0.5469	0.3692	1.0268	0.5627	0.9322	0.5536
1342	0.5572	0.3806	1.0283	0.5717	0.9354	0.5594
1343	0.5498	0.3718	1.0303	0.5653	0.9356	0.5538
1344	0.5469	0.3698	1.0225	0.5597	0.9275	0.5533
1345	0.5462	0.3681	1.0277	0.5597	0.9354	0.5535
1346	0.5469	0.37	1.0238	0.5582	0.9317	0.5544
1347	0.5477	0.3704	1.022	0.5612	0.9293	0.5538
1348	0.5491	0.3736	1.0249	0.5635	0.9321	0.5564
1349	0.5484	0.3707	1.0248	0.5637	0.9331	0.5551
1350	0.5542	0.376	1.0339	0.5701	0.943	0.5582
1351	0.5456	0.3674	1.0209	0.5599	0.9316	0.5536
1352	0.5464	0.3696	1.0246	0.5615	0.9329	0.5542
1353	0.5455	0.3672	1.027	0.5605	0.9339	0.5523
1354	0.5488	0.3698	1.0337	0.5655	0.9411	0.5547
1355	0.5462	0.3681	1.023	0.5611	0.9327	0.5552
1356	0.5479	0.372	1.0227	0.5615	0.9319	0.5566
1357	0.5453	0.3671	1.0218	0.5618	0.9297	0.5526
1358	0.5444	0.3664	1.0227	0.5607	0.9294	0.5518
1359	0.5559	0.3787	1.0338	0.5735	0.94	0.559
1360	0.5451	0.3673	1.0252	0.5613	0.9329	0.5533
1361	0.5484	0.3731	1.0242	0.5628	0.933	0.5586
1362	0.5452	0.3678	1.0207	0.5609	0.9297	0.5545
1363	0.5457	0.3681	1.0301	0.564	0.9378	0.5547
1364	0.5443	0.3672	1.0222	0.5608	0.93	0.5533
1365	0.5489	0.3715	1.0287	0.5669	0.9346	0.5542
1366	0.5498	0.3734	1.0238	0.5669	0.929	0.5547
1367	0.5458	0.3684	1.029	0.5636	0.9338	0.5521
1368	0.5448	0.3671	1.0249	0.562	0.9305	0.5523
1369	0.5455	0.3685	1.0243	0.5622	0.9293	0.5543
1370	0.5448	0.3667	1.0238	0.561	0.9311	0.5525
1371	0.5447	0.3669	1.0244	0.5605	0.9292	0.5521
1372	0.5504	0.3717	1.0314	0.5674	0.9351	0.5542
1373	0.5479	0.3701	1.0213	0.5617	0.9274	0.5549
1374	0.5491	0.3706	1.0364	0.5666	0.9418	0.554
1375	0.5444	0.3672	1.0191	0.5584	0.9251	0.5523
1376	0.5445	0.3668	1.0236	0.5616	0.9324	0.5534
1377	0.5442	0.3669	1.0244	0.5609	0.9328	0.5534
1378	0.5461	0.3699	1.025	0.5627	0.9321	0.5539
1379	0.5451	0.3678	1.0196	0.5612	0.9276	0.5516
1380	0.5486	0.3701	1.0251	0.5651	0.9341	0.5543
1381	0.5461	0.3686	1.0185	0.562	0.9274	0.554
1382	0.544	0.3671	1.0142	0.5573	0.925	0.5541
1383	0.5449	0.3683	1.0192	0.5594	0.9288	0.5549
1384	0.5529	0.3748	1.0361	0.5686	0.944	0.5575
1385	0.5482	0.3706	1.021	0.5625	0.9296	0.5565
1386	0.5478	0.3725	1.0222	0.5639	0.9299	0.5588
1387	0.5453	0.3693	1.013	0.5571	0.9212	0.5553
1388	0.5451	0.3674	1.0229	0.562	0.9304	0.5525
1389	0.5477	0.3707	1.0175	0.5638	0.9285	0.5539
1390	0.5453	0.3675	1.023	0.5638	0.9339	0.5528
1391	0.5451	0.3689	1.0146	0.5606	0.9249	0.5535
1392	0.5473	0.3693	1.0192	0.5635	0.9292	0.5536
1393	0.5446	0.3665	1.0191	0.5603	0.9291	0.5512
1394	0.5478	0.3695	1.0309	0.5645	0.9402	0.5536
1395	0.5485	0.3706	1.0286	0.5654	0.9387	0.5557
1396	0.5441	0.3676	1.0205	0.559	0.9323	0.555
1397	0.5462	0.3706	1.0196	0.5588	0.9306	0.5564
1398	0.5447	0.368	1.0233	0.5617	0.9315	0.5531
1399	0.554	0.3771	1.0311	0.571	0.9421	0.5607
1400	0.5475	0.3698	1.0276	0.5651	0.9394	0.5569
1401	0.5439	0.3671	1.0206	0.5601	0.932	0.5545
1402	0.5445	0.3675	1.0251	0.5632	0.9338	0.5534
1403	0.5438	0.3678	1.0156	0.5589	0.9269	0.5535
1404	0.5624	0.3855	1.0333	0.5775	0.9465	0.5648
1405	0.5475	0.3697	1.0305	0.5657	0.9406	0.5545
1406	0.5456	0.3692	1.0276	0.5603	0.9377	0.5552
1407	0.545	0.3675	1.0312	0.5629	0.939	0.5546
1408	0.5448	0.3676	1.0295	0.5633	0.938	0.5561
1409	0.5447	0.3671	1.0275	0.5617	0.9366	0.5553
1410	0.5438	0.3667	1.0259	0.5632	0.9324	0.5533
1411	0.5457	0.3687	1.0231	0.5635	0.9289	0.5545
1412	0.5431	0.3672	1.0214	0.559	0.9281	0.5526
1413	0.5437	0.3663	1.027	0.5615	0.9346	0.5535
1414	0.5432	0.3668	1.0144	0.559	0.9207	0.5525
1415	0.5436	0.367	1.022	0.5616	0.928	0.5534
1416	0.5458	0.3682	1.0286	0.5629	0.9351	0.5544
1417	0.5468	0.3693	1.0223	0.5619	0.9333	0.5568
1418	0.5434	0.3668	1.0194	0.5592	0.9277	0.5544
1419	0.5441	0.3666	1.0194	0.561	0.9287	0.5534
1420	0.5466	0.3688	1.0324	0.5655	0.9389	0.5536
1421	0.5475	0.3704	1.0303	0.5662	0.9359	0.5548
1422	0.5432	0.3664	1.0206	0.5618	0.9262	0.5537
1423	0.5429	0.366	1.0199	0.561	0.9277	0.5543
1424	0.5452	0.3704	1.0207	0.5605	0.9284	0.557
1425	0.545	0.3683	1.0275	0.564	0.933	0.5542
1426	0.5503	0.3742	1.0316	0.5698	0.9367	0.5582
1427	0.5453	0.3678	1.0336	0.5653	0.9386	0.5535
1428	0.5426	0.3651	1.0315	0.5616	0.9362	0.5513
1429	0.5419	0.3647	1.0299	0.5602	0.9366	0.5519
1430	0.5464	0.3696	1.0254	0.5646	0.9342	0.5543
1431	0.5498	0.3732	1.0313	0.5697	0.9359	0.5548
1432	0.5423	0.3662	1.0175	0.5595	0.9251	0.5524
1433	0.5433	0.3659	1.0252	0.5622	0.9322	0.5518
1434	0.5435	0.3668	1.0178	0.5613	0.9231	0.5508
1435	0.5451	0.3682	1.0237	0.564	0.9267	0.551
1436	0.5445	0.367	1.0292	0.563	0.9365	0.5528
1437	0.543	0.3663	1.0245	0.5626	0.9346	0.5529
1438	0.5419	0.3658	1.0194	0.5598	0.9302	0.5526
1439	0.5465	0.3692	1.0299	0.567	0.9377	0.5543
1440	0.5455	0.3681	1.0303	0.5638	0.9399	0.5553
1441	0.5429	0.3662	1.03	0.5621	0.9379	0.5548
1442	0.5434	0.3688	1.0179	0.559	0.9249	0.5549
1443	0.5436	0.3677	1.0246	0.5641	0.9306	0.5545
1444	0.5409	0.3639	1.0203	0.5595	0.9272	0.5517
1445	0.5496	0.3723	1.0301	0.5679	0.9402	0.5583
1446	0.5448	0.3674	1.0307	0.5647	0.9382	0.555
1447	0.5415	0.3657	1.0184	0.5567	0.9276	0.555
1448	0.5414	0.3644	1.0224	0.5606	0.9306	0.5547
1449	0.5455	0.3686	1.0256	0.5649	0.9337	0.557
1450	0.542	0.3654	1.0261	0.5622	0.9329	0.5547
1451	0.5423	0.3659	1.0284	0.5628	0.9359	0.5542
1452	0.5414	0.3655	1.0216	0.5617	0.9312	0.5548
1453	0.542	0.3667	1.021	0.563	0.9322	0.5564
1454	0.5417	0.3658	1.0285	0.5616	0.9391	0.5558
1455	0.5415	0.3656	1.0267	0.5617	0.9371	0.5547
1456	0.5422	0.3662	1.0232	0.5629	0.9312	0.5541
1457	0.5476	0.3709	1.0276	0.568	0.9338	0.5561
1458	0.5439	0.3673	1.0188	0.5622	0.9272	0.5551
1459	0.5475	0.373	1.0339	0.5689	0.9421	0.5599
1460	0.5412	0.3654	1.0194	0.5578	0.9281	0.5542
1461	0.5433	0.3673	1.0245	0.5643	0.9342	0.555
1462	0.5448	0.3689	1.0248	0.5651	0.9345	0.5555
1463	0.5412	0.364	1.0261	0.5621	0.9363	0.5538
1464	0.5402	0.3629	1.0286	0.5609	0.9371	0.5524
1465	0.541	0.3642	1.0265	0.5617	0.9331	0.5527
1466	0.5415	0.365	1.0243	0.5629	0.9294	0.5532
1467	0.5402	0.3633	1.0246	0.5607	0.9313	0.552
1468	0.5431	0.3688	1.0214	0.5613	0.9281	0.555
1469	0.5408	0.3636	1.0267	0.5618	0.933	0.5521
1470	0.5447	0.3666	1.0344	0.5652	0.9441	0.5552
1471	0.5413	0.3644	1.0194	0.5614	0.9289	0.553
1472	0.5434	0.3688	1.0207	0.5632	0.9281	0.555
1473	0.5408	0.3648	1.0211	0.5598	0.9288	0.5515
1474	0.5438	0.3667	1.0282	0.5639	0.9375	0.5528
1475	0.5413	0.3648	1.0226	0.5608	0.9312	0.5515
1476	0.5402	0.3643	1.0221	0.5596	0.9285	0.5499
1477	0.5434	0.3668	1.0238	0.5626	0.9318	0.5521
1478	0.5395	0.3625	1.0184	0.5587	0.9282	0.551
1479	0.5394	0.3632	1.0142	0.5578	0.9226	0.5509
1480	0.5459	0.3679	1.0314	0.5657	0.9406	0.5555
1481	0.5398	0.3629	1.0188	0.5575	0.9297	0.5533
1482	0.5405	0.3635	1.0274	0.5613	0.9369	0.5535
1483	0.5397	0.3637	1.0191	0.5583	0.9293	0.5525
1484	0.5401	0.3628	1.0241	0.5604	0.9362	0.5529
1485	0.5439	0.3669	1.0283	0.5647	0.9388	0.5552
1486	0.5429	0.3668	1.0235	0.5645	0.9336	0.5554
1487	0.5386	0.3631	1.0197	0.5588	0.929	0.5524
1488	0.54	0.3637	1.0267	0.5617	0.9347	0.5523
1489	0.5382	0.3625	1.0187	0.5583	0.925	0.5509
1490	0.54	0.3638	1.0261	0.562	0.9323	0.5517
1491	0.5384	0.3619	1.0207	0.5582	0.9296	0.5512
1492	0.5509	0.3748	1.0332	0.5713	0.9411	0.559
1493	0.5404	0.3639	1.0244	0.5615	0.9303	0.5514
1494	0.5391	0.3632	1.0199	0.559	0.9279	0.5524
1495	0.5407	0.3661	1.0238	0.5605	0.9301	0.5546
1496	0.5388	0.3633	1.0228	0.5601	0.9295	0.5527
1497	0.5386	0.3631	1.0213	0.56	0.9263	0.5515
1498	0.5395	0.3645	1.0248	0.5605	0.9288	0.5525
1499	0.5384	0.3625	1.0228	0.5585	0.9293	0.5516
