epoch:	train_RMSD:	train_MAE:	val_RMSD:	val_MAE:	test_RMSD:	test_MAE:
0	5.7482	5.0744	5.9024	5.2629	5.8653	5.2021
1	3.9941	3.1763	4.0643	3.252	3.9686	3.1895
2	3.9394	3.1362	3.9562	3.149	3.8765	3.1235
3	3.5999	2.8795	3.6902	2.9741	3.625	2.9237
4	3.2271	2.5816	3.2528	2.6041	3.1879	2.5877
5	3.0444	2.5002	3.0973	2.5352	3.0197	2.5338
6	3.012	2.3941	3.0197	2.3798	2.9267	2.3661
7	2.9122	2.3869	2.9567	2.4126	2.8637	2.4001
8	2.735	2.155	2.7477	2.1555	2.6532	2.1466
9	2.5458	1.9666	2.5519	1.9664	2.4742	1.9573
10	2.4529	1.8556	2.4477	1.835	2.3866	1.8267
11	2.4121	1.7991	2.3972	1.7776	2.3509	1.7701
12	2.376	1.8003	2.3667	1.782	2.3261	1.7752
13	2.3712	1.8201	2.3678	1.8045	2.3285	1.798
14	2.3653	1.8197	2.3634	1.8036	2.3229	1.7977
15	2.3475	1.756	2.3317	1.7327	2.2884	1.7281
16	2.3379	1.7473	2.3251	1.7251	2.28	1.7207
17	2.3265	1.7606	2.3231	1.7416	2.2761	1.7376
18	2.3126	1.738	2.3063	1.7192	2.2582	1.7152
19	2.3008	1.7125	2.2898	1.6929	2.2399	1.6885
20	2.2831	1.7322	2.2865	1.7199	2.2316	1.7141
21	2.263	1.7163	2.2736	1.7103	2.2131	1.7017
22	2.2325	1.6573	2.2388	1.6436	2.1719	1.6398
23	2.2009	1.6251	2.2146	1.614	2.1394	1.6086
24	2.1613	1.5909	2.1849	1.5866	2.1008	1.578
25	2.1145	1.5541	2.1428	1.5504	2.0554	1.5419
26	2.0558	1.5354	2.095	1.549	2.0041	1.5317
27	2.0018	1.4764	2.0165	1.4655	1.9402	1.4577
28	2.0412	1.5675	2.0588	1.582	1.9955	1.5537
29	1.9665	1.5118	1.9686	1.5109	1.923	1.4949
30	1.8869	1.4091	1.8615	1.3792	1.829	1.377
31	1.8472	1.3778	1.8209	1.3429	1.7912	1.3475
32	1.8696	1.4358	1.8608	1.4299	1.8347	1.4136
33	1.7939	1.3341	1.7633	1.2936	1.7422	1.2987
34	1.7704	1.3066	1.7372	1.2605	1.7186	1.2708
35	1.7539	1.3204	1.7438	1.2992	1.717	1.296
36	1.7414	1.3172	1.7447	1.3129	1.7124	1.2991
37	1.6929	1.254	1.6679	1.2108	1.6515	1.2306
38	1.6568	1.2357	1.649	1.2056	1.6284	1.2207
39	1.6343	1.2179	1.6397	1.2031	1.6137	1.2111
40	1.6184	1.1993	1.6083	1.1614	1.5903	1.1844
41	1.583	1.1815	1.5992	1.1749	1.5756	1.1826
42	1.575	1.1771	1.6026	1.1796	1.5734	1.1823
43	1.5595	1.1584	1.5654	1.1334	1.5511	1.1576
44	1.5226	1.1326	1.5499	1.1274	1.5265	1.1407
45	1.5143	1.1178	1.545	1.1092	1.5105	1.1216
46	1.5036	1.1233	1.5415	1.1347	1.5136	1.1367
47	1.6105	1.2325	1.6499	1.2572	1.6234	1.237
48	1.5187	1.1415	1.5578	1.1596	1.5301	1.154
49	1.4937	1.112	1.5404	1.128	1.5009	1.1239
50	1.5697	1.189	1.6262	1.22	1.5871	1.2028
51	1.5113	1.1355	1.5591	1.1636	1.5323	1.1558
52	1.5126	1.1372	1.5621	1.1653	1.5283	1.1511
53	1.4785	1.1015	1.5326	1.1292	1.4969	1.1226
54	1.4445	1.0592	1.4938	1.0676	1.4473	1.0697
55	1.4317	1.0536	1.491	1.0773	1.4423	1.072
56	1.4205	1.0398	1.4789	1.0574	1.4262	1.0539
57	1.4392	1.0533	1.49	1.0601	1.4359	1.0596
58	1.4089	1.0342	1.4711	1.0591	1.4224	1.0521
59	1.398	1.0198	1.4594	1.0374	1.407	1.035
60	1.4511	1.0632	1.4953	1.0682	1.4386	1.0613
61	1.4256	1.0462	1.4782	1.053	1.4238	1.0534
62	1.394	1.0208	1.4526	1.0435	1.4093	1.0375
63	1.3957	1.0185	1.4534	1.0357	1.3997	1.0297
64	1.4855	1.0971	1.5201	1.0924	1.4678	1.0935
65	1.5229	1.1325	1.5515	1.1191	1.5054	1.131
66	1.4771	1.09	1.5149	1.0857	1.4668	1.0921
67	1.4282	1.0483	1.4763	1.0504	1.4285	1.0565
68	1.3816	1.0028	1.4424	1.0177	1.3926	1.0154
69	1.3747	1.002	1.4389	1.032	1.3971	1.0253
70	1.3628	0.9932	1.4338	1.0207	1.383	1.0124
71	1.3576	0.9851	1.422	1.0019	1.3756	1.0021
72	1.3523	0.981	1.4176	0.9997	1.3718	0.9995
73	1.3423	0.9734	1.4124	1.0023	1.3645	0.9952
74	1.3389	0.9687	1.4039	0.9916	1.3556	0.987
75	1.3651	0.999	1.4272	1.0124	1.3785	1.0102
76	1.3323	0.97	1.4046	1.001	1.3663	0.9949
77	1.3365	0.9662	1.3987	0.9828	1.3499	0.9798
78	1.3221	0.958	1.3886	0.9831	1.3424	0.9766
79	1.3577	1.0045	1.4321	1.0392	1.4035	1.0319
80	1.3172	0.9599	1.3865	0.9847	1.3384	0.9783
81	1.3246	0.9603	1.3868	0.9763	1.3414	0.9759
82	1.3436	0.992	1.4162	1.0274	1.3884	1.0223
83	1.332	0.9813	1.4047	1.0111	1.3645	0.9964
84	1.3018	0.9446	1.3717	0.97	1.3275	0.9642
85	1.2943	0.939	1.3719	0.9726	1.3369	0.9692
86	1.2851	0.9304	1.3567	0.9628	1.323	0.96
87	1.2766	0.9207	1.3506	0.9475	1.3078	0.9473
88	1.2778	0.9284	1.3514	0.9554	1.3068	0.9508
89	1.2783	0.9308	1.3615	0.9692	1.3299	0.9657
90	1.2871	0.9438	1.3557	0.9618	1.3122	0.9597
91	1.2577	0.909	1.3401	0.9425	1.2995	0.9384
92	1.2521	0.9033	1.3326	0.9333	1.2935	0.9318
93	1.244	0.9	1.3283	0.9317	1.2865	0.9279
94	1.2523	0.9059	1.332	0.9322	1.2822	0.9251
95	1.246	0.9095	1.3361	0.9487	1.2998	0.9396
96	1.2355	0.8979	1.3237	0.927	1.2736	0.9214
97	1.2175	0.8799	1.3071	0.9137	1.2675	0.9079
98	1.2175	0.8853	1.3121	0.9193	1.2614	0.9111
99	1.2561	0.9271	1.3553	0.9721	1.3203	0.9612
100	1.2179	0.8869	1.3105	0.9278	1.2698	0.9153
101	1.2274	0.8953	1.32	0.9213	1.2647	0.9147
102	1.2559	0.9272	1.3556	0.9715	1.316	0.9594
103	1.2087	0.874	1.2974	0.9004	1.2484	0.8947
104	1.2086	0.8805	1.3156	0.9192	1.2704	0.9103
105	1.1895	0.8627	1.2881	0.8947	1.2381	0.8896
106	1.188	0.8607	1.2915	0.9015	1.2528	0.8941
107	1.3288	1.0074	1.4215	1.0489	1.3966	1.0443
108	1.2122	0.8872	1.3039	0.9285	1.2633	0.9166
109	1.3185	0.98	1.3921	0.9911	1.3381	0.9887
110	1.3823	1.0478	1.4389	1.0449	1.3953	1.0446
111	1.3144	0.979	1.3888	0.9893	1.3344	0.987
112	1.3361	1.0059	1.3983	1.0096	1.3564	1.0066
113	1.2126	0.8792	1.3153	0.9085	1.2547	0.905
114	1.206	0.8837	1.3083	0.9231	1.285	0.9264
115	1.1653	0.8389	1.2762	0.8761	1.2331	0.8745
116	1.1856	0.8651	1.2813	0.8945	1.2346	0.8915
117	1.1668	0.8496	1.2826	0.8903	1.2466	0.8876
118	1.1493	0.8277	1.2574	0.8644	1.2162	0.8631
119	1.1608	0.8445	1.2664	0.8768	1.2205	0.8764
120	1.135	0.8222	1.2566	0.8641	1.2119	0.8602
121	1.1401	0.8294	1.2604	0.8748	1.2217	0.8721
122	1.1392	0.8245	1.2531	0.8611	1.2079	0.8599
123	1.1361	0.8209	1.2542	0.8676	1.2176	0.8634
124	1.1473	0.8438	1.2596	0.876	1.2145	0.8738
125	1.1466	0.8379	1.2598	0.8689	1.2141	0.8699
126	1.1158	0.8071	1.2443	0.855	1.2038	0.853
127	1.19	0.8813	1.2961	0.9093	1.2481	0.9053
128	1.1183	0.8133	1.2399	0.8556	1.1959	0.8537
129	1.1181	0.8123	1.2503	0.8623	1.2161	0.8618
130	1.1114	0.7965	1.2397	0.8415	1.1875	0.8369
131	1.1057	0.7967	1.2325	0.8443	1.1846	0.8384
132	1.1044	0.8009	1.245	0.8487	1.1971	0.8453
133	1.0981	0.7957	1.2325	0.8455	1.186	0.8417
134	1.0942	0.7907	1.2306	0.8373	1.196	0.8421
135	1.1053	0.7982	1.2408	0.8502	1.1928	0.8443
136	1.1116	0.8111	1.2395	0.8554	1.1937	0.8511
137	1.0912	0.7879	1.2225	0.8353	1.1807	0.8331
138	1.0917	0.7842	1.2394	0.8389	1.1772	0.8255
139	1.0905	0.7906	1.2266	0.8414	1.1934	0.8437
140	1.0895	0.7866	1.2229	0.8291	1.1704	0.8268
141	1.0767	0.7811	1.2231	0.8335	1.1724	0.8264
142	1.0721	0.7706	1.2194	0.8244	1.1676	0.8165
143	1.0711	0.777	1.2144	0.8313	1.1591	0.82
144	1.0816	0.7948	1.2262	0.8441	1.1784	0.8384
145	1.0801	0.7811	1.2261	0.8384	1.1809	0.8311
146	1.0993	0.7917	1.2286	0.8333	1.1765	0.8319
147	1.078	0.7832	1.2218	0.837	1.1825	0.8362
148	1.0586	0.7644	1.2095	0.8178	1.16	0.8131
149	1.0607	0.7608	1.2095	0.8137	1.1571	0.8081
150	1.0593	0.7657	1.2136	0.8168	1.1617	0.8136
151	1.0546	0.7617	1.2018	0.815	1.1485	0.807
152	1.0707	0.782	1.2197	0.83	1.1683	0.8233
153	1.0648	0.7696	1.2163	0.8312	1.1624	0.8202
154	1.0663	0.7639	1.2149	0.8101	1.1594	0.8121
155	1.1052	0.8163	1.246	0.8784	1.2073	0.8724
156	1.0736	0.7835	1.2251	0.8296	1.1713	0.8266
157	1.0444	0.7478	1.2024	0.8029	1.143	0.794
158	1.0604	0.77	1.2142	0.8288	1.1732	0.8254
159	1.0556	0.7661	1.2086	0.8178	1.1508	0.8104
160	1.0574	0.7658	1.2235	0.8283	1.1727	0.8204
161	1.0528	0.7671	1.2059	0.8185	1.1544	0.8134
162	1.0412	0.7469	1.2061	0.8043	1.1497	0.795
163	1.0501	0.7536	1.2025	0.8022	1.1466	0.7994
164	1.0315	0.74	1.1944	0.7995	1.138	0.7882
165	1.051	0.7618	1.2254	0.8245	1.1766	0.819
166	1.0481	0.754	1.1997	0.8055	1.1307	0.7948
167	1.029	0.7393	1.1953	0.7994	1.1457	0.7927
168	1.0263	0.7414	1.2009	0.8064	1.1388	0.792
169	1.0291	0.7495	1.194	0.8073	1.1394	0.7987
170	1.0215	0.7278	1.1916	0.7887	1.1259	0.7753
171	1.0345	0.7507	1.2016	0.8175	1.1498	0.8058
172	1.0658	0.7807	1.2281	0.8262	1.1587	0.8178
173	1.0323	0.7466	1.1911	0.8103	1.137	0.7968
174	1.0173	0.7287	1.1905	0.7914	1.1291	0.776
175	1.0121	0.725	1.1796	0.7852	1.1135	0.7735
176	1.0156	0.7321	1.1921	0.791	1.1271	0.782
177	1.028	0.7448	1.2049	0.811	1.1468	0.7984
178	1.0163	0.7328	1.1917	0.786	1.1324	0.784
179	1.0037	0.716	1.178	0.7805	1.1153	0.7678
180	1.005	0.7217	1.1844	0.7792	1.1262	0.7743
181	1.0087	0.7233	1.1896	0.7943	1.1296	0.7819
182	0.9956	0.7117	1.1804	0.7788	1.1202	0.7664
183	0.9929	0.7086	1.1781	0.7724	1.115	0.7631
184	0.9968	0.711	1.1844	0.7796	1.1165	0.7632
185	1.0464	0.7736	1.217	0.8242	1.1556	0.8215
186	1.0128	0.7313	1.2027	0.7996	1.1391	0.7832
187	0.9887	0.7052	1.1652	0.7676	1.1012	0.757
188	0.982	0.7	1.1689	0.7653	1.1031	0.7531
189	0.9891	0.7041	1.1732	0.7637	1.1052	0.7571
190	0.9986	0.7122	1.1716	0.7766	1.1047	0.7664
191	0.9992	0.7184	1.1797	0.7847	1.1158	0.774
192	0.9802	0.7033	1.1741	0.771	1.1075	0.7603
193	0.975	0.6982	1.1661	0.7678	1.096	0.752
194	0.9788	0.7004	1.1701	0.7713	1.0972	0.7513
195	0.9714	0.6943	1.1713	0.7619	1.1041	0.7488
196	0.977	0.6955	1.1617	0.761	1.0864	0.746
197	1.019	0.7366	1.2054	0.7839	1.1283	0.7848
198	1.0115	0.736	1.1999	0.8037	1.142	0.7986
199	1.0087	0.739	1.2039	0.7951	1.129	0.7899
200	0.9727	0.6981	1.1637	0.7656	1.1006	0.754
201	0.9863	0.7123	1.1677	0.7703	1.0966	0.7629
202	0.9785	0.7039	1.1805	0.7721	1.1134	0.7593
203	1.023	0.7536	1.1997	0.8012	1.1298	0.8014
204	0.9766	0.7028	1.1733	0.7751	1.1036	0.7598
205	0.9566	0.6805	1.1582	0.7454	1.0856	0.7359
206	0.9569	0.6835	1.1563	0.7461	1.0881	0.7386
207	0.9574	0.6827	1.1467	0.7445	1.0854	0.7406
208	0.9516	0.6763	1.1521	0.7358	1.085	0.7294
209	0.9581	0.6849	1.1568	0.754	1.0931	0.7429
210	0.954	0.6821	1.1542	0.7468	1.0867	0.74
211	0.9749	0.7005	1.1883	0.7713	1.1206	0.756
212	0.973	0.7092	1.163	0.768	1.095	0.763
213	0.9469	0.6715	1.1654	0.7387	1.0992	0.7301
214	0.9599	0.6895	1.1468	0.7576	1.0851	0.7451
215	0.9645	0.6901	1.1614	0.7432	1.103	0.7535
216	0.9403	0.6689	1.1375	0.7397	1.0682	0.7295
217	0.9484	0.6784	1.1609	0.7516	1.0917	0.7369
218	0.9433	0.6706	1.1427	0.7334	1.0741	0.7299
219	0.9343	0.665	1.1296	0.7319	1.0683	0.7234
220	0.9463	0.6728	1.1477	0.7346	1.0816	0.7342
221	0.9439	0.6742	1.135	0.7341	1.0783	0.7383
222	0.9282	0.6567	1.1384	0.7243	1.0742	0.716
223	0.9427	0.6746	1.1458	0.7424	1.0943	0.7416
224	0.954	0.6874	1.153	0.7521	1.0745	0.7434
225	0.9486	0.6832	1.159	0.753	1.0995	0.7459
226	1.0241	0.7658	1.2076	0.8141	1.1495	0.8191
227	0.9571	0.6877	1.1664	0.7578	1.1112	0.7494
228	0.9527	0.6799	1.133	0.7318	1.0727	0.739
229	0.931	0.6605	1.1251	0.7255	1.077	0.73
230	0.9292	0.666	1.1336	0.7344	1.0753	0.7289
231	0.9268	0.6595	1.1425	0.7339	1.0816	0.7251
232	0.9248	0.6586	1.1342	0.7326	1.0769	0.7248
233	0.9265	0.6625	1.1297	0.7356	1.0745	0.7277
234	0.9176	0.6508	1.1281	0.7202	1.0716	0.7196
235	0.9207	0.6558	1.1251	0.7278	1.0685	0.719
236	0.915	0.6491	1.1292	0.7189	1.0691	0.7165
237	0.9314	0.6683	1.1485	0.7327	1.0792	0.7328
238	0.9395	0.6801	1.1451	0.7496	1.0943	0.7514
239	1.0009	0.7451	1.1953	0.8018	1.1321	0.8041
240	0.9382	0.6765	1.1365	0.7455	1.0905	0.7457
241	0.9146	0.6516	1.1192	0.7188	1.06	0.7151
242	0.9177	0.6556	1.1178	0.7202	1.0708	0.7207
243	0.9063	0.641	1.1205	0.7135	1.0602	0.7052
244	0.9318	0.6661	1.1318	0.7298	1.0708	0.727
245	0.9286	0.6673	1.1242	0.7308	1.076	0.7347
246	0.9172	0.6497	1.1232	0.7157	1.0582	0.7131
247	0.9052	0.644	1.1121	0.7141	1.0573	0.7128
248	0.9233	0.6675	1.1374	0.7367	1.0787	0.7359
249	0.8984	0.6363	1.1119	0.7063	1.0546	0.7024
250	0.9001	0.6377	1.1173	0.7122	1.0651	0.7084
251	0.9333	0.6684	1.1296	0.7289	1.0742	0.7356
252	0.9864	0.7382	1.1914	0.8127	1.1448	0.8096
253	0.9468	0.6914	1.151	0.7542	1.0845	0.7523
254	0.9241	0.6637	1.1466	0.7365	1.0879	0.7292
255	0.9039	0.6437	1.1127	0.7166	1.0564	0.7116
256	0.9011	0.6424	1.0993	0.7168	1.059	0.7096
257	0.9052	0.648	1.1293	0.7243	1.0754	0.7179
258	0.9229	0.6683	1.1266	0.7358	1.0695	0.7358
259	0.8911	0.6308	1.1198	0.7085	1.0647	0.702
260	0.9015	0.6375	1.0981	0.7051	1.041	0.7029
261	0.8905	0.6294	1.1135	0.6996	1.0611	0.7062
262	0.8876	0.6307	1.094	0.7067	1.0449	0.6982
263	0.8816	0.6225	1.1068	0.6982	1.0476	0.6924
264	0.8845	0.627	1.0967	0.6999	1.0475	0.6993
265	0.897	0.6395	1.1186	0.7177	1.0746	0.7152
266	0.8811	0.6245	1.0972	0.6983	1.0427	0.6933
267	0.8788	0.6226	1.1022	0.6984	1.0446	0.6932
268	0.9085	0.6543	1.1219	0.7239	1.0755	0.7326
269	0.9188	0.6695	1.1184	0.7376	1.0774	0.7405
270	0.8882	0.6302	1.1248	0.7035	1.0663	0.704
271	0.8946	0.6376	1.0839	0.7101	1.0457	0.7118
272	0.8835	0.6265	1.1077	0.6978	1.0521	0.6994
273	0.881	0.6269	1.0883	0.6991	1.0498	0.7014
274	0.9588	0.7067	1.1377	0.7589	1.1018	0.7738
275	0.9559	0.7026	1.1653	0.7711	1.1273	0.769
276	0.8861	0.6324	1.1089	0.7017	1.059	0.7045
277	0.8984	0.6449	1.0901	0.7152	1.0487	0.7144
278	0.8806	0.6279	1.0876	0.7003	1.0525	0.7014
279	0.9185	0.6656	1.1198	0.7299	1.0803	0.7435
280	0.8778	0.6238	1.1046	0.7001	1.0574	0.6929
281	0.8749	0.6225	1.0861	0.6959	1.0484	0.6969
282	0.9077	0.6529	1.1062	0.7172	1.0676	0.7298
283	0.8795	0.6244	1.0928	0.7001	1.044	0.6903
284	0.8748	0.6199	1.0921	0.6969	1.0536	0.702
285	0.8666	0.6155	1.0887	0.6944	1.0439	0.6903
286	0.8729	0.6224	1.097	0.7048	1.0533	0.7045
287	0.894	0.642	1.1242	0.7172	1.0726	0.7207
288	0.8723	0.6229	1.0987	0.7021	1.0583	0.7025
289	0.8783	0.631	1.0804	0.7004	1.042	0.7032
290	0.91	0.6524	1.1199	0.7149	1.0763	0.7257
291	0.8803	0.6342	1.0888	0.7105	1.0449	0.7071
292	0.8622	0.6092	1.0904	0.6883	1.0361	0.6846
293	0.8694	0.6175	1.0793	0.6975	1.0415	0.6957
294	0.8791	0.6253	1.1115	0.6986	1.0682	0.6978
295	0.8662	0.6157	1.0766	0.6925	1.0384	0.6972
296	0.8754	0.6261	1.091	0.6993	1.0591	0.7099
297	0.8622	0.6133	1.0902	0.6965	1.0526	0.6921
298	0.8601	0.6112	1.0891	0.6917	1.0492	0.6942
299	0.861	0.6109	1.0798	0.6914	1.0363	0.6885
300	0.8647	0.6153	1.0775	0.6897	1.0469	0.7
301	0.9024	0.6478	1.1026	0.7135	1.0613	0.7221
302	0.8533	0.6051	1.0847	0.6865	1.043	0.6869
303	0.8612	0.6121	1.0948	0.691	1.043	0.689
304	0.8565	0.6065	1.0876	0.6889	1.0499	0.692
305	0.8475	0.5986	1.0808	0.6845	1.0369	0.6785
306	0.8496	0.6041	1.0866	0.6865	1.0417	0.6876
307	0.8594	0.6127	1.0843	0.692	1.0396	0.6964
308	0.8478	0.5993	1.088	0.6811	1.0445	0.6841
309	0.8492	0.6002	1.0612	0.6828	1.0221	0.6803
310	0.8604	0.6125	1.1102	0.6979	1.067	0.6996
311	0.862	0.6136	1.0929	0.696	1.0598	0.6929
312	0.856	0.6105	1.0816	0.6918	1.0428	0.6942
313	0.8405	0.5931	1.0811	0.6794	1.0335	0.6782
314	0.8645	0.6176	1.0917	0.6942	1.0446	0.7006
315	0.8403	0.5939	1.0718	0.6751	1.0355	0.6777
316	0.8644	0.6181	1.0871	0.6966	1.0479	0.7034
317	0.8776	0.6332	1.1156	0.716	1.0776	0.7155
318	0.8416	0.5954	1.09	0.6782	1.0436	0.68
319	0.8409	0.5944	1.0914	0.6795	1.046	0.6832
320	0.8366	0.5928	1.0718	0.6812	1.0266	0.6758
321	0.8506	0.6071	1.0831	0.6913	1.0475	0.6947
322	0.8583	0.6207	1.0967	0.7064	1.0538	0.6997
323	0.8835	0.6449	1.1085	0.7205	1.0686	0.7256
324	0.8606	0.6148	1.0935	0.6983	1.0567	0.7005
325	0.8825	0.638	1.0916	0.7119	1.0574	0.7151
326	0.8788	0.6404	1.1002	0.7241	1.0672	0.7265
327	0.8468	0.6003	1.08	0.682	1.0415	0.6859
328	0.8366	0.5906	1.0626	0.6769	1.0429	0.6811
329	0.8364	0.5926	1.0763	0.6783	1.0366	0.6796
330	0.8329	0.5916	1.0611	0.6762	1.0229	0.6742
331	0.838	0.5955	1.0992	0.6884	1.0652	0.686
332	0.8407	0.6001	1.0577	0.6843	1.0223	0.6842
333	0.8312	0.5876	1.0872	0.6771	1.0503	0.6708
334	0.8281	0.5855	1.0524	0.6739	1.0121	0.6701
335	0.8359	0.5892	1.119	0.6819	1.0723	0.6812
336	0.8371	0.5974	1.0926	0.689	1.0475	0.6862
337	0.8259	0.5832	1.0909	0.6742	1.0491	0.6738
338	0.8536	0.6139	1.0944	0.6958	1.0592	0.705
339	0.8244	0.5847	1.0667	0.6747	1.0245	0.6713
340	0.8271	0.5829	1.0885	0.6736	1.0479	0.6724
341	0.8501	0.6141	1.0627	0.6984	1.034	0.7001
342	0.834	0.591	1.1048	0.6845	1.0617	0.6793
343	0.8512	0.6156	1.0692	0.6975	1.0307	0.6952
344	0.8366	0.5938	1.1001	0.6874	1.0626	0.6859
345	0.8732	0.6358	1.1106	0.7138	1.0738	0.7186
346	0.8425	0.6017	1.1124	0.6898	1.0703	0.6881
347	0.8288	0.5888	1.065	0.6728	1.033	0.6799
348	0.8353	0.5979	1.0883	0.6849	1.0505	0.6814
349	0.8509	0.6114	1.0759	0.6908	1.0379	0.6885
350	0.9357	0.7013	1.1726	0.7877	1.1439	0.7833
351	0.839	0.5967	1.0454	0.6739	1.0096	0.6722
352	0.8251	0.5863	1.0724	0.6738	1.0438	0.6775
353	0.8226	0.5846	1.0563	0.668	1.024	0.6717
354	0.8266	0.5881	1.0804	0.6774	1.0472	0.6773
355	0.8156	0.5758	1.0585	0.6647	1.029	0.6698
356	0.812	0.5722	1.0666	0.6664	1.0354	0.6636
357	0.8185	0.5831	1.0738	0.675	1.0446	0.678
358	0.8157	0.5754	1.0713	0.6637	1.0304	0.6651
359	0.8161	0.5809	1.0614	0.6719	1.0318	0.675
360	0.8161	0.5766	1.0591	0.6626	1.0214	0.6644
361	0.8113	0.5755	1.0729	0.6689	1.0288	0.6665
362	0.8127	0.5723	1.1049	0.6728	1.0516	0.6662
363	0.8092	0.57	1.0814	0.6662	1.0442	0.6655
364	0.814	0.5778	1.086	0.673	1.0484	0.6723
365	0.8496	0.6182	1.0906	0.7005	1.0579	0.7086
366	0.8441	0.6111	1.0869	0.7045	1.0635	0.706
367	0.8189	0.5824	1.0571	0.6677	1.0302	0.6677
368	0.8276	0.5905	1.071	0.6754	1.0317	0.679
369	0.8401	0.6106	1.0728	0.7069	1.0491	0.7065
370	0.8238	0.5853	1.0798	0.6771	1.0451	0.68
371	0.817	0.5824	1.0883	0.6789	1.0502	0.6814
372	0.821	0.5867	1.0814	0.6805	1.0425	0.6782
373	0.8023	0.5669	1.0645	0.661	1.0286	0.6599
374	0.8031	0.5674	1.0613	0.6648	1.0189	0.663
375	0.8141	0.5809	1.0951	0.679	1.0515	0.6751
376	0.8014	0.5653	1.076	0.6589	1.0212	0.6587
377	0.8014	0.5679	1.0791	0.6628	1.0274	0.6621
378	0.8001	0.5666	1.0597	0.6632	1.024	0.6596
379	0.8001	0.5626	1.0602	0.6608	1.0265	0.6585
380	0.7996	0.5682	1.0489	0.6628	1.0158	0.657
381	0.8153	0.5792	1.0963	0.6714	1.0561	0.6737
382	0.8081	0.5775	1.0578	0.6711	1.0322	0.6742
383	0.803	0.569	1.0832	0.674	1.0429	0.6633
384	0.8007	0.566	1.071	0.6693	1.0332	0.6623
385	0.8059	0.5699	1.0768	0.6738	1.0474	0.6666
386	0.8222	0.5944	1.0747	0.6927	1.0434	0.6842
387	0.805	0.5708	1.103	0.6745	1.0525	0.6652
388	0.7933	0.5589	1.0615	0.6619	1.0232	0.6518
389	0.7943	0.5621	1.0667	0.6614	1.0299	0.6609
390	0.7913	0.558	1.047	0.6536	0.9986	0.6524
391	0.8137	0.5831	1.0808	0.6713	1.0345	0.6697
392	0.8021	0.5657	1.0853	0.6691	1.0389	0.6668
393	0.7857	0.5533	1.054	0.6529	1.0154	0.6508
394	0.8108	0.5795	1.0669	0.675	1.0277	0.6719
395	0.8089	0.5756	1.1095	0.6815	1.0606	0.6748
396	0.7868	0.5548	1.0468	0.6547	1.0105	0.6531
397	0.7825	0.551	1.056	0.6509	1.0156	0.646
398	0.8227	0.5968	1.0732	0.6932	1.0354	0.6878
399	0.8557	0.6214	1.0844	0.6943	1.0478	0.7061
400	0.8003	0.5718	1.0624	0.6696	1.027	0.6636
401	0.7916	0.5638	1.0731	0.6665	1.0326	0.6635
402	0.7959	0.5635	1.0547	0.6566	1.0107	0.6556
403	0.7944	0.5605	1.0949	0.6702	1.0491	0.6639
404	0.7894	0.5599	1.0721	0.6652	1.0329	0.6603
405	0.7875	0.5555	1.0702	0.6609	1.0306	0.6562
406	0.7832	0.5483	1.0387	0.6541	1.0159	0.6505
407	0.7785	0.5477	1.0512	0.6496	1.0102	0.6442
408	0.7872	0.5609	1.0661	0.667	1.0289	0.658
409	0.8127	0.5798	1.0429	0.6656	1.0136	0.671
410	0.7993	0.5737	1.0744	0.6732	1.0363	0.6705
411	0.8017	0.5765	1.053	0.6762	1.0135	0.6728
412	0.7996	0.5712	1.075	0.6712	1.0365	0.673
413	0.7801	0.5489	1.0781	0.6572	1.0286	0.65
414	0.7874	0.5573	1.0839	0.6687	1.0326	0.6602
415	0.7752	0.5465	1.0675	0.6504	1.0206	0.6477
416	0.793	0.5651	1.0409	0.6559	0.9983	0.6539
417	0.7873	0.5613	1.0601	0.6713	1.0273	0.6663
418	0.7973	0.5749	1.0558	0.6821	1.0214	0.6798
419	0.8595	0.6311	1.1193	0.7095	1.0629	0.716
420	0.8363	0.6126	1.1245	0.7186	1.08	0.7087
421	0.8526	0.6314	1.1308	0.7231	1.0784	0.7242
422	0.8313	0.6023	1.1168	0.706	1.0709	0.7014
423	0.8218	0.5933	1.0754	0.6825	1.0279	0.6805
424	0.7859	0.5546	1.099	0.6614	1.0466	0.6546
425	0.7866	0.5607	1.0588	0.6633	1.0042	0.6577
426	0.783	0.5571	1.0744	0.6667	1.0272	0.6618
427	0.7791	0.5487	1.0535	0.651	1.0087	0.6463
428	0.8058	0.5778	1.1043	0.6907	1.0544	0.6825
429	0.77	0.5423	1.0527	0.646	1.0049	0.6438
430	0.7678	0.5377	1.0493	0.647	1.0111	0.6422
431	0.7691	0.5421	1.071	0.6555	1.0259	0.6485
432	0.7829	0.5547	1.0783	0.6682	1.0392	0.659
433	0.7697	0.5415	1.0704	0.6577	1.0225	0.6448
434	0.7682	0.5415	1.0607	0.6578	1.0198	0.6484
435	0.7778	0.5534	1.0719	0.6676	1.0332	0.6602
436	0.7867	0.5601	1.0526	0.6545	1.0148	0.6543
437	0.768	0.543	1.0621	0.6547	1.0121	0.6478
438	0.7632	0.538	1.0532	0.647	1.002	0.6389
439	0.7714	0.5471	1.0833	0.6639	1.0316	0.6551
440	0.7693	0.5425	1.0758	0.6511	1.0275	0.6502
441	0.7722	0.5463	1.0897	0.6595	1.0374	0.6479
442	0.7655	0.5409	1.072	0.6547	1.019	0.6451
443	0.8193	0.6016	1.1016	0.6953	1.0547	0.6983
444	0.7757	0.5499	1.0919	0.6666	1.0347	0.6535
445	0.7795	0.5571	1.0799	0.6676	1.0185	0.654
446	0.7753	0.5462	1.0667	0.6525	1.0201	0.6524
447	0.7625	0.5382	1.0605	0.6473	1.009	0.639
448	0.7705	0.5456	1.0668	0.656	1.0176	0.6508
449	0.7678	0.5437	1.0628	0.6491	1.0228	0.6524
450	0.7629	0.5363	1.0639	0.652	1.0134	0.6418
451	0.7536	0.529	1.0694	0.6445	1.0224	0.6399
452	0.7617	0.535	1.0853	0.6563	1.0315	0.6456
453	0.7618	0.5357	1.0834	0.6546	1.0299	0.6409
454	0.7656	0.5432	1.0666	0.6535	1.0232	0.653
455	0.755	0.5309	1.0678	0.6469	1.0116	0.6351
456	0.7582	0.5341	1.0612	0.6507	1.0023	0.6358
457	0.7856	0.5635	1.086	0.6733	1.037	0.6686
458	0.771	0.5458	1.0696	0.6605	1.0251	0.6565
459	0.7635	0.5388	1.0754	0.653	1.0138	0.6438
460	0.7681	0.5426	1.0737	0.6635	1.0235	0.6539
461	0.7563	0.5302	1.0725	0.6523	1.0202	0.6398
462	0.7717	0.5501	1.0917	0.6653	1.0373	0.6601
463	0.7667	0.5429	1.086	0.663	1.0326	0.65
464	0.7474	0.5227	1.0672	0.6419	1.0118	0.6319
465	0.7571	0.5344	1.0528	0.6435	1.002	0.6391
466	0.7525	0.5316	1.0635	0.65	1.014	0.6406
467	0.7452	0.5211	1.0455	0.6401	0.9963	0.6314
468	0.7603	0.5386	1.0591	0.6503	1.0095	0.646
469	0.7463	0.5232	1.0574	0.6392	1.009	0.63
470	0.748	0.525	1.0526	0.6389	1.009	0.6367
471	0.7448	0.5222	1.0647	0.6417	1.0158	0.6346
472	0.7459	0.5224	1.0532	0.6387	1.0008	0.6306
473	0.7701	0.5484	1.0816	0.6688	1.0374	0.6618
474	0.7469	0.5256	1.0493	0.6375	1.0024	0.6348
475	0.7439	0.5217	1.0706	0.6452	1.0186	0.6348
476	0.7411	0.5202	1.0529	0.6435	1.0048	0.6309
477	0.7743	0.5541	1.0982	0.6787	1.0392	0.6643
478	0.7546	0.5337	1.0659	0.6444	1.0132	0.6431
479	0.7702	0.553	1.0917	0.6705	1.0364	0.6652
480	0.7492	0.5241	1.0872	0.65	1.0288	0.635
481	0.7427	0.5249	1.0448	0.6402	0.9944	0.6318
482	0.7473	0.5261	1.0679	0.645	1.0091	0.6381
483	0.7498	0.5301	1.0555	0.6481	1.0066	0.6402
484	0.7522	0.5268	1.0897	0.656	1.035	0.6365
485	0.7613	0.5444	1.0494	0.6555	1.0009	0.6477
486	0.7448	0.5225	1.0765	0.6421	1.0156	0.6288
487	0.805	0.5879	1.0959	0.7042	1.0571	0.697
488	0.7418	0.5236	1.0532	0.6404	1.0114	0.6348
489	0.7436	0.521	1.0603	0.6442	1.0097	0.6315
490	0.7614	0.539	1.0705	0.6598	1.0226	0.652
491	0.738	0.5182	1.0369	0.6387	1.0021	0.6298
492	0.7419	0.5212	1.0552	0.6461	1.0176	0.6352
493	0.7607	0.5422	1.0679	0.6538	1.0208	0.6536
494	0.7588	0.5398	1.0597	0.6471	1.006	0.645
495	0.7551	0.539	1.0802	0.6678	1.0284	0.655
496	0.7439	0.5267	1.0443	0.6471	0.9977	0.6377
497	0.8572	0.6377	1.1084	0.7135	1.0661	0.7198
498	0.8186	0.6001	1.0837	0.6857	1.0457	0.6892
499	0.8947	0.6745	1.1943	0.783	1.1387	0.7606
500	0.7862	0.5675	1.064	0.6801	1.0301	0.6706
501	0.7491	0.528	1.0565	0.6451	1.0144	0.6385
502	0.7593	0.5411	1.0581	0.6588	1.0158	0.6469
503	0.7447	0.5226	1.0555	0.6412	1.0154	0.6364
504	0.7372	0.5166	1.0475	0.6387	1.0071	0.6294
505	0.7355	0.5145	1.0621	0.6394	1.0143	0.6292
506	0.7372	0.5186	1.0448	0.6396	1.0013	0.6297
507	0.7334	0.5147	1.0438	0.6323	0.9981	0.6267
508	0.7717	0.5515	1.1045	0.6772	1.0536	0.6625
509	0.7542	0.5368	1.0546	0.647	1.0036	0.6427
510	0.743	0.5201	1.0758	0.6458	1.0226	0.6273
511	0.7442	0.5237	1.0646	0.6495	1.0141	0.6386
512	0.7419	0.5214	1.0507	0.6472	0.9973	0.633
513	0.7345	0.5157	1.0582	0.6396	1.0042	0.6279
514	0.744	0.523	1.0648	0.6529	1.0142	0.6391
515	0.7582	0.5435	1.0723	0.6588	1.0191	0.6544
516	0.7405	0.521	1.0445	0.6431	0.997	0.6355
517	0.7364	0.5157	1.0797	0.6416	1.0255	0.6343
518	0.727	0.5073	1.0556	0.6358	0.9988	0.6243
519	0.7284	0.5104	1.079	0.6405	1.0154	0.6276
520	0.7261	0.5068	1.0555	0.6339	1.0036	0.6229
521	0.726	0.5077	1.0412	0.631	0.9957	0.6283
522	0.7237	0.5076	1.0376	0.6336	0.9828	0.6234
523	0.7282	0.513	1.0603	0.6362	1.0	0.6291
524	0.7335	0.5172	1.0304	0.635	0.9884	0.6302
525	0.732	0.516	1.0683	0.6483	1.0126	0.6321
526	0.7337	0.5203	1.0458	0.6353	0.9938	0.6322
527	0.7209	0.5038	1.0355	0.6279	0.9946	0.6215
528	0.7228	0.5033	1.0596	0.6342	1.0035	0.6226
529	0.7308	0.5142	1.0521	0.6394	1.0073	0.6332
530	0.7577	0.5395	1.0895	0.6638	1.0438	0.6498
531	0.7611	0.5534	1.0836	0.676	1.0347	0.669
532	0.7301	0.5159	1.0645	0.6426	1.0088	0.633
533	0.7368	0.5192	1.0449	0.6477	1.0028	0.638
534	0.7177	0.5007	1.0468	0.6277	0.9959	0.6206
535	0.7278	0.5134	1.0427	0.6367	0.9864	0.6294
536	0.7166	0.4982	1.0582	0.6307	1.0039	0.6196
537	0.7192	0.5026	1.0376	0.6273	0.983	0.6204
538	0.7205	0.5075	1.0696	0.6433	1.017	0.6312
539	0.7348	0.5203	1.0373	0.6434	0.9892	0.6328
540	0.7325	0.5158	1.0752	0.644	1.016	0.6337
541	0.7238	0.5068	1.0583	0.6432	1.0025	0.6269
542	0.7316	0.5156	1.0662	0.6483	1.0111	0.6365
543	0.7353	0.5198	1.0733	0.6524	1.0189	0.6419
544	0.7261	0.513	1.0734	0.6439	1.0126	0.6323
545	0.7177	0.5008	1.0448	0.6301	0.9944	0.6197
546	0.7194	0.5062	1.0334	0.6357	0.9887	0.6251
547	0.7246	0.5087	1.0412	0.6347	0.9912	0.6258
548	0.73	0.5156	1.0424	0.6311	0.9899	0.6234
549	0.7248	0.506	1.0754	0.643	1.0152	0.6337
550	0.7102	0.4952	1.0487	0.6287	0.9868	0.6157
551	0.719	0.5034	1.0631	0.636	1.0	0.6155
552	0.7194	0.5025	1.0647	0.6367	1.0121	0.6277
553	0.713	0.4978	1.0573	0.6268	1.002	0.6189
554	0.7092	0.4922	1.0689	0.632	1.0096	0.6165
555	0.719	0.5046	1.0357	0.6351	1.0005	0.6273
556	0.7084	0.4927	1.0545	0.6264	1.0004	0.6184
557	0.7278	0.5145	1.0577	0.6516	1.0089	0.6323
558	0.7054	0.491	1.0495	0.6234	0.9949	0.6148
559	0.7428	0.5329	1.0875	0.6628	1.0272	0.6532
560	0.7175	0.505	1.0502	0.6386	0.9976	0.6261
561	0.7421	0.525	1.0855	0.6606	1.0292	0.6475
562	0.7174	0.5019	1.069	0.6396	1.0088	0.625
563	0.7159	0.5055	1.043	0.634	0.9879	0.6237
564	0.7263	0.5127	1.0842	0.6458	1.0266	0.6385
565	0.7438	0.5301	1.0483	0.656	1.0014	0.6387
566	0.7298	0.5092	1.0974	0.6485	1.04	0.6342
567	0.7171	0.507	1.0592	0.6414	1.0016	0.6261
568	0.7158	0.5021	1.0363	0.6285	0.9869	0.6183
569	0.714	0.5019	1.0412	0.6389	0.9982	0.6227
570	0.7086	0.4971	1.0304	0.6278	0.983	0.6154
571	0.7109	0.4973	1.065	0.6291	1.0112	0.6248
572	0.6991	0.4853	1.0475	0.6232	0.994	0.6092
573	0.6996	0.4873	1.0548	0.629	0.9944	0.6129
574	0.7044	0.4921	1.05	0.6304	0.9967	0.6175
575	0.7039	0.4902	1.032	0.6302	0.9884	0.6163
576	0.7047	0.4932	1.05	0.6358	0.9987	0.6199
577	0.7063	0.4897	1.0543	0.6267	0.9989	0.6107
578	0.7638	0.5617	1.0775	0.6779	1.0275	0.6713
579	0.7842	0.5756	1.1124	0.7105	1.0707	0.6902
580	0.7928	0.588	1.0821	0.6876	1.0387	0.6877
581	0.7909	0.5745	1.1104	0.6926	1.0647	0.6814
582	0.7242	0.5133	1.0683	0.642	1.0084	0.6326
583	0.738	0.5226	1.0803	0.6529	1.0284	0.641
584	0.7044	0.4908	1.0543	0.6236	0.9984	0.6103
585	0.7539	0.5424	1.061	0.6524	1.0153	0.6544
586	0.7578	0.552	1.0849	0.6858	1.043	0.6644
587	0.7012	0.4898	1.0442	0.624	0.9877	0.6129
588	0.7137	0.5005	1.0695	0.6412	1.0192	0.6284
589	0.7047	0.4914	1.0435	0.6321	1.0058	0.6174
590	0.724	0.5112	1.0652	0.6459	1.0188	0.6331
591	0.7338	0.5203	1.0748	0.6543	1.0247	0.6411
592	0.7018	0.4917	1.0276	0.6209	0.9801	0.6096
593	0.697	0.4875	1.0367	0.6278	0.9872	0.6132
594	0.708	0.5004	1.0393	0.6351	0.9894	0.6236
595	0.7008	0.4882	1.0517	0.6266	1.0001	0.6181
596	0.7004	0.4904	1.0357	0.6276	0.9851	0.6157
597	0.7007	0.4862	1.0629	0.6278	1.0028	0.6098
598	0.692	0.4805	1.0506	0.6199	0.9923	0.608
599	0.6925	0.4813	1.05	0.6242	0.9983	0.6108
600	0.7149	0.5055	1.044	0.6321	0.9951	0.6244
601	0.7005	0.4938	1.0586	0.6348	1.007	0.6213
602	0.6981	0.486	1.0316	0.6191	0.9854	0.6064
603	0.7483	0.5402	1.076	0.6557	1.0262	0.652
604	0.76	0.5486	1.1109	0.6831	1.0556	0.6618
605	0.7037	0.4933	1.0481	0.6291	0.9981	0.6194
606	0.7084	0.4919	1.071	0.6344	1.0203	0.6205
607	0.7031	0.492	1.0599	0.6324	1.0101	0.6209
608	0.7119	0.4982	1.0862	0.6437	1.0296	0.6206
609	0.7092	0.5007	1.0527	0.6307	0.9957	0.6247
610	0.7324	0.5252	1.0895	0.6628	1.0396	0.6468
611	0.7751	0.5715	1.094	0.6802	1.0434	0.6801
612	0.7535	0.5491	1.0971	0.6889	1.0463	0.6692
613	0.7331	0.5273	1.0796	0.658	1.0126	0.6463
614	0.698	0.4903	1.0405	0.6329	0.9867	0.6178
615	0.7068	0.4957	1.0659	0.6349	1.0026	0.6223
616	0.7086	0.5007	1.0547	0.6406	1.0035	0.6252
617	0.6918	0.4842	1.0429	0.6243	0.9945	0.6105
618	0.688	0.4784	1.0507	0.6239	1.0	0.6113
619	0.698	0.4921	1.0366	0.629	0.984	0.6133
620	0.6973	0.4873	1.0544	0.6299	0.9985	0.6195
621	0.6869	0.4748	1.0475	0.618	0.9967	0.6076
622	0.7022	0.4947	1.0757	0.6401	1.0118	0.6257
623	0.7177	0.5051	1.0855	0.651	1.0271	0.6334
624	0.6965	0.4869	1.0658	0.6322	1.0037	0.6161
625	0.7002	0.485	1.0829	0.6334	1.0268	0.617
626	0.7177	0.5147	1.0747	0.6557	1.0199	0.6427
627	0.6814	0.4727	1.0464	0.6208	0.9904	0.6036
628	0.6998	0.4937	1.049	0.6296	0.9968	0.6232
629	0.7215	0.5161	1.0613	0.6472	1.0078	0.6396
630	0.7004	0.497	1.0448	0.6404	0.997	0.6258
631	0.6958	0.4862	1.0207	0.6194	0.9738	0.6087
632	0.6928	0.4858	1.0475	0.629	0.9901	0.6121
633	0.684	0.4766	1.0326	0.622	0.9784	0.6036
634	0.6978	0.4933	1.0659	0.6427	1.0172	0.6269
635	0.7052	0.5023	1.0621	0.6417	1.0002	0.6273
636	0.6969	0.4886	1.0865	0.6369	1.0105	0.6133
637	0.697	0.483	1.0854	0.6348	1.0225	0.6122
638	0.6877	0.4778	1.0617	0.6227	1.0066	0.6073
639	0.6835	0.477	1.0528	0.6286	0.9932	0.6107
640	0.6959	0.4889	1.0597	0.6383	1.0047	0.6187
641	0.693	0.483	1.0494	0.626	0.9905	0.6121
642	0.6895	0.4807	1.0789	0.6326	1.0134	0.6115
643	0.6814	0.4736	1.0417	0.6145	0.9779	0.6006
644	0.6907	0.4832	1.0401	0.6182	0.9851	0.6102
645	0.681	0.474	1.0496	0.6204	0.9925	0.6096
646	0.6885	0.4824	1.0457	0.6258	0.9874	0.6104
647	0.6846	0.4801	1.0424	0.6244	0.9816	0.6076
648	0.6784	0.4708	1.0563	0.622	0.9934	0.6066
649	0.6993	0.4957	1.0365	0.6267	0.9839	0.6206
650	0.6781	0.4724	1.0472	0.6196	0.9902	0.6038
651	0.6854	0.4769	1.0639	0.6274	1.003	0.6131
652	0.6992	0.4987	1.0431	0.6366	0.9736	0.6207
653	0.7057	0.4969	1.0957	0.6456	1.026	0.6203
654	0.689	0.4829	1.0326	0.6326	0.9791	0.6127
655	0.7716	0.5701	1.0783	0.6775	1.0221	0.6752
656	0.6886	0.4859	1.0514	0.6314	0.9864	0.6121
657	0.6781	0.4715	1.0452	0.6146	0.9838	0.6006
658	0.6806	0.4721	1.0385	0.6179	0.9905	0.6055
659	0.7152	0.5151	1.078	0.6592	1.0164	0.6436
660	0.7119	0.4987	1.0912	0.646	1.0314	0.6253
661	0.6924	0.4828	1.076	0.631	1.0128	0.6158
662	0.6902	0.4828	1.0819	0.6327	1.0118	0.6158
663	0.695	0.4896	1.0616	0.6323	0.9931	0.6093
664	0.6859	0.483	1.0609	0.6305	0.9915	0.6142
665	0.6882	0.4783	1.0793	0.6293	1.018	0.6096
666	0.7394	0.5295	1.0937	0.6711	1.0397	0.6508
667	0.7	0.4949	1.0906	0.6432	1.0331	0.6292
668	0.6739	0.4691	1.0312	0.616	0.9725	0.601
669	0.675	0.4719	1.0491	0.6233	0.9903	0.607
670	0.7001	0.498	1.0652	0.6404	1.0029	0.6295
671	0.7308	0.5193	1.1187	0.6644	1.0499	0.6401
672	0.6775	0.4683	1.0689	0.6194	0.9984	0.6009
673	0.687	0.4791	1.053	0.6237	0.9871	0.6102
674	0.675	0.4695	1.0622	0.6228	0.9835	0.6003
675	0.6706	0.4655	1.0386	0.6121	0.9636	0.5923
676	0.6708	0.4656	1.0413	0.6171	0.9859	0.6003
677	0.6792	0.4755	1.0411	0.6205	0.9732	0.6019
678	0.6813	0.4759	1.0725	0.6324	1.0123	0.6111
679	0.6822	0.4765	1.0619	0.6312	1.0082	0.6156
680	0.7158	0.5159	1.0859	0.6504	1.024	0.6439
681	0.7691	0.5664	1.1075	0.7043	1.0575	0.6828
682	0.6933	0.4908	1.053	0.628	0.9967	0.6217
683	0.6996	0.4917	1.0792	0.6355	1.0197	0.6201
684	0.683	0.4771	1.0698	0.6235	1.0053	0.6126
685	0.6886	0.4818	1.0606	0.6355	1.0033	0.6153
686	0.6766	0.4712	1.0464	0.6231	0.9877	0.6044
687	0.6802	0.4717	1.072	0.6219	1.0101	0.6014
688	0.6906	0.4885	1.0524	0.6345	0.9865	0.6213
689	0.6802	0.473	1.0718	0.6291	1.0042	0.6093
690	0.6772	0.4724	1.079	0.6292	1.0062	0.6094
691	0.6737	0.4678	1.0488	0.6223	0.9824	0.5998
692	0.679	0.4749	1.0574	0.6321	0.9928	0.6147
693	0.6625	0.4589	1.0466	0.6123	0.9748	0.593
694	0.6669	0.4616	1.0601	0.6194	0.9941	0.6015
695	0.6654	0.463	1.0451	0.6115	0.9769	0.5984
696	0.6662	0.4643	1.0461	0.6179	0.9746	0.6001
697	0.6954	0.4919	1.0663	0.6411	1.0069	0.6276
698	0.6685	0.4597	1.0689	0.6201	1.0041	0.5992
699	0.6686	0.4671	1.0465	0.6203	0.9804	0.6055
700	0.6816	0.4811	1.0684	0.6393	1.0049	0.6196
701	0.6673	0.4658	1.0493	0.6215	0.9817	0.6018
702	0.6704	0.4684	1.058	0.6196	0.9977	0.6065
703	0.7242	0.5249	1.0975	0.6592	1.0289	0.6519
704	0.6645	0.4637	1.0402	0.6168	0.9818	0.6025
705	0.6642	0.4605	1.0467	0.6129	0.9754	0.5964
706	0.6602	0.4583	1.0578	0.6142	0.995	0.5979
707	0.6639	0.4606	1.0447	0.6164	0.9853	0.6006
708	0.6684	0.4671	1.0443	0.6225	0.9833	0.6026
709	0.6627	0.4612	1.0404	0.6178	0.9789	0.5948
710	0.6665	0.4654	1.0365	0.6151	0.9781	0.6007
711	0.6653	0.4672	1.0479	0.6138	0.9789	0.5997
712	0.6858	0.4872	1.0478	0.6387	0.9886	0.6171
713	0.6748	0.4757	1.0471	0.6224	0.9846	0.6079
714	0.6795	0.4799	1.043	0.6192	0.9708	0.6059
715	0.7047	0.5098	1.0691	0.6561	1.0135	0.6395
716	0.6593	0.4573	1.0382	0.612	0.9818	0.6006
717	0.6674	0.4661	1.0436	0.6106	0.9792	0.6022
718	0.6721	0.4674	1.0627	0.6203	0.9974	0.6048
719	0.6662	0.4648	1.053	0.6159	0.9837	0.6024
720	0.6653	0.4617	1.0556	0.6146	0.9903	0.6004
721	0.6578	0.4535	1.0734	0.6139	1.0006	0.5956
722	0.6576	0.4542	1.0435	0.6097	0.9836	0.5977
723	0.6581	0.4553	1.0639	0.6205	0.9937	0.603
724	0.667	0.4686	1.0344	0.6163	0.9606	0.6009
725	0.7182	0.52	1.0987	0.6709	1.0421	0.6482
726	0.665	0.4655	1.0557	0.6185	0.9879	0.6047
727	0.6571	0.4563	1.0486	0.6101	0.9774	0.5966
728	0.6898	0.4848	1.0897	0.6431	1.0242	0.6196
729	0.6682	0.4688	1.0322	0.6145	0.9775	0.6055
730	0.6565	0.4557	1.0424	0.6107	0.9823	0.5954
731	0.6585	0.4588	1.0563	0.6112	0.9922	0.6028
732	0.6554	0.4558	1.0447	0.6077	0.9772	0.5944
733	0.6616	0.46	1.0699	0.625	1.0024	0.6016
734	0.6569	0.4573	1.0409	0.6093	0.974	0.5947
735	0.655	0.4566	1.0323	0.6097	0.97	0.5942
736	0.658	0.4571	1.0472	0.6188	0.9895	0.6013
737	0.6509	0.4508	1.0403	0.6058	0.9689	0.5894
738	0.6559	0.4565	1.0649	0.6144	1.0003	0.6027
739	0.648	0.446	1.0343	0.604	0.9743	0.5915
740	0.7191	0.5193	1.0944	0.6705	1.0375	0.6473
741	0.6578	0.4584	1.0537	0.6113	0.9854	0.5975
742	0.6595	0.4581	1.0518	0.6125	0.984	0.598
743	0.6493	0.4509	1.054	0.6126	0.9879	0.5943
744	0.6552	0.4533	1.042	0.6079	0.979	0.5927
745	0.6732	0.474	1.0633	0.6312	0.9961	0.6192
746	0.6814	0.4818	1.0562	0.6342	0.9959	0.6177
747	0.68	0.4799	1.0767	0.6321	1.0057	0.6146
748	0.6905	0.4919	1.0577	0.6309	0.9928	0.624
749	0.6835	0.4824	1.0789	0.6387	1.0119	0.6186
750	0.6495	0.4481	1.0425	0.6057	0.9738	0.5877
751	0.6522	0.4544	1.0462	0.6102	0.9774	0.5972
752	0.6549	0.4567	1.0521	0.6212	0.9838	0.6022
753	0.6611	0.4633	1.0524	0.6143	0.9813	0.6028
754	0.6465	0.4468	1.0393	0.606	0.9722	0.59
755	0.6495	0.4511	1.0317	0.605	0.9702	0.5929
756	0.6472	0.4483	1.0335	0.6049	0.9737	0.5922
757	0.6555	0.4569	1.0591	0.6183	0.9909	0.6003
758	0.6513	0.4492	1.0584	0.6116	0.9882	0.5965
759	0.6548	0.4576	1.0405	0.6156	0.972	0.5982
760	0.6774	0.4846	1.0666	0.6483	0.9994	0.6262
761	0.675	0.4771	1.033	0.6214	0.9558	0.6081
762	0.6588	0.4605	1.0523	0.618	0.9827	0.5985
763	0.6512	0.452	1.0473	0.6112	0.9803	0.5984
764	0.6748	0.48	1.0656	0.6321	0.9959	0.6247
765	0.6451	0.4461	1.0312	0.602	0.9582	0.5845
766	0.6488	0.4461	1.066	0.611	0.9965	0.5914
767	0.6393	0.4392	1.0522	0.6028	0.9821	0.5875
768	0.6526	0.4533	1.0637	0.6169	0.9976	0.6005
769	0.6696	0.4701	1.0514	0.6247	0.9931	0.6085
770	0.6601	0.4659	1.0551	0.6187	0.9772	0.6042
771	0.6503	0.4511	1.0465	0.6154	0.9701	0.6005
772	0.6498	0.4487	1.067	0.6146	0.99	0.5919
773	0.6505	0.4544	1.0501	0.608	0.9718	0.5968
774	0.6612	0.4674	1.0672	0.6352	0.9941	0.6138
775	0.6418	0.4426	1.0479	0.606	0.9727	0.5866
776	0.6614	0.4634	1.0412	0.6118	0.9752	0.6011
777	0.7284	0.5372	1.1168	0.6957	1.0476	0.6614
778	0.6481	0.4517	1.03	0.6052	0.9549	0.5853
779	0.6409	0.4431	1.0461	0.6038	0.9777	0.5876
780	0.6498	0.4493	1.0628	0.6161	0.9984	0.5973
781	0.6507	0.4533	1.0605	0.6185	0.9838	0.5972
782	0.6538	0.4587	1.0684	0.6219	0.994	0.6079
783	0.65	0.4477	1.0767	0.6152	1.0012	0.5914
784	0.6411	0.445	1.0598	0.6162	0.9834	0.5922
785	0.6433	0.4455	1.0566	0.6148	0.9832	0.5935
786	0.6434	0.4432	1.0782	0.6137	0.9948	0.59
787	0.6514	0.4545	1.0637	0.6225	0.9928	0.6077
788	0.6491	0.4506	1.0617	0.6142	0.9832	0.5923
789	0.677	0.4854	1.0872	0.6433	1.0049	0.6271
790	0.6799	0.4849	1.0682	0.6441	1.0024	0.6222
791	0.6464	0.4485	1.0534	0.6151	0.9825	0.5936
792	0.6422	0.4447	1.0248	0.6079	0.9588	0.5885
793	0.6553	0.4623	1.0512	0.6175	0.9771	0.6018
794	0.647	0.4488	1.0659	0.6175	0.9911	0.5983
795	0.7394	0.5469	1.0888	0.6682	1.0228	0.6689
796	0.662	0.4655	1.0764	0.6245	1.0065	0.602
797	0.6423	0.4443	1.0273	0.5996	0.9558	0.5818
798	0.6503	0.4551	1.0441	0.615	0.9788	0.6004
799	0.6592	0.4604	1.0658	0.6236	0.9995	0.603
800	0.6392	0.443	1.061	0.6079	0.985	0.5904
801	0.6428	0.448	1.0603	0.6128	0.98	0.5978
802	0.6678	0.4715	1.0802	0.6367	1.0072	0.6118
803	0.6348	0.4372	1.044	0.6037	0.9619	0.5832
804	0.6539	0.4607	1.0658	0.6222	0.9909	0.6098
805	0.6462	0.4516	1.026	0.6069	0.9562	0.589
806	0.6457	0.4511	1.0542	0.616	0.9845	0.5985
807	0.6483	0.4546	1.0444	0.6079	0.9647	0.5932
808	0.6421	0.4466	1.0516	0.6121	0.9795	0.5921
809	0.6347	0.4382	1.0662	0.6106	0.9877	0.5889
810	0.6407	0.4464	1.04	0.6066	0.9652	0.59
811	0.6358	0.4402	1.0606	0.6076	0.9855	0.5894
812	0.6916	0.497	1.0986	0.6555	1.0289	0.6309
813	0.7029	0.5129	1.0715	0.6469	1.0107	0.642
814	0.6985	0.5073	1.0887	0.6676	1.0237	0.6405
815	0.6409	0.4459	1.0364	0.6045	0.9676	0.5903
816	0.6427	0.4472	1.0474	0.608	0.9937	0.5983
817	0.6502	0.4555	1.0257	0.6141	0.9682	0.5992
818	0.6362	0.442	1.0295	0.6061	0.9705	0.5897
819	0.6471	0.453	1.0545	0.6175	0.9813	0.5963
820	0.6515	0.4593	1.042	0.6115	0.9697	0.6027
821	0.6593	0.4671	1.0411	0.6315	0.9786	0.6128
822	0.6342	0.4381	1.0425	0.6054	0.9719	0.588
823	0.6309	0.4333	1.0321	0.6048	0.9722	0.5857
824	0.6548	0.4632	1.0592	0.6203	0.9881	0.6096
825	0.6333	0.4376	1.049	0.6051	0.9786	0.5895
826	0.6541	0.4558	1.0998	0.6268	1.0151	0.5976
827	0.6385	0.4444	1.0403	0.6063	0.968	0.5942
828	0.6408	0.4463	1.0743	0.6205	0.997	0.6023
829	0.6785	0.4895	1.0781	0.6531	1.0147	0.6308
830	0.6749	0.4831	1.0536	0.6244	0.9874	0.6194
831	0.6336	0.4396	1.0509	0.6081	0.9754	0.5881
832	0.6436	0.4525	1.0586	0.626	0.9817	0.6029
833	0.6429	0.449	1.0337	0.6084	0.9576	0.5905
834	0.6428	0.4432	1.0665	0.612	0.9978	0.5912
835	0.6368	0.439	1.078	0.6109	1.0062	0.5888
836	0.6645	0.4737	1.0878	0.6334	1.0179	0.6257
837	0.6519	0.4545	1.0709	0.6218	0.9962	0.6008
838	0.6462	0.4489	1.0802	0.625	0.9971	0.5949
839	0.6451	0.4473	1.1064	0.6246	1.0165	0.6005
840	0.6277	0.434	1.0524	0.605	0.9758	0.5878
841	0.623	0.4264	1.0496	0.5982	0.9768	0.579
842	0.6255	0.4297	1.0421	0.6007	0.9712	0.5824
843	0.6293	0.435	1.0507	0.6053	0.9755	0.5897
844	0.6563	0.4672	1.055	0.6337	0.9932	0.6148
845	0.6258	0.434	1.0459	0.6066	0.9776	0.5883
846	0.6318	0.4398	1.055	0.6053	0.9848	0.5894
847	0.6417	0.4506	1.0421	0.6167	0.9755	0.5989
848	0.6497	0.4585	1.0493	0.6124	0.9777	0.6037
849	0.6605	0.4684	1.0685	0.6297	0.9968	0.6085
850	0.7073	0.5165	1.0779	0.6504	1.0081	0.6455
851	0.7134	0.5208	1.0984	0.681	1.033	0.6513
852	0.6474	0.4507	1.0466	0.6067	0.9716	0.5887
853	0.6595	0.4697	1.0549	0.6391	0.9918	0.6151
854	0.63	0.4369	1.0579	0.6065	0.9729	0.5855
855	0.623	0.4276	1.0591	0.6003	0.9766	0.5823
856	0.6231	0.4277	1.0526	0.6018	0.9699	0.5809
857	0.6233	0.4286	1.0605	0.6047	0.9795	0.5847
858	0.6243	0.4282	1.0622	0.6063	0.9815	0.5827
859	0.6303	0.4363	1.056	0.6117	0.9708	0.5884
860	0.627	0.434	1.0415	0.5972	0.955	0.5775
861	0.6221	0.4302	1.0602	0.6015	0.9725	0.5811
862	0.6276	0.4323	1.0685	0.6106	0.9859	0.5843
863	0.6211	0.428	1.0492	0.6018	0.9758	0.5836
864	0.6265	0.4309	1.0607	0.6079	0.9843	0.5841
865	0.6311	0.4362	1.0814	0.6157	1.003	0.5924
866	0.6185	0.4237	1.0382	0.5995	0.9672	0.5796
867	0.6265	0.438	1.0549	0.6112	0.9811	0.5932
868	0.6239	0.4321	1.0555	0.6055	0.9728	0.5861
869	0.6345	0.4427	1.0524	0.615	0.9768	0.5956
870	0.6224	0.4308	1.0472	0.6043	0.96	0.5831
871	0.6623	0.4787	1.0647	0.6379	0.9773	0.62
872	0.6912	0.5025	1.1008	0.6729	1.0287	0.6445
873	0.6412	0.453	1.068	0.6168	0.976	0.5998
874	0.6293	0.4387	1.0483	0.6036	0.966	0.5883
875	0.6329	0.4388	1.0506	0.616	0.9766	0.5945
876	0.6177	0.4236	1.063	0.6011	0.9803	0.5813
877	0.6292	0.4402	1.06	0.6117	0.9859	0.5985
878	0.623	0.4285	1.0586	0.6042	0.9865	0.5845
879	0.6511	0.4655	1.0729	0.6335	0.9934	0.6151
880	0.6311	0.4373	1.0502	0.612	0.9809	0.5917
881	0.6232	0.4264	1.0652	0.6057	0.9941	0.5854
882	0.6191	0.4258	1.0542	0.6047	0.9777	0.5823
883	0.6154	0.4232	1.0561	0.5996	0.9754	0.58
884	0.6181	0.4239	1.0634	0.6037	0.9798	0.5765
885	0.6215	0.4263	1.0614	0.6079	0.9872	0.5837
886	0.6252	0.4345	1.0575	0.6148	0.976	0.5911
887	0.6301	0.4365	1.0681	0.6098	0.982	0.5839
888	0.6205	0.4294	1.0641	0.6069	0.9824	0.5874
889	0.6471	0.461	1.0845	0.6388	0.9994	0.6181
890	0.6208	0.4301	1.0544	0.6052	0.9807	0.5864
891	0.6298	0.4357	1.081	0.6189	0.9953	0.5899
892	0.6216	0.4289	1.055	0.6072	0.9759	0.5859
893	0.6385	0.4514	1.0704	0.622	0.9845	0.603
894	0.6232	0.4321	1.0405	0.6078	0.9616	0.5882
895	0.6439	0.455	1.0819	0.6278	1.0015	0.6027
896	0.6234	0.4352	1.0464	0.6019	0.9676	0.5864
897	0.6212	0.4301	1.069	0.6086	0.9867	0.585
898	0.621	0.4275	1.0558	0.6097	0.9752	0.5821
899	0.6146	0.4266	1.0439	0.5996	0.9582	0.5804
900	0.6155	0.426	1.0479	0.604	0.9679	0.5837
901	0.6094	0.4187	1.0474	0.5966	0.9776	0.5794
902	0.6087	0.4179	1.046	0.5978	0.961	0.5791
903	0.6336	0.4486	1.0501	0.6098	0.9649	0.5974
904	0.6304	0.4435	1.0348	0.6046	0.9593	0.5954
905	0.6165	0.4223	1.0566	0.6059	0.977	0.582
906	0.6151	0.4233	1.0525	0.6054	0.972	0.5821
907	0.6185	0.4282	1.0734	0.6057	0.9853	0.588
908	0.611	0.4217	1.0457	0.6057	0.9618	0.581
909	0.6238	0.4374	1.0677	0.6099	0.9839	0.5942
910	0.6188	0.4265	1.0676	0.6088	0.9811	0.5807
911	0.6235	0.4339	1.0514	0.6126	0.9769	0.5917
912	0.6441	0.4575	1.0825	0.6239	1.0041	0.6098
913	0.6177	0.4266	1.0416	0.6033	0.9676	0.5855
914	0.6171	0.428	1.0608	0.6091	0.9778	0.5861
915	0.6365	0.4483	1.0469	0.6051	0.964	0.5925
916	0.6362	0.4529	1.0502	0.6259	0.9698	0.606
917	0.6202	0.4335	1.051	0.6126	0.9641	0.5933
918	0.6124	0.4241	1.0432	0.5944	0.9587	0.5797
919	0.6273	0.4388	1.0518	0.6192	0.9795	0.5978
920	0.6241	0.4372	1.0606	0.6078	0.9847	0.5932
921	0.6093	0.4206	1.044	0.5955	0.9614	0.5768
922	0.6175	0.4291	1.052	0.6113	0.9732	0.5894
923	0.6043	0.4135	1.0527	0.5957	0.9781	0.5816
924	0.6007	0.411	1.0508	0.5931	0.9687	0.5726
925	0.6535	0.4598	1.1042	0.6446	1.0268	0.6144
926	0.6383	0.4558	1.0788	0.6326	0.9963	0.6091
927	0.6147	0.4233	1.0757	0.6044	0.9917	0.5795
928	0.6364	0.4487	1.0749	0.636	0.9979	0.6084
929	0.6424	0.4612	1.0594	0.6171	0.9731	0.6047
930	0.6113	0.4203	1.0623	0.5948	0.9797	0.577
931	0.6222	0.433	1.0662	0.6163	0.9845	0.5894
932	0.6112	0.4219	1.046	0.5924	0.9624	0.5768
933	0.61	0.4206	1.0537	0.6025	0.9738	0.5774
934	0.6404	0.4553	1.0566	0.6327	0.9775	0.6078
935	0.6119	0.427	1.0601	0.6037	0.9829	0.589
936	0.6013	0.4126	1.0346	0.5932	0.9583	0.5727
937	0.6572	0.4747	1.0775	0.6526	1.0072	0.6269
938	0.6372	0.4534	1.0682	0.616	0.9798	0.6022
939	0.614	0.4258	1.0559	0.6096	0.9776	0.5842
940	0.6235	0.4376	1.0698	0.6207	0.9808	0.5933
941	0.6174	0.4298	1.0702	0.6075	0.9787	0.5861
942	0.6068	0.4165	1.0744	0.5997	0.9803	0.5751
943	0.6034	0.4138	1.0617	0.5992	0.9664	0.5793
944	0.602	0.4111	1.064	0.5999	0.9749	0.5754
945	0.6054	0.417	1.0573	0.6015	0.9751	0.5787
946	0.603	0.4164	1.0552	0.5976	0.9674	0.579
947	0.5996	0.4089	1.0671	0.5914	0.9773	0.5704
948	0.6209	0.4296	1.079	0.6166	0.9969	0.5931
949	0.6038	0.4151	1.0772	0.6036	0.9838	0.5808
950	0.6031	0.4152	1.0617	0.597	0.9674	0.5824
951	0.6015	0.4118	1.055	0.5976	0.9716	0.5767
952	0.6015	0.4126	1.0679	0.6004	0.9824	0.5757
953	0.6006	0.4146	1.0618	0.5993	0.9708	0.58
954	0.5985	0.4098	1.0551	0.5974	0.9645	0.5732
955	0.6063	0.4147	1.07	0.6061	0.9832	0.5791
956	0.5964	0.407	1.0532	0.5909	0.9651	0.5701
957	0.5951	0.4072	1.0502	0.5956	0.9667	0.573
958	0.5934	0.406	1.0493	0.5918	0.9663	0.5714
959	0.6089	0.4247	1.0616	0.6045	0.9702	0.5858
960	0.6001	0.4139	1.0514	0.5995	0.9627	0.5782
961	0.5959	0.4098	1.0441	0.5906	0.9551	0.5689
962	0.6347	0.4522	1.0636	0.6197	0.9819	0.6059
963	0.6013	0.4125	1.0388	0.5952	0.9615	0.5728
964	0.5971	0.4103	1.0512	0.595	0.9666	0.5791
965	0.6027	0.4169	1.0626	0.6073	0.9738	0.5813
966	0.6694	0.4897	1.0982	0.6685	1.0232	0.643
967	0.6493	0.4702	1.0722	0.6311	0.9802	0.6168
968	0.6084	0.4229	1.0636	0.6112	0.9851	0.5872
969	0.6253	0.4411	1.0654	0.628	0.9901	0.5994
970	0.6645	0.4853	1.0966	0.6443	1.0108	0.6318
971	0.6006	0.413	1.0255	0.5859	0.946	0.5688
972	0.6841	0.501	1.1126	0.6787	1.042	0.6433
973	0.6857	0.5146	1.0953	0.6679	1.0095	0.6509
974	0.6412	0.4507	1.082	0.6314	1.0032	0.605
975	0.6545	0.4748	1.0815	0.6362	0.9948	0.6184
976	0.6736	0.4886	1.0953	0.6619	1.0163	0.6332
977	0.6406	0.4589	1.0685	0.619	0.9773	0.6081
978	0.6248	0.4382	1.0616	0.6201	0.9785	0.5927
979	0.6184	0.4348	1.0411	0.5986	0.9513	0.5846
980	0.5976	0.4126	1.0465	0.5996	0.9579	0.5749
981	0.5986	0.4098	1.0574	0.6035	0.9831	0.58
982	0.6054	0.4212	1.0452	0.6059	0.96	0.5821
983	0.5988	0.4107	1.0519	0.5982	0.958	0.5738
984	0.6171	0.4283	1.0845	0.6192	0.99	0.5851
985	0.6458	0.4668	1.0841	0.6311	0.9972	0.6156
986	0.6078	0.4197	1.0823	0.6125	0.9938	0.5841
987	0.5959	0.4118	1.0539	0.5977	0.9616	0.5761
988	0.5927	0.4083	1.0543	0.5918	0.9552	0.5738
989	0.5911	0.4065	1.0601	0.596	0.9671	0.5757
990	0.5925	0.407	1.0431	0.5902	0.9538	0.5706
991	0.6417	0.4638	1.0773	0.6486	1.0082	0.6256
992	0.641	0.4602	1.0498	0.6201	0.9681	0.6075
993	0.6182	0.4358	1.066	0.6232	0.9848	0.5966
994	0.5997	0.4157	1.0548	0.6069	0.9774	0.5838
995	0.6086	0.4263	1.0605	0.5977	0.9765	0.5888
996	0.6154	0.4318	1.0654	0.6197	0.9821	0.5987
997	0.5931	0.4104	1.0557	0.5946	0.9703	0.58
998	0.5855	0.3986	1.0437	0.5916	0.9631	0.5686
999	0.6272	0.4442	1.0597	0.6316	0.9893	0.6115
1000	0.6051	0.4185	1.0633	0.6113	0.9855	0.5874
1001	0.5922	0.4104	1.0391	0.5909	0.9581	0.5776
1002	0.5925	0.4053	1.0564	0.6013	0.9764	0.5761
1003	0.5847	0.4002	1.0396	0.5884	0.9562	0.5705
1004	0.5842	0.3982	1.0466	0.5918	0.9618	0.5693
1005	0.5821	0.396	1.0536	0.5893	0.9652	0.567
1006	0.5824	0.3967	1.0471	0.5901	0.9619	0.5681
1007	0.581	0.3958	1.0457	0.5882	0.9607	0.5674
1008	0.5811	0.3961	1.0441	0.5874	0.9601	0.5674
1009	0.5829	0.3963	1.0463	0.5902	0.9627	0.5679
1010	0.5828	0.3986	1.0422	0.586	0.9559	0.5686
1011	0.5821	0.3954	1.051	0.591	0.963	0.5677
1012	0.5801	0.3952	1.0457	0.587	0.9558	0.5662
1013	0.5808	0.3955	1.0498	0.5894	0.9598	0.5663
1014	0.5801	0.394	1.0476	0.5879	0.9612	0.5651
1015	0.5808	0.3955	1.0519	0.5905	0.964	0.5679
1016	0.583	0.3985	1.0582	0.5935	0.9681	0.5708
1017	0.5791	0.3931	1.0522	0.5879	0.9629	0.5655
1018	0.5805	0.3944	1.0548	0.5907	0.9652	0.5677
1019	0.581	0.3961	1.0562	0.5898	0.965	0.5692
1020	0.5803	0.3937	1.059	0.5908	0.97	0.5681
1021	0.578	0.3931	1.0501	0.5877	0.9605	0.566
1022	0.5789	0.3942	1.0502	0.5892	0.962	0.5679
1023	0.579	0.3939	1.0533	0.5903	0.9671	0.5683
1024	0.5783	0.3917	1.0547	0.5882	0.9668	0.5656
1025	0.5798	0.3933	1.0546	0.5912	0.9669	0.5674
1026	0.5778	0.392	1.0546	0.5889	0.9674	0.5655
1027	0.5775	0.3917	1.0521	0.5876	0.9659	0.5646
1028	0.5789	0.3929	1.0569	0.5912	0.9692	0.5665
1029	0.5772	0.3914	1.0476	0.5884	0.9591	0.564
1030	0.5779	0.3918	1.0528	0.5912	0.963	0.5649
1031	0.5773	0.3918	1.0469	0.5877	0.9592	0.5649
1032	0.5787	0.3928	1.0541	0.5914	0.9663	0.5671
1033	0.5777	0.3926	1.052	0.5887	0.9613	0.5651
1034	0.5769	0.391	1.0533	0.5888	0.9638	0.5644
1035	0.5764	0.3903	1.0562	0.5893	0.9661	0.5644
1036	0.5768	0.3915	1.0541	0.5902	0.9628	0.5648
1037	0.5766	0.3918	1.0496	0.5895	0.9582	0.5634
1038	0.5775	0.3928	1.0513	0.5895	0.9604	0.5645
1039	0.5814	0.3951	1.0583	0.5961	0.9702	0.5682
1040	0.5808	0.3948	1.058	0.5957	0.9701	0.5681
1041	0.5762	0.3903	1.0574	0.589	0.9682	0.5632
1042	0.5759	0.3905	1.058	0.5874	0.9678	0.563
1043	0.5767	0.3908	1.0611	0.5901	0.9716	0.5648
1044	0.5776	0.3936	1.0497	0.5859	0.9603	0.5659
1045	0.5772	0.3916	1.0533	0.5898	0.9664	0.5664
1046	0.5806	0.395	1.0538	0.5942	0.9696	0.5708
1047	0.5764	0.3923	1.0498	0.5879	0.9599	0.5661
1048	0.577	0.3913	1.0543	0.5906	0.9633	0.5649
1049	0.5763	0.3904	1.0548	0.5904	0.9641	0.5651
1050	0.578	0.3936	1.0571	0.5906	0.9644	0.568
1051	0.5767	0.3909	1.0623	0.5893	0.9695	0.5658
1052	0.5804	0.3959	1.0536	0.5939	0.9637	0.5701
1053	0.5784	0.3929	1.0604	0.5921	0.9694	0.5679
1054	0.5766	0.3927	1.053	0.5861	0.9608	0.5659
1055	0.5764	0.3908	1.0597	0.5912	0.967	0.5649
1056	0.5794	0.3937	1.0615	0.5957	0.9691	0.567
1057	0.5748	0.3894	1.0542	0.5895	0.9631	0.5631
1058	0.5749	0.3907	1.0482	0.5885	0.9594	0.5641
1059	0.5749	0.3901	1.0491	0.5876	0.9597	0.5641
1060	0.5762	0.3922	1.0525	0.5898	0.9615	0.565
1061	0.5785	0.3958	1.046	0.5888	0.9565	0.5669
1062	0.5764	0.391	1.0511	0.5899	0.9619	0.5629
1063	0.5783	0.3924	1.0553	0.5926	0.9671	0.5658
1064	0.582	0.3996	1.0536	0.5939	0.9658	0.5736
1065	0.5778	0.393	1.0576	0.5931	0.9703	0.5674
1066	0.5787	0.3933	1.0604	0.595	0.97	0.5667
1067	0.5753	0.3912	1.0522	0.587	0.9594	0.5645
1068	0.5752	0.3903	1.0545	0.5898	0.9646	0.565
1069	0.5753	0.3905	1.056	0.5911	0.9661	0.5661
1070	0.5757	0.3905	1.0613	0.5931	0.9696	0.5653
1071	0.5762	0.3927	1.056	0.5898	0.962	0.5661
1072	0.5733	0.3893	1.0513	0.5863	0.9601	0.5632
1073	0.5786	0.393	1.0589	0.5945	0.9712	0.5686
1074	0.5754	0.3904	1.0558	0.5913	0.9665	0.5657
1075	0.574	0.3898	1.0477	0.5852	0.958	0.5635
1076	0.5749	0.3887	1.0627	0.5902	0.9706	0.5633
1077	0.5745	0.3897	1.0583	0.5905	0.9642	0.5635
1078	0.5732	0.3887	1.0543	0.589	0.9608	0.5632
1079	0.5785	0.3957	1.0589	0.5917	0.9657	0.5697
1080	0.5758	0.3929	1.0575	0.5909	0.9657	0.5679
1081	0.574	0.3899	1.0506	0.5896	0.9597	0.5635
1082	0.5839	0.3988	1.0645	0.6011	0.974	0.5723
1083	0.5755	0.3921	1.06	0.5908	0.9666	0.5664
1084	0.5752	0.3917	1.0589	0.5887	0.9656	0.5649
1085	0.5731	0.3884	1.0576	0.5885	0.9659	0.5623
1086	0.573	0.3883	1.0525	0.5881	0.9624	0.5626
1087	0.5735	0.389	1.0534	0.5889	0.9643	0.5639
1088	0.5724	0.389	1.0467	0.5862	0.9583	0.5638
1089	0.5728	0.3887	1.0568	0.5898	0.9657	0.5645
1090	0.5723	0.3882	1.0543	0.5882	0.9635	0.5642
1091	0.5786	0.3936	1.0644	0.5968	0.975	0.5699
1092	0.5734	0.3895	1.0599	0.5912	0.969	0.5663
1093	0.5718	0.388	1.0513	0.5863	0.9595	0.5628
1094	0.5747	0.3898	1.0591	0.5928	0.9689	0.5669
1095	0.5724	0.389	1.0593	0.5894	0.9687	0.5666
1096	0.5749	0.3933	1.0576	0.5914	0.9671	0.5695
1097	0.5812	0.3969	1.0669	0.6017	0.9799	0.5731
1098	0.5722	0.389	1.0572	0.5886	0.9674	0.5642
1099	0.5725	0.3902	1.0577	0.5884	0.9675	0.5647
1100	0.5763	0.3917	1.0664	0.5946	0.9798	0.5676
1101	0.5729	0.3894	1.0577	0.5892	0.9689	0.5646
1102	0.5759	0.394	1.0584	0.5914	0.968	0.5694
1103	0.5723	0.3887	1.0509	0.5878	0.9602	0.5633
1104	0.5773	0.3956	1.0625	0.5921	0.9689	0.5711
1105	0.5726	0.3895	1.0571	0.5906	0.9676	0.5663
1106	0.5734	0.3903	1.0506	0.5896	0.9617	0.5667
1107	0.5733	0.3909	1.0608	0.5907	0.9678	0.5681
1108	0.5715	0.3878	1.0598	0.5891	0.9673	0.5645
1109	0.5714	0.3873	1.0653	0.5893	0.9715	0.5631
1110	0.5721	0.3894	1.0602	0.5893	0.9664	0.5652
1111	0.5716	0.3884	1.0505	0.5875	0.96	0.5655
1112	0.5722	0.3874	1.0558	0.587	0.9659	0.5644
1113	0.5763	0.3956	1.0576	0.5877	0.9629	0.5695
1114	0.5709	0.3878	1.0567	0.5879	0.9657	0.5647
1115	0.5725	0.3888	1.0607	0.5899	0.9719	0.5655
1116	0.5705	0.3876	1.0505	0.5846	0.9601	0.5636
1117	0.5714	0.3873	1.0585	0.5901	0.9686	0.5652
1118	0.5742	0.3917	1.0522	0.5925	0.9659	0.5681
1119	0.572	0.3897	1.0559	0.5885	0.9651	0.566
1120	0.5746	0.3928	1.0627	0.591	0.9708	0.5693
1121	0.5702	0.386	1.0593	0.588	0.9692	0.563
1122	0.5749	0.391	1.0599	0.5942	0.9727	0.5684
1123	0.5725	0.3906	1.0568	0.5858	0.9676	0.5654
1124	0.5697	0.3856	1.0572	0.585	0.9676	0.5616
1125	0.57	0.3865	1.053	0.588	0.9653	0.5636
1126	0.5693	0.3862	1.0492	0.5865	0.9612	0.562
1127	0.5705	0.3867	1.0578	0.5906	0.9688	0.5633
1128	0.5695	0.3869	1.0531	0.5866	0.9631	0.5627
1129	0.5698	0.3866	1.0545	0.5906	0.9654	0.5636
1130	0.5742	0.3916	1.0588	0.5967	0.9673	0.5682
1131	0.57	0.3878	1.0533	0.5872	0.9599	0.5645
1132	0.5738	0.3929	1.0567	0.5909	0.9638	0.5702
1133	0.5701	0.3862	1.0581	0.589	0.9654	0.5636
1134	0.5766	0.3929	1.064	0.5965	0.9717	0.568
1135	0.5696	0.3861	1.0596	0.5901	0.9664	0.5625
1136	0.569	0.387	1.0482	0.5858	0.9564	0.5619
1137	0.5716	0.3895	1.0578	0.5917	0.9652	0.5661
1138	0.5705	0.3878	1.0527	0.5905	0.9614	0.565
1139	0.5703	0.3869	1.0623	0.5901	0.9708	0.5657
1140	0.5694	0.3859	1.0572	0.5877	0.9638	0.5635
1141	0.5702	0.3879	1.0624	0.5874	0.9691	0.5647
1142	0.5687	0.3859	1.0585	0.5872	0.9639	0.5627
1143	0.5695	0.3866	1.0575	0.5904	0.9624	0.5631
1144	0.5701	0.3875	1.0552	0.5898	0.9608	0.5649
1145	0.569	0.3864	1.0539	0.5876	0.9623	0.5642
1146	0.5684	0.3845	1.0549	0.5867	0.9639	0.5625
1147	0.5701	0.3873	1.0586	0.5883	0.9646	0.5637
1148	0.5704	0.3896	1.0511	0.5861	0.9559	0.5641
1149	0.5698	0.3864	1.0628	0.5916	0.9686	0.5628
1150	0.5698	0.3866	1.0579	0.5906	0.9668	0.5641
1151	0.5692	0.3859	1.0577	0.5892	0.9668	0.5633
1152	0.5691	0.3872	1.0533	0.5866	0.9627	0.5636
1153	0.5699	0.3891	1.0513	0.5853	0.96	0.5641
1154	0.5688	0.3857	1.0568	0.5895	0.9647	0.5618
1155	0.5676	0.3852	1.0557	0.587	0.9642	0.5614
1156	0.5684	0.3854	1.0562	0.5882	0.9664	0.5616
1157	0.5678	0.3854	1.0526	0.5848	0.9608	0.5612
1158	0.5693	0.3862	1.0568	0.591	0.9667	0.5634
1159	0.5677	0.3847	1.0534	0.5886	0.9638	0.5629
1160	0.5677	0.3844	1.0529	0.5881	0.9617	0.5619
1161	0.5697	0.3879	1.0478	0.5868	0.9553	0.5645
1162	0.5681	0.3857	1.0504	0.5853	0.9554	0.5612
1163	0.5706	0.3873	1.0591	0.5922	0.965	0.5632
1164	0.57	0.3878	1.0497	0.5891	0.957	0.5633
1165	0.5704	0.3892	1.0535	0.5883	0.9599	0.5654
1166	0.5671	0.3846	1.0536	0.5874	0.9618	0.5611
1167	0.5688	0.3864	1.0527	0.5901	0.9638	0.5627
1168	0.5693	0.3872	1.0526	0.5905	0.9641	0.564
1169	0.5703	0.3868	1.0607	0.5924	0.9701	0.5626
1170	0.5662	0.3837	1.0517	0.5847	0.9619	0.5611
1171	0.5726	0.393	1.0528	0.5885	0.9629	0.5696
1172	0.5668	0.3853	1.0464	0.5848	0.957	0.5636
1173	0.5673	0.3844	1.0513	0.5872	0.9606	0.5637
1174	0.5725	0.3889	1.0655	0.5952	0.9738	0.5673
1175	0.5664	0.3836	1.055	0.5854	0.9625	0.5609
1176	0.5673	0.3853	1.0578	0.5867	0.9649	0.562
1177	0.5681	0.3866	1.056	0.5898	0.966	0.5651
1178	0.5678	0.3852	1.0572	0.5903	0.9681	0.5644
1179	0.5667	0.3834	1.0572	0.5878	0.9659	0.5622
1180	0.5663	0.3853	1.0508	0.5864	0.958	0.5624
1181	0.567	0.386	1.0554	0.5864	0.9625	0.5632
1182	0.5682	0.3856	1.0484	0.5867	0.9605	0.5637
1183	0.5673	0.3842	1.0556	0.5884	0.9659	0.5637
1184	0.5711	0.391	1.0563	0.5886	0.963	0.5681
1185	0.5661	0.3835	1.0608	0.586	0.9654	0.5603
1186	0.5695	0.3867	1.0644	0.5919	0.969	0.5641
1187	0.5664	0.3846	1.0576	0.5887	0.964	0.5637
1188	0.5681	0.3881	1.0552	0.5878	0.9626	0.5674
1189	0.5662	0.3845	1.0562	0.587	0.9625	0.5638
1190	0.5705	0.3887	1.0595	0.5929	0.9661	0.5665
1191	0.567	0.384	1.0646	0.5888	0.9703	0.5609
1192	0.567	0.3855	1.0605	0.5847	0.9674	0.5625
1193	0.5665	0.3841	1.0581	0.5869	0.9669	0.5629
1194	0.5668	0.3846	1.052	0.5871	0.961	0.5635
1195	0.5666	0.3833	1.0572	0.5874	0.9635	0.5618
1196	0.5656	0.3831	1.0556	0.5851	0.9602	0.5606
1197	0.5654	0.3834	1.0522	0.5857	0.9585	0.5616
1198	0.5683	0.3847	1.0642	0.5911	0.9705	0.5636
1199	0.5688	0.3888	1.057	0.5866	0.9622	0.5649
1200	0.5684	0.3881	1.0556	0.5885	0.9615	0.5652
1201	0.5874	0.4078	1.066	0.6117	0.9775	0.5831
1202	0.5699	0.3867	1.0614	0.5945	0.9705	0.5662
1203	0.5741	0.3957	1.0572	0.5909	0.9629	0.5712
1204	0.5654	0.3832	1.0532	0.5852	0.9601	0.5621
1205	0.579	0.3966	1.0619	0.6026	0.9746	0.5749
1206	0.5664	0.3831	1.0551	0.5892	0.9658	0.5623
1207	0.5662	0.3851	1.0458	0.5841	0.9561	0.5627
1208	0.5667	0.3847	1.0508	0.5866	0.9625	0.5639
1209	0.5672	0.3835	1.056	0.5878	0.9664	0.5632
1210	0.5657	0.3823	1.0597	0.5871	0.9678	0.5623
1211	0.5653	0.3843	1.0462	0.5844	0.9546	0.5626
1212	0.5655	0.3836	1.0484	0.5864	0.9557	0.5624
1213	0.5652	0.3842	1.047	0.5847	0.9533	0.5618
1214	0.5722	0.3909	1.0538	0.5964	0.9632	0.5692
1215	0.566	0.3831	1.0563	0.5888	0.9656	0.5624
1216	0.5689	0.3898	1.0501	0.5863	0.9588	0.5666
1217	0.5694	0.3872	1.0563	0.5934	0.9678	0.5675
1218	0.5707	0.3884	1.0559	0.5943	0.9677	0.5694
1219	0.5669	0.3871	1.054	0.5873	0.9616	0.5668
1220	0.5659	0.3854	1.055	0.5876	0.9655	0.5663
1221	0.5659	0.384	1.0577	0.5888	0.9692	0.565
1222	0.5655	0.3843	1.0631	0.588	0.9706	0.5639
1223	0.5634	0.3822	1.0574	0.5833	0.9632	0.5609
1224	0.5652	0.3828	1.0653	0.5887	0.9723	0.5621
1225	0.5644	0.383	1.0588	0.5872	0.9668	0.562
1226	0.5661	0.3856	1.0539	0.5859	0.9631	0.5645
1227	0.5666	0.3846	1.0552	0.5892	0.9644	0.5653
1228	0.5685	0.3855	1.0634	0.5905	0.9722	0.5654
1229	0.5651	0.3854	1.0494	0.5832	0.9563	0.5633
1230	0.5648	0.3832	1.0529	0.588	0.9621	0.5645
1231	0.5638	0.3823	1.0558	0.5876	0.9645	0.563
1232	0.5648	0.3846	1.0511	0.5848	0.9594	0.563
1233	0.5698	0.3871	1.0618	0.5949	0.9718	0.5659
1234	0.5642	0.3831	1.0523	0.587	0.9604	0.5612
1235	0.564	0.3831	1.0512	0.5853	0.9582	0.5613
1236	0.5663	0.386	1.0606	0.5891	0.9654	0.5644
1237	0.5637	0.3822	1.055	0.5869	0.9605	0.5622
1238	0.5702	0.3876	1.0656	0.5954	0.9739	0.5688
1239	0.5637	0.3819	1.0542	0.5864	0.9606	0.5631
1240	0.5654	0.3851	1.0554	0.5889	0.96	0.5649
1241	0.5639	0.3831	1.052	0.5885	0.9596	0.564
1242	0.5683	0.3866	1.0562	0.5932	0.9645	0.5668
1243	0.5641	0.3827	1.0511	0.5873	0.958	0.5629
1244	0.5633	0.3832	1.0531	0.5864	0.9589	0.564
1245	0.5639	0.3825	1.0601	0.5891	0.9655	0.5634
1246	0.5629	0.3826	1.0519	0.5864	0.9563	0.562
1247	0.5667	0.3847	1.0624	0.5931	0.9689	0.5648
1248	0.5627	0.3821	1.0504	0.5839	0.9556	0.5615
1249	0.5628	0.3823	1.0548	0.5853	0.9584	0.5616
1250	0.5617	0.3812	1.0528	0.5849	0.9572	0.5617
1251	0.5654	0.3847	1.0603	0.5892	0.9685	0.5662
1252	0.5687	0.3878	1.0547	0.5939	0.967	0.57
1253	0.5634	0.3833	1.0506	0.5842	0.9596	0.5637
1254	0.5635	0.3834	1.054	0.5844	0.9601	0.5631
1255	0.5634	0.3818	1.058	0.5889	0.9642	0.5624
1256	0.5641	0.3827	1.0466	0.5876	0.9548	0.5626
1257	0.564	0.382	1.0531	0.5886	0.9619	0.5632
1258	0.5665	0.3871	1.052	0.5851	0.9595	0.5653
1259	0.5628	0.3813	1.0512	0.5863	0.9586	0.562
1260	0.5621	0.3811	1.044	0.5846	0.9521	0.5616
1261	0.5649	0.3831	1.052	0.5893	0.9609	0.5631
1262	0.5644	0.3849	1.0518	0.5838	0.9592	0.5635
1263	0.5636	0.3827	1.0612	0.5873	0.9684	0.5626
1264	0.566	0.3848	1.0559	0.5911	0.9658	0.5664
1265	0.5624	0.3814	1.0513	0.5856	0.9589	0.5619
1266	0.567	0.3884	1.0486	0.5864	0.9558	0.567
1267	0.5627	0.3809	1.0542	0.5881	0.9608	0.5619
1268	0.5676	0.3847	1.0687	0.5948	0.9745	0.5637
1269	0.5625	0.3822	1.0517	0.5868	0.9579	0.5618
1270	0.5638	0.3818	1.058	0.5891	0.965	0.5624
1271	0.5621	0.3805	1.0568	0.5855	0.963	0.5611
1272	0.5624	0.3814	1.0558	0.5878	0.9633	0.5618
1273	0.5634	0.3826	1.0604	0.5881	0.9695	0.5632
1274	0.5618	0.3813	1.0495	0.584	0.9609	0.5623
1275	0.5627	0.3814	1.0599	0.5888	0.9683	0.5627
1276	0.5653	0.3842	1.0599	0.5929	0.9693	0.5654
1277	0.5619	0.3824	1.0567	0.5851	0.9643	0.5621
1278	0.5611	0.381	1.0502	0.5823	0.958	0.5608
1279	0.5618	0.3802	1.0602	0.5873	0.967	0.5618
1280	0.5622	0.3807	1.0628	0.5883	0.9696	0.5629
1281	0.5616	0.381	1.0623	0.5877	0.9697	0.5634
1282	0.5626	0.3822	1.0485	0.5871	0.9574	0.5632
1283	0.565	0.3828	1.0593	0.5917	0.9681	0.5643
1284	0.5653	0.3862	1.0581	0.5868	0.962	0.5649
1285	0.5605	0.3794	1.0589	0.5856	0.9626	0.5597
1286	0.5606	0.3798	1.0582	0.5864	0.962	0.5605
1287	0.5613	0.3797	1.0621	0.5859	0.9664	0.56
1288	0.5603	0.3798	1.0543	0.5842	0.9593	0.5602
1289	0.563	0.3823	1.0558	0.5875	0.9624	0.5622
1290	0.5611	0.3799	1.0548	0.584	0.9583	0.5584
1291	0.5613	0.3816	1.0534	0.5841	0.9542	0.5592
1292	0.564	0.3829	1.067	0.5936	0.969	0.5615
1293	0.5621	0.3812	1.0585	0.5887	0.9639	0.5623
1294	0.5624	0.3813	1.0658	0.5887	0.9702	0.5625
1295	0.5619	0.3825	1.0548	0.5838	0.9586	0.5621
1296	0.5674	0.3866	1.0597	0.5948	0.9661	0.5677
1297	0.5658	0.385	1.0595	0.5925	0.9658	0.5659
1298	0.5622	0.3805	1.0613	0.5874	0.9663	0.5617
1299	0.5627	0.3833	1.0493	0.5831	0.9543	0.5621
1300	0.5639	0.382	1.0585	0.5892	0.9644	0.5624
1301	0.5615	0.3809	1.0477	0.5865	0.9564	0.5627
1302	0.5619	0.3807	1.0599	0.5889	0.9679	0.5627
1303	0.5599	0.379	1.0496	0.5855	0.9598	0.5616
1304	0.5631	0.3844	1.0585	0.5878	0.9671	0.5654
1305	0.5596	0.3799	1.0488	0.5826	0.958	0.56
1306	0.5633	0.383	1.0534	0.5919	0.9635	0.5647
1307	0.5613	0.3808	1.0596	0.5894	0.9691	0.5643
1308	0.5612	0.381	1.0518	0.5889	0.9632	0.5656
1309	0.5595	0.3786	1.0539	0.5854	0.961	0.5613
1310	0.5597	0.3787	1.0578	0.5847	0.966	0.5609
1311	0.5603	0.3799	1.0564	0.5866	0.9669	0.5635
1312	0.5607	0.3805	1.0586	0.5879	0.9671	0.563
1313	0.56	0.3809	1.0527	0.5833	0.9589	0.5614
1314	0.5596	0.3792	1.0592	0.5866	0.9649	0.5608
1315	0.5625	0.3812	1.0656	0.5914	0.9711	0.5629
1316	0.561	0.3802	1.0568	0.5879	0.9637	0.5624
1317	0.5648	0.3833	1.0677	0.5945	0.9751	0.5642
1318	0.5612	0.381	1.0551	0.5862	0.9587	0.5609
1319	0.5607	0.3794	1.0628	0.5869	0.9667	0.5601
1320	0.5606	0.3813	1.0563	0.5841	0.9618	0.5618
1321	0.56	0.378	1.0615	0.5854	0.9683	0.5605
1322	0.5636	0.3819	1.0644	0.5918	0.9727	0.5654
1323	0.5606	0.3817	1.052	0.5851	0.9596	0.5638
1324	0.5644	0.387	1.056	0.5872	0.9632	0.5683
1325	0.5609	0.3805	1.0572	0.5896	0.9647	0.5653
1326	0.5611	0.3813	1.0628	0.5905	0.9649	0.5631
1327	0.5581	0.3786	1.0544	0.5844	0.9559	0.5599
1328	0.5587	0.3788	1.0549	0.5868	0.9594	0.5615
1329	0.5615	0.3833	1.0549	0.5877	0.9618	0.5667
1330	0.5631	0.3825	1.0695	0.5931	0.9775	0.5671
1331	0.5616	0.3819	1.0541	0.5897	0.9623	0.5671
1332	0.56	0.38	1.0614	0.5891	0.9665	0.5633
1333	0.5593	0.3795	1.0516	0.5867	0.9566	0.5621
1334	0.5599	0.3799	1.064	0.5908	0.966	0.5623
1335	0.5581	0.3797	1.0515	0.5844	0.9531	0.5613
1336	0.5585	0.3789	1.0508	0.5862	0.9562	0.5628
1337	0.5634	0.3826	1.0563	0.5928	0.9634	0.5669
1338	0.5604	0.3792	1.0612	0.5897	0.9636	0.5624
1339	0.5602	0.3819	1.0542	0.5857	0.955	0.5624
1340	0.5623	0.385	1.0531	0.586	0.955	0.5651
1341	0.5596	0.3786	1.0588	0.5886	0.9639	0.5622
1342	0.5588	0.3787	1.0514	0.5877	0.9561	0.5628
1343	0.5592	0.3791	1.0643	0.5884	0.9646	0.563
1344	0.5587	0.3779	1.064	0.5871	0.9661	0.5627
1345	0.563	0.3824	1.0698	0.5936	0.973	0.5672
1346	0.5596	0.3811	1.0606	0.5859	0.964	0.5654
1347	0.5576	0.3784	1.0552	0.5852	0.959	0.5616
1348	0.5575	0.3774	1.062	0.5854	0.9654	0.5604
1349	0.5618	0.3816	1.0645	0.5908	0.9714	0.565
1350	0.5631	0.3824	1.0636	0.5914	0.9711	0.5665
1351	0.5602	0.3801	1.0536	0.5875	0.9611	0.5649
1352	0.5582	0.378	1.0562	0.5862	0.964	0.5627
1353	0.5604	0.3822	1.055	0.585	0.9588	0.5645
1354	0.5623	0.385	1.0598	0.5873	0.9575	0.565
1355	0.5586	0.3787	1.0562	0.5873	0.9574	0.561
1356	0.5647	0.3845	1.0687	0.5964	0.9718	0.5674
1357	0.567	0.3894	1.0566	0.5979	0.9642	0.5726
1358	0.5652	0.3882	1.0586	0.5931	0.9634	0.5695
1359	0.562	0.3849	1.0549	0.5856	0.9604	0.5644
1360	0.561	0.3803	1.0656	0.5918	0.9729	0.5633
1361	0.563	0.384	1.0532	0.5915	0.9595	0.5665
1362	0.563	0.3859	1.0597	0.5897	0.9607	0.5677
1363	0.5628	0.3849	1.0603	0.586	0.966	0.5675
1364	0.5575	0.3772	1.0629	0.586	0.9691	0.5615
1365	0.558	0.3775	1.0582	0.5864	0.9622	0.5608
1366	0.5569	0.3768	1.0561	0.585	0.9595	0.5596
1367	0.5579	0.3776	1.0621	0.5855	0.9663	0.5613
1368	0.5568	0.3774	1.0511	0.5835	0.9568	0.5608
1369	0.5569	0.3784	1.0517	0.582	0.9558	0.5606
1370	0.5567	0.3772	1.0614	0.5852	0.9649	0.5603
1371	0.5574	0.3773	1.0615	0.5871	0.9676	0.5619
1372	0.5565	0.3774	1.0564	0.5852	0.9633	0.5623
1373	0.5573	0.3776	1.0594	0.5852	0.9664	0.5621
1374	0.5566	0.3774	1.0591	0.5833	0.9631	0.5609
1375	0.561	0.381	1.0678	0.5922	0.9738	0.5656
1376	0.557	0.3775	1.0622	0.5875	0.9691	0.5635
1377	0.5582	0.3803	1.0569	0.5874	0.9632	0.5658
1378	0.5566	0.3782	1.0488	0.5848	0.955	0.563
1379	0.5577	0.3785	1.0605	0.5868	0.9658	0.5636
1380	0.5588	0.3788	1.06	0.5886	0.9658	0.5625
1381	0.5617	0.382	1.0604	0.5916	0.967	0.5649
1382	0.5568	0.3781	1.0603	0.5836	0.9638	0.5598
1383	0.5566	0.3766	1.0637	0.5857	0.9689	0.5608
1384	0.5636	0.3845	1.0557	0.593	0.964	0.57
1385	0.559	0.3784	1.0586	0.5883	0.9653	0.5644
1386	0.5568	0.3781	1.057	0.5828	0.9607	0.5628
1387	0.5582	0.3798	1.0663	0.5857	0.9707	0.5649
1388	0.5594	0.3797	1.0603	0.5888	0.9677	0.5659
1389	0.557	0.3771	1.0644	0.5865	0.9707	0.5631
1390	0.5569	0.3782	1.0572	0.5842	0.9664	0.5641
1391	0.5579	0.3777	1.0659	0.589	0.9739	0.5637
1392	0.5596	0.3791	1.0643	0.5902	0.9721	0.5652
1393	0.5558	0.3764	1.0565	0.5823	0.9592	0.5602
1394	0.558	0.3781	1.0623	0.5876	0.9676	0.5625
1395	0.5564	0.378	1.0558	0.5835	0.9613	0.5619
1396	0.5585	0.3799	1.0654	0.5878	0.9685	0.5633
1397	0.5563	0.3765	1.0619	0.5851	0.9656	0.5604
1398	0.5554	0.3758	1.0537	0.5824	0.9601	0.5602
1399	0.5562	0.3764	1.057	0.5849	0.9646	0.561
1400	0.555	0.3756	1.0545	0.5824	0.9612	0.5596
1401	0.5547	0.3742	1.0558	0.5835	0.9632	0.5592
1402	0.5563	0.376	1.0526	0.5853	0.9618	0.5606
1403	0.5572	0.3772	1.0498	0.5863	0.9603	0.563
1404	0.5557	0.3765	1.0536	0.5851	0.9622	0.562
1405	0.5545	0.3759	1.0545	0.5819	0.959	0.5601
1406	0.5543	0.3756	1.055	0.5811	0.9554	0.5585
1407	0.557	0.3789	1.0563	0.5845	0.9588	0.5617
1408	0.5573	0.3774	1.0588	0.5891	0.9654	0.5626
1409	0.5557	0.3753	1.0575	0.5856	0.9656	0.5603
1410	0.5546	0.3759	1.0488	0.5804	0.956	0.5593
1411	0.5562	0.3759	1.0568	0.586	0.9645	0.561
1412	0.5564	0.3761	1.0582	0.5872	0.9659	0.5607
1413	0.554	0.3757	1.0505	0.5844	0.9576	0.5603
1414	0.5549	0.3759	1.0575	0.5874	0.964	0.5612
1415	0.5563	0.3768	1.056	0.5878	0.9666	0.5634
1416	0.5571	0.3797	1.0551	0.585	0.9639	0.5646
1417	0.5544	0.3757	1.0542	0.5854	0.9621	0.5612
1418	0.5545	0.3751	1.057	0.5852	0.9643	0.5603
1419	0.5547	0.376	1.0537	0.5845	0.962	0.5611
1420	0.5541	0.375	1.0478	0.582	0.9574	0.5603
1421	0.555	0.3749	1.0539	0.5843	0.9608	0.5601
1422	0.5546	0.3756	1.0604	0.5854	0.9651	0.5608
1423	0.5538	0.3751	1.0571	0.5839	0.963	0.5605
1424	0.5538	0.376	1.0522	0.582	0.9576	0.5604
1425	0.5547	0.3754	1.0626	0.5851	0.9677	0.5612
1426	0.5561	0.3766	1.0625	0.591	0.9679	0.5622
1427	0.5609	0.3828	1.058	0.5954	0.9654	0.5669
1428	0.5536	0.3748	1.0529	0.5843	0.9594	0.5594
1429	0.5559	0.3779	1.0567	0.5863	0.9634	0.5629
1430	0.5548	0.3764	1.0475	0.5846	0.9558	0.5625
1431	0.5563	0.3769	1.0596	0.59	0.9659	0.5629
1432	0.5542	0.3759	1.0562	0.5874	0.9591	0.5604
1433	0.5553	0.3753	1.0639	0.5892	0.9671	0.5611
1434	0.5535	0.3751	1.053	0.5862	0.9592	0.5629
1435	0.5545	0.3766	1.0585	0.5871	0.9666	0.5648
1436	0.5569	0.3787	1.0641	0.588	0.9703	0.5664
1437	0.5538	0.376	1.0561	0.5841	0.9605	0.5616
1438	0.5574	0.3785	1.0608	0.5921	0.966	0.5647
1439	0.5566	0.3772	1.0588	0.59	0.966	0.5635
1440	0.5552	0.3764	1.0638	0.5874	0.9705	0.5628
1441	0.5548	0.3778	1.0531	0.5832	0.9595	0.5638
1442	0.5541	0.3768	1.0572	0.5853	0.9609	0.5633
1443	0.5538	0.3753	1.0517	0.5851	0.9571	0.562
1444	0.5619	0.3829	1.0619	0.5961	0.9686	0.568
1445	0.5521	0.3741	1.0548	0.5831	0.9568	0.5602
1446	0.5551	0.3785	1.0568	0.5862	0.957	0.5641
1447	0.5519	0.3737	1.0566	0.5858	0.9606	0.5614
1448	0.5561	0.3771	1.0589	0.5918	0.9666	0.5656
1449	0.553	0.3743	1.054	0.5864	0.9597	0.5622
1450	0.553	0.375	1.0555	0.5865	0.9633	0.5636
1451	0.5545	0.3756	1.0674	0.5871	0.9748	0.5635
1452	0.5532	0.3754	1.0593	0.5841	0.9673	0.5628
1453	0.553	0.3746	1.0559	0.585	0.9641	0.5624
1454	0.5533	0.3759	1.0567	0.5831	0.9651	0.5633
1455	0.5532	0.375	1.0643	0.5858	0.969	0.5618
1456	0.5563	0.3796	1.0564	0.5896	0.9583	0.5626
1457	0.557	0.3787	1.0609	0.5924	0.966	0.565
1458	0.5539	0.3748	1.0545	0.585	0.966	0.5639
1459	0.5542	0.3769	1.0465	0.5822	0.957	0.5633
1460	0.5538	0.3756	1.0547	0.5852	0.9638	0.5621
1461	0.5529	0.374	1.0617	0.5856	0.9693	0.5606
1462	0.5538	0.3755	1.0548	0.5887	0.9623	0.5624
1463	0.5542	0.376	1.0565	0.5901	0.9654	0.5635
1464	0.5525	0.3753	1.0526	0.586	0.9616	0.5642
1465	0.553	0.3751	1.0597	0.586	0.9664	0.5635
1466	0.5518	0.3739	1.0523	0.5819	0.9594	0.5617
1467	0.5554	0.3768	1.0589	0.5909	0.9669	0.566
1468	0.5592	0.3823	1.0568	0.5965	0.9644	0.5707
1469	0.5522	0.3741	1.0618	0.5867	0.9643	0.5605
1470	0.5531	0.3754	1.0541	0.5824	0.9574	0.5595
1471	0.5525	0.3749	1.0488	0.586	0.9558	0.5606
1472	0.5526	0.3759	1.047	0.5846	0.9518	0.5614
1473	0.559	0.3832	1.0537	0.5853	0.9558	0.5649
1474	0.5546	0.3755	1.0641	0.59	0.9666	0.5605
1475	0.5622	0.3847	1.0617	0.5989	0.9685	0.5702
1476	0.5549	0.3781	1.0564	0.5875	0.9613	0.5626
1477	0.553	0.376	1.0488	0.583	0.9551	0.5607
1478	0.552	0.3748	1.0508	0.5831	0.9558	0.5589
1479	0.5527	0.375	1.0536	0.5825	0.9597	0.5593
1480	0.5523	0.375	1.0445	0.5791	0.9513	0.558
1481	0.5552	0.3762	1.0585	0.589	0.9677	0.5627
1482	0.5518	0.3742	1.0489	0.5818	0.9566	0.5598
1483	0.5523	0.3753	1.0559	0.5856	0.9627	0.5628
1484	0.5519	0.3751	1.0512	0.5847	0.9584	0.5616
1485	0.5551	0.3775	1.0622	0.5888	0.9679	0.5648
1486	0.5506	0.3728	1.0492	0.583	0.9537	0.5587
1487	0.5525	0.3737	1.06	0.5865	0.9653	0.5607
1488	0.5594	0.3847	1.0545	0.5834	0.9587	0.5672
1489	0.5512	0.3733	1.053	0.5819	0.9614	0.5608
1490	0.5523	0.3741	1.0512	0.5833	0.9627	0.5629
1491	0.5537	0.3748	1.0587	0.5863	0.9669	0.5632
1492	0.5501	0.3717	1.0554	0.5814	0.9599	0.5591
1493	0.551	0.3721	1.0624	0.5859	0.9637	0.56
1494	0.5523	0.3743	1.0652	0.5863	0.9663	0.5618
1495	0.5549	0.3759	1.0641	0.5905	0.9688	0.5627
1496	0.5514	0.3741	1.0512	0.58	0.9579	0.5598
1497	0.5526	0.375	1.0553	0.5829	0.963	0.561
1498	0.5527	0.374	1.0543	0.5854	0.9614	0.5624
1499	0.5541	0.3743	1.0643	0.5882	0.9675	0.5605
