epoch:	train_RMSD:	train_MAE:	val_RMSD:	val_MAE:	test_RMSD:	test_MAE:
0	6.2999	5.6691	6.4547	5.8522	6.4243	5.8014
1	4.4906	3.6911	4.6325	3.8569	4.5703	3.79
2	4.3854	3.5019	4.352	3.4478	4.2814	3.452
3	3.4819	2.782	3.556	2.8567	3.4896	2.8143
4	3.2447	2.6156	3.3114	2.6816	3.2456	2.6616
5	3.0721	2.48	3.0935	2.4856	3.0158	2.4827
6	3.0418	2.4891	3.081	2.5027	2.994	2.498
7	2.9984	2.4456	3.0346	2.4579	2.9472	2.4526
8	2.9147	2.3427	2.9355	2.3451	2.849	2.3403
9	2.7556	2.1966	2.7766	2.2035	2.6936	2.2057
10	2.5439	1.9904	2.5545	1.9864	2.4815	1.987
11	2.4191	1.8298	2.4089	1.8055	2.3542	1.8051
12	2.3861	1.804	2.3731	1.7834	2.3354	1.7792
13	2.3741	1.7895	2.356	1.7635	2.3237	1.7631
14	2.3625	1.7749	2.3425	1.7486	2.3048	1.7459
15	2.3502	1.7853	2.339	1.7656	2.2938	1.7604
16	2.342	1.7875	2.339	1.7718	2.289	1.7657
17	2.3294	1.7742	2.3301	1.7603	2.275	1.7534
18	2.3293	1.722	2.3108	1.6983	2.2578	1.6961
19	2.2975	1.7279	2.292	1.7109	2.2348	1.7075
20	2.2879	1.7508	2.2976	1.7428	2.2361	1.7376
21	2.2635	1.7216	2.2757	1.7144	2.2089	1.7121
22	2.2421	1.6757	2.2512	1.6649	2.179	1.6627
23	2.2225	1.6504	2.2373	1.6415	2.1576	1.6369
24	2.1836	1.6318	2.2068	1.6318	2.1223	1.6242
25	2.146	1.5906	2.171	1.5899	2.0817	1.5776
26	2.1021	1.5454	2.1267	1.5414	2.0339	1.5258
27	2.0545	1.5263	2.0821	1.5295	1.99	1.5089
28	2.0124	1.4911	2.0249	1.4808	1.9448	1.465
29	1.9746	1.4506	1.9684	1.4235	1.9029	1.4194
30	1.9717	1.4429	1.9583	1.4159	1.8979	1.4172
31	1.9167	1.3953	1.8838	1.3546	1.8484	1.3707
32	1.8947	1.4213	1.8757	1.4055	1.8412	1.3953
33	1.8602	1.4055	1.8504	1.3888	1.8114	1.3866
34	1.8404	1.3522	1.7945	1.2992	1.7826	1.3298
35	1.7827	1.3415	1.761	1.3199	1.743	1.3246
36	1.7394	1.2873	1.7063	1.243	1.6857	1.2638
37	1.6943	1.266	1.6681	1.2279	1.6557	1.2453
38	1.6721	1.2485	1.6548	1.2136	1.6312	1.2266
39	1.6369	1.2294	1.6254	1.2012	1.6087	1.2148
40	1.654	1.2264	1.6328	1.1734	1.6087	1.2052
41	1.6035	1.2017	1.5951	1.1732	1.573	1.1873
42	1.6502	1.2553	1.6384	1.2404	1.6365	1.2445
43	1.7033	1.317	1.7116	1.324	1.7065	1.317
44	1.5566	1.1578	1.5574	1.1315	1.5285	1.146
45	1.5576	1.1702	1.5578	1.1513	1.5374	1.1611
46	1.5369	1.1374	1.5389	1.1116	1.5112	1.1285
47	1.5318	1.1528	1.5344	1.1331	1.522	1.149
48	1.5069	1.1247	1.5179	1.1071	1.4898	1.1191
49	1.4911	1.1095	1.5088	1.0944	1.4764	1.1038
50	1.4891	1.1125	1.5044	1.0983	1.4808	1.1112
51	1.4821	1.1095	1.505	1.1026	1.4751	1.1087
52	1.532	1.1288	1.5511	1.1104	1.5008	1.1248
53	1.4886	1.0962	1.5093	1.083	1.4686	1.0943
54	1.5474	1.1779	1.574	1.1848	1.5572	1.1835
55	1.4594	1.0889	1.4926	1.0889	1.4557	1.0903
56	1.447	1.0662	1.4833	1.0639	1.43	1.0637
57	1.4517	1.0857	1.4899	1.0927	1.4529	1.089
58	1.4284	1.0554	1.4733	1.0575	1.4211	1.0556
59	1.4636	1.0958	1.4991	1.0978	1.4657	1.0988
60	1.4263	1.0578	1.4728	1.0655	1.4295	1.0625
61	1.4136	1.0376	1.4682	1.0461	1.4078	1.0402
62	1.4219	1.0503	1.4695	1.0565	1.4214	1.0546
63	1.4334	1.068	1.4901	1.0898	1.4387	1.0735
64	1.423	1.0415	1.4787	1.0474	1.4078	1.0427
65	1.4599	1.0984	1.5087	1.1145	1.4772	1.1107
66	1.3981	1.0246	1.4564	1.0373	1.3976	1.0304
67	1.4276	1.0441	1.4786	1.0486	1.415	1.0471
68	1.4049	1.0401	1.4624	1.0563	1.4165	1.0507
69	1.3868	1.017	1.4454	1.0305	1.3898	1.0241
70	1.402	1.0227	1.4605	1.0326	1.3965	1.0271
71	1.3757	1.0055	1.4381	1.0214	1.3782	1.0135
72	1.3995	1.0403	1.4655	1.0638	1.4188	1.0553
73	1.3666	0.9973	1.4315	1.0139	1.3704	1.0041
74	1.362	0.996	1.43	1.0182	1.373	1.0051
75	1.3931	1.0351	1.4626	1.0629	1.4158	1.0495
76	1.3909	1.0122	1.4518	1.024	1.3862	1.017
77	1.359	0.9953	1.4305	1.0153	1.3794	1.0067
78	1.3623	1.0036	1.4337	1.0319	1.3869	1.0191
79	1.3617	0.9875	1.4318	1.0034	1.365	0.994
80	1.3891	1.0336	1.4582	1.0637	1.4136	1.0492
81	1.3447	0.9751	1.4202	0.9965	1.3576	0.9848
82	1.3366	0.9712	1.4097	0.9928	1.3546	0.9822
83	1.3323	0.9698	1.4118	0.9978	1.3561	0.9855
84	1.3776	1.0023	1.4446	1.0147	1.3785	1.0099
85	1.3476	0.9922	1.4196	1.0216	1.3767	1.0083
86	1.3283	0.9658	1.4064	0.9902	1.3558	0.9845
87	1.3488	0.9797	1.4146	0.9934	1.3555	0.9883
88	1.3247	0.9622	1.3995	0.9893	1.3515	0.9815
89	1.3278	0.9724	1.4046	1.0036	1.3624	0.9914
90	1.3224	0.961	1.4043	0.9864	1.3417	0.9693
91	1.3434	0.9908	1.4219	1.0282	1.3826	1.0154
92	1.3431	0.9772	1.4176	0.9963	1.3562	0.9867
93	1.3182	0.9641	1.3985	0.9961	1.3576	0.9856
94	1.3173	0.9608	1.3955	0.993	1.3529	0.9818
95	1.3319	0.9606	1.4089	0.986	1.3405	0.969
96	1.3064	0.9517	1.3869	0.9834	1.3456	0.9717
97	1.3086	0.955	1.3904	0.9898	1.3466	0.9775
98	1.2912	0.9348	1.3723	0.9671	1.3261	0.9541
99	1.3085	0.9466	1.3862	0.9737	1.3263	0.957
100	1.2934	0.938	1.3818	0.9717	1.3358	0.9598
101	1.2862	0.9297	1.3645	0.9595	1.318	0.946
102	1.3158	0.9633	1.3967	0.993	1.3593	0.9845
103	1.2838	0.9244	1.3653	0.9519	1.314	0.9386
104	1.2828	0.9249	1.3644	0.9555	1.3178	0.9455
105	1.2795	0.9267	1.3681	0.9652	1.3234	0.9488
106	1.2699	0.9162	1.3539	0.9515	1.3077	0.9362
107	1.2696	0.9111	1.3618	0.9463	1.309	0.93
108	1.2708	0.9181	1.3581	0.9551	1.3098	0.9388
109	1.2639	0.9126	1.353	0.9527	1.31	0.9365
110	1.2559	0.9032	1.347	0.9382	1.3028	0.9235
111	1.2539	0.9018	1.3423	0.9436	1.2961	0.9241
112	1.2503	0.8971	1.3457	0.9371	1.2958	0.9213
113	1.2648	0.9193	1.3511	0.9567	1.319	0.946
114	1.2499	0.9004	1.3421	0.9457	1.295	0.9268
115	1.2551	0.9093	1.3527	0.9538	1.3134	0.9409
116	1.2545	0.9047	1.3452	0.9446	1.2896	0.9232
117	1.2744	0.9324	1.3664	0.9752	1.3369	0.9634
118	1.236	0.8838	1.3262	0.9243	1.273	0.9046
119	1.2275	0.8777	1.3251	0.9186	1.2766	0.9013
120	1.2276	0.8824	1.3218	0.9248	1.2821	0.91
121	1.3288	0.9932	1.4129	1.0376	1.3908	1.0229
122	1.2244	0.8774	1.3162	0.92	1.2693	0.9027
123	1.2217	0.8776	1.3189	0.9162	1.2772	0.8994
124	1.2463	0.9051	1.3415	0.9511	1.3038	0.933
125	1.2218	0.8771	1.3133	0.918	1.2574	0.8945
126	1.2339	0.8981	1.3346	0.9469	1.296	0.9302
127	1.2013	0.8625	1.2996	0.9104	1.253	0.8881
128	1.2088	0.8647	1.3053	0.9036	1.2539	0.8858
129	1.1907	0.8526	1.2951	0.9012	1.2447	0.8792
130	1.2004	0.8701	1.3094	0.9197	1.2577	0.8957
131	1.1834	0.8507	1.2923	0.8979	1.241	0.877
132	1.185	0.8474	1.2845	0.8936	1.2325	0.8732
133	1.1734	0.8386	1.2823	0.8853	1.2319	0.867
134	1.181	0.8543	1.2871	0.9002	1.2272	0.8761
135	1.2708	0.9471	1.3641	0.989	1.3372	0.9767
136	1.2016	0.8634	1.3037	0.9047	1.248	0.8868
137	1.2328	0.9091	1.3285	0.9437	1.2688	0.9226
138	1.1886	0.8631	1.2921	0.9062	1.2543	0.8938
139	1.171	0.8425	1.2716	0.8862	1.2285	0.871
140	1.147	0.8246	1.2611	0.8707	1.2107	0.8519
141	1.1564	0.8389	1.2639	0.8824	1.2156	0.8625
142	1.1431	0.8202	1.2587	0.866	1.2141	0.8535
143	1.1377	0.8182	1.2509	0.864	1.2058	0.85
144	1.1366	0.821	1.2496	0.8669	1.1899	0.8468
145	1.1366	0.823	1.259	0.8676	1.2149	0.8547
146	1.1265	0.8067	1.2428	0.85	1.1815	0.8341
147	1.1168	0.7998	1.2381	0.848	1.1844	0.831
148	1.1247	0.8157	1.2474	0.8614	1.2026	0.8466
149	1.107	0.7973	1.2304	0.8425	1.1813	0.8281
150	1.1071	0.7976	1.2276	0.8419	1.1862	0.8328
151	1.0999	0.7878	1.2276	0.8357	1.1768	0.8235
152	1.0929	0.7884	1.2195	0.837	1.1711	0.8245
153	1.0949	0.7854	1.2169	0.8318	1.1708	0.8227
154	1.0886	0.7848	1.2179	0.8267	1.1696	0.8198
155	1.1091	0.8066	1.2333	0.8532	1.1757	0.8353
156	1.1448	0.8474	1.2604	0.8947	1.2289	0.8845
157	1.0818	0.778	1.2128	0.823	1.1585	0.8119
158	1.0796	0.7795	1.2079	0.8255	1.1646	0.8157
159	1.0732	0.768	1.2014	0.8135	1.1593	0.8067
160	1.0999	0.8005	1.2239	0.8518	1.1886	0.8442
161	1.0675	0.7709	1.1978	0.8161	1.1536	0.8071
162	1.1072	0.8086	1.2369	0.8546	1.1852	0.8372
163	1.1508	0.859	1.2719	0.9125	1.2401	0.9011
164	1.0996	0.7991	1.222	0.8406	1.1659	0.827
165	1.0608	0.7624	1.1926	0.8053	1.1454	0.8023
166	1.1353	0.8433	1.2566	0.8876	1.2309	0.8897
167	1.0979	0.7934	1.2237	0.8336	1.1645	0.8229
168	1.0811	0.7877	1.213	0.8369	1.1768	0.8308
169	1.0735	0.7781	1.2035	0.8246	1.1706	0.8227
170	1.053	0.7507	1.1926	0.7989	1.1429	0.7905
171	1.0548	0.762	1.1911	0.8111	1.159	0.8074
172	1.0529	0.7578	1.1938	0.8011	1.1443	0.7939
173	1.043	0.7501	1.1798	0.7999	1.1418	0.7948
174	1.0556	0.7625	1.1927	0.8076	1.1395	0.7949
175	1.0835	0.7925	1.22	0.8372	1.1906	0.8405
176	1.0327	0.7425	1.1729	0.7909	1.1309	0.7866
177	1.039	0.7385	1.1848	0.787	1.1315	0.779
178	1.0297	0.7411	1.1729	0.7935	1.1354	0.7886
179	1.0465	0.748	1.1919	0.7881	1.1455	0.7898
180	1.0416	0.753	1.1753	0.8016	1.1444	0.7991
181	1.0239	0.7286	1.1706	0.7751	1.1232	0.7701
182	1.0277	0.7384	1.1708	0.793	1.1351	0.7879
183	1.0371	0.7493	1.1913	0.7984	1.1393	0.7873
184	1.0561	0.7726	1.1939	0.8253	1.1717	0.8247
185	1.0122	0.7184	1.157	0.7694	1.1073	0.7584
186	1.016	0.7279	1.1697	0.7782	1.1387	0.7817
187	1.0033	0.7145	1.1621	0.7664	1.1211	0.7622
188	1.0032	0.7135	1.1513	0.7585	1.1067	0.7561
189	0.9963	0.7113	1.1541	0.7637	1.1167	0.7632
190	1.0605	0.7753	1.2214	0.8292	1.1596	0.8138
191	1.0175	0.7367	1.1602	0.7902	1.1257	0.7837
192	1.0663	0.7814	1.2163	0.8235	1.1888	0.8285
193	1.0537	0.7653	1.1954	0.8075	1.1446	0.8001
194	1.0021	0.7146	1.1547	0.7676	1.1144	0.7625
195	0.998	0.7146	1.1633	0.7667	1.1228	0.7638
196	0.9951	0.7124	1.1624	0.7685	1.1092	0.7588
197	0.9846	0.7009	1.1472	0.7559	1.1105	0.7542
198	0.9919	0.7014	1.1434	0.7497	1.0949	0.7442
199	0.9839	0.7005	1.1464	0.7548	1.1097	0.7559
200	0.9789	0.6987	1.1502	0.7576	1.0947	0.7412
201	0.9739	0.6921	1.141	0.7486	1.1045	0.7452
202	0.9836	0.6965	1.1502	0.7464	1.0985	0.7404
203	0.9729	0.6932	1.1405	0.7543	1.0949	0.7445
204	0.9642	0.6824	1.1448	0.7382	1.0928	0.7345
205	0.9758	0.696	1.1393	0.7553	1.098	0.7474
206	0.9633	0.68	1.1417	0.7374	1.0903	0.7322
207	0.9582	0.6806	1.1264	0.7388	1.08	0.7293
208	0.9551	0.6737	1.1371	0.7361	1.0873	0.7266
209	0.9812	0.6969	1.1356	0.7458	1.0914	0.7457
210	0.9677	0.6905	1.1362	0.7455	1.0973	0.7404
211	0.9721	0.6983	1.1413	0.7549	1.0879	0.7453
212	1.0161	0.7476	1.1839	0.8045	1.1515	0.807
213	0.9834	0.7041	1.1493	0.7516	1.0931	0.7499
214	1.0218	0.7557	1.1803	0.8115	1.1529	0.8128
215	0.9597	0.6804	1.1303	0.7319	1.0746	0.7239
216	0.9601	0.6834	1.1414	0.7402	1.0933	0.7318
217	0.9484	0.6735	1.1168	0.7241	1.0724	0.7209
218	0.944	0.6637	1.1248	0.7215	1.0748	0.7174
219	0.9668	0.6942	1.1327	0.7532	1.0927	0.7464
220	0.9781	0.7031	1.1532	0.755	1.1044	0.7571
221	0.9783	0.7035	1.1523	0.7604	1.1154	0.7591
222	0.9471	0.6717	1.1374	0.7296	1.0886	0.7278
223	0.9663	0.6956	1.1277	0.7522	1.093	0.7465
224	0.9443	0.6696	1.124	0.7241	1.0767	0.7245
225	0.9562	0.6845	1.1297	0.7447	1.0882	0.737
226	0.9298	0.6573	1.1216	0.7231	1.0733	0.7149
227	0.9305	0.6584	1.1206	0.7201	1.0674	0.7068
228	0.9286	0.6557	1.1025	0.7159	1.0587	0.7084
229	0.9313	0.6584	1.1199	0.7163	1.0679	0.7103
230	0.9441	0.6729	1.1221	0.7368	1.0789	0.7271
231	0.9524	0.6852	1.1413	0.7411	1.0895	0.7383
232	0.9264	0.6559	1.1089	0.7205	1.0597	0.7078
233	0.9253	0.6547	1.105	0.7188	1.0595	0.7074
234	0.9187	0.6501	1.1018	0.7089	1.0535	0.703
235	0.9514	0.6815	1.1456	0.74	1.102	0.7373
236	0.9206	0.6537	1.1098	0.716	1.0687	0.7105
237	0.9158	0.6489	1.1065	0.7124	1.0603	0.7034
238	0.9131	0.6436	1.0956	0.7074	1.0446	0.6964
239	0.9115	0.6436	1.1079	0.7095	1.0591	0.699
240	0.9132	0.6453	1.1044	0.7087	1.06	0.7042
241	0.921	0.6512	1.1322	0.7166	1.0803	0.7111
242	0.9401	0.6712	1.1156	0.7273	1.0629	0.7248
243	0.9238	0.6582	1.1032	0.7238	1.0608	0.7165
244	0.9106	0.6427	1.1113	0.7057	1.0498	0.6946
245	0.9573	0.6997	1.1278	0.7568	1.0931	0.7588
246	0.9117	0.6492	1.1229	0.7151	1.06	0.7038
247	0.9146	0.6488	1.1201	0.7183	1.0711	0.7067
248	0.9114	0.6486	1.1087	0.7137	1.0481	0.7019
249	0.9121	0.6497	1.0962	0.7127	1.0498	0.706
250	0.9014	0.6352	1.1045	0.7079	1.0472	0.6904
251	0.9051	0.6408	1.1127	0.716	1.0563	0.7012
252	0.8955	0.6316	1.1008	0.6993	1.0416	0.6891
253	0.898	0.6334	1.0903	0.6958	1.0384	0.6865
254	0.9427	0.6821	1.1398	0.7447	1.0979	0.7418
255	0.9107	0.647	1.0951	0.7088	1.0378	0.701
256	0.8931	0.6295	1.1088	0.6929	1.0538	0.6881
257	0.8918	0.6313	1.0943	0.6987	1.0433	0.6866
258	0.8921	0.6309	1.1095	0.7014	1.0479	0.6902
259	0.8922	0.6282	1.0938	0.6939	1.0439	0.6918
260	0.9394	0.6847	1.1319	0.7489	1.0915	0.7454
261	0.8923	0.6326	1.0997	0.6987	1.0415	0.6909
262	0.8897	0.6303	1.0935	0.6957	1.0402	0.688
263	0.91	0.653	1.113	0.7223	1.0669	0.7119
264	0.886	0.6287	1.103	0.6978	1.0467	0.6896
265	0.886	0.6261	1.0829	0.6945	1.0254	0.6845
266	0.8905	0.6284	1.116	0.6927	1.0575	0.6929
267	0.8794	0.6201	1.0884	0.6923	1.0256	0.6815
268	0.96	0.7037	1.1617	0.7556	1.0917	0.7586
269	0.9554	0.6907	1.1702	0.7538	1.1115	0.7472
270	0.8821	0.6218	1.099	0.6879	1.0403	0.6879
271	0.8823	0.6224	1.0902	0.6919	1.0296	0.6808
272	0.8944	0.6348	1.1013	0.6988	1.0458	0.698
273	0.8821	0.6229	1.0765	0.6834	1.0221	0.6801
274	0.8765	0.6175	1.1057	0.6847	1.0413	0.6817
275	0.8888	0.6323	1.103	0.7001	1.0394	0.6979
276	0.8911	0.6395	1.1209	0.709	1.0507	0.7019
277	0.8962	0.6387	1.1158	0.7058	1.0617	0.7013
278	0.8732	0.6191	1.0934	0.6863	1.0311	0.6774
279	0.9009	0.6506	1.11	0.7213	1.0573	0.7155
280	0.8846	0.6288	1.0979	0.6929	1.0375	0.6898
281	0.8715	0.6159	1.0824	0.687	1.0193	0.6798
282	0.8907	0.6365	1.1264	0.709	1.065	0.7022
283	0.8758	0.6251	1.109	0.6977	1.0414	0.6957
284	0.8808	0.6288	1.1043	0.6988	1.0467	0.6951
285	0.8683	0.6125	1.0987	0.6795	1.0301	0.6824
286	0.8627	0.609	1.0912	0.6837	1.0277	0.6773
287	0.8667	0.6109	1.098	0.6823	1.028	0.6769
288	0.8603	0.605	1.0932	0.6768	1.025	0.6714
289	0.8858	0.6338	1.118	0.7074	1.0596	0.6975
290	0.8988	0.6468	1.1209	0.7111	1.0486	0.7154
291	0.8933	0.6442	1.1207	0.715	1.0597	0.7042
292	0.8879	0.6324	1.0981	0.6925	1.0295	0.6968
293	0.8755	0.6259	1.1056	0.6966	1.0445	0.6893
294	0.87	0.6152	1.1026	0.6841	1.0398	0.6903
295	0.8708	0.6192	1.1095	0.6923	1.0407	0.6843
296	0.8549	0.605	1.0979	0.6781	1.0249	0.6725
297	0.8531	0.6024	1.091	0.679	1.0183	0.6702
298	0.8683	0.6204	1.1185	0.6974	1.0522	0.6922
299	0.8528	0.602	1.09	0.675	1.018	0.6723
300	0.8605	0.6097	1.1177	0.6864	1.0411	0.676
301	0.8547	0.6071	1.0895	0.6809	1.0127	0.6746
302	0.8642	0.6112	1.1112	0.6813	1.0369	0.6831
303	0.8575	0.6068	1.0718	0.6769	1.0038	0.6727
304	0.8636	0.6131	1.098	0.6867	1.0194	0.6762
305	0.8522	0.6019	1.0774	0.6733	1.0114	0.6715
306	0.8578	0.6102	1.1059	0.6847	1.0279	0.6759
307	0.8756	0.6299	1.1124	0.6997	1.0431	0.7007
308	0.8901	0.6361	1.1492	0.7151	1.0742	0.6998
309	0.8778	0.6316	1.0981	0.7002	1.0275	0.6996
310	0.8439	0.5949	1.0969	0.6721	1.0243	0.6638
311	0.9028	0.6539	1.109	0.7105	1.0403	0.7165
312	0.9209	0.6761	1.1616	0.751	1.0969	0.7382
313	0.8609	0.6154	1.1085	0.685	1.0297	0.6867
314	0.8523	0.6058	1.089	0.68	1.0221	0.6761
315	0.872	0.6202	1.0934	0.6846	1.0293	0.6863
316	0.842	0.595	1.0894	0.6726	1.0174	0.6659
317	0.8409	0.5926	1.099	0.6711	1.0289	0.6656
318	0.8434	0.5977	1.0892	0.6747	1.0179	0.6677
319	0.8379	0.5888	1.0984	0.6644	1.0221	0.6623
320	0.8416	0.5962	1.081	0.6733	1.0122	0.6673
321	0.8486	0.6027	1.1172	0.6856	1.0393	0.6758
322	0.836	0.5923	1.0852	0.6704	1.0107	0.6647
323	0.8559	0.6136	1.1186	0.6927	1.0458	0.6832
324	0.8616	0.6201	1.1067	0.689	1.0339	0.6915
325	0.8493	0.6061	1.1083	0.6835	1.0342	0.6761
326	0.8708	0.6253	1.1029	0.6965	1.024	0.692
327	0.9077	0.672	1.1372	0.7493	1.0791	0.743
328	0.8497	0.6057	1.0948	0.6762	1.0144	0.6765
329	0.8675	0.622	1.1274	0.7009	1.0567	0.6927
330	0.8423	0.5971	1.0814	0.6677	1.0016	0.6653
331	0.8399	0.5937	1.0749	0.6658	0.9939	0.6615
332	0.8466	0.6028	1.1111	0.6846	1.036	0.6753
333	0.8731	0.6349	1.1185	0.7068	1.0434	0.709
334	0.862	0.6223	1.1136	0.6994	1.0442	0.6903
335	0.8447	0.6031	1.0758	0.6718	1.009	0.6705
336	0.8412	0.5992	1.1065	0.6805	1.0331	0.6719
337	0.866	0.6238	1.1021	0.6941	1.0194	0.6928
338	0.843	0.5998	1.1121	0.6831	1.0358	0.6723
339	0.8488	0.61	1.1041	0.6922	1.0198	0.6846
340	0.8591	0.6205	1.1282	0.705	1.0586	0.6969
341	0.8412	0.5969	1.078	0.666	1.0045	0.6668
342	0.8554	0.6133	1.1137	0.6961	1.0394	0.6848
343	0.8604	0.6235	1.1384	0.7052	1.0548	0.7031
344	0.8731	0.6296	1.1402	0.7093	1.0638	0.6999
345	0.8322	0.5936	1.0826	0.6684	1.0089	0.6671
346	0.8378	0.5973	1.108	0.6808	1.0334	0.6758
347	0.8212	0.5781	1.081	0.655	1.0031	0.654
348	0.8289	0.5871	1.1006	0.6679	1.0255	0.6699
349	0.8248	0.5837	1.1097	0.669	1.032	0.6614
350	0.817	0.5757	1.0803	0.6561	0.9993	0.6532
351	0.8239	0.585	1.0959	0.669	1.0177	0.6637
352	0.822	0.5805	1.0856	0.664	1.0028	0.6575
353	0.8272	0.5889	1.1063	0.6746	1.0237	0.6645
354	0.833	0.5901	1.123	0.6762	1.0439	0.6721
355	0.8306	0.5906	1.1123	0.678	1.0258	0.6617
356	0.8207	0.5815	1.0917	0.6656	1.0093	0.6583
357	0.8196	0.5828	1.0707	0.6579	0.9968	0.6548
358	0.8265	0.5882	1.0921	0.6717	1.0159	0.6669
359	0.8146	0.5766	1.1023	0.6648	1.024	0.6591
360	0.8162	0.5776	1.0994	0.6631	1.009	0.6584
361	0.8098	0.5748	1.0952	0.6602	1.0049	0.6519
362	0.8101	0.5706	1.0978	0.6621	1.011	0.6515
363	0.805	0.5665	1.0775	0.6534	0.9883	0.6473
364	0.8067	0.5716	1.0855	0.6545	1.0024	0.6509
365	0.8208	0.5848	1.0894	0.6685	1.0127	0.6638
366	0.8049	0.5658	1.089	0.6541	0.996	0.6453
367	0.8088	0.5738	1.0842	0.6592	1.0004	0.6548
368	0.8106	0.5714	1.1049	0.6646	1.019	0.6592
369	0.8018	0.5638	1.094	0.6569	1.0035	0.6492
370	0.8297	0.592	1.104	0.6722	1.0171	0.6736
371	0.8092	0.5738	1.0796	0.6574	0.9994	0.6506
372	0.8163	0.5793	1.1095	0.6698	1.0273	0.6602
373	0.8299	0.5963	1.1062	0.6868	1.0178	0.6779
374	0.8008	0.5628	1.0911	0.6531	1.0086	0.648
375	0.8111	0.5737	1.1165	0.6687	1.0318	0.6561
376	0.8065	0.5722	1.1054	0.6658	1.0145	0.6563
377	0.8288	0.5972	1.1142	0.6884	1.0299	0.678
378	0.8207	0.5813	1.0875	0.662	0.9963	0.6573
379	0.802	0.5667	1.0973	0.6569	1.0087	0.648
380	0.8249	0.5894	1.1103	0.6784	1.0098	0.6711
381	0.7969	0.5613	1.1055	0.6558	1.0112	0.6456
382	0.7945	0.5587	1.0826	0.6533	0.9949	0.6436
383	0.8083	0.577	1.0903	0.6703	1.0152	0.6629
384	0.7974	0.5609	1.0706	0.6457	0.9854	0.6457
385	0.8142	0.5818	1.0779	0.6684	1.0007	0.662
386	0.8011	0.5649	1.0827	0.6521	1.0009	0.6503
387	0.8127	0.5781	1.1218	0.6735	1.0384	0.6608
388	0.7999	0.5632	1.105	0.6585	1.0141	0.6478
389	0.81	0.5726	1.1034	0.6679	1.0224	0.6563
390	0.7903	0.5534	1.0969	0.6468	1.0075	0.6389
391	0.808	0.5724	1.0875	0.6619	1.0033	0.6543
392	0.798	0.5615	1.1063	0.6584	1.0173	0.6458
393	0.8144	0.5763	1.1164	0.6742	1.0335	0.6599
394	0.7923	0.5584	1.0949	0.6522	1.0039	0.6449
395	0.8171	0.5884	1.0945	0.6794	1.0183	0.6724
396	0.816	0.5797	1.1179	0.669	1.0307	0.667
397	0.909	0.6779	1.1764	0.7612	1.112	0.7534
398	0.8128	0.5841	1.1021	0.6668	1.0127	0.6668
399	0.807	0.5738	1.1014	0.6644	1.0202	0.6554
400	0.8216	0.5889	1.0928	0.6682	1.0048	0.6659
401	0.8001	0.5659	1.1006	0.6578	1.0114	0.6462
402	0.794	0.5603	1.0811	0.6545	0.9985	0.6432
403	0.787	0.554	1.0988	0.6525	1.0135	0.6409
404	0.7878	0.5539	1.0907	0.6534	0.9969	0.642
405	0.8028	0.5676	1.096	0.657	1.0037	0.6505
406	0.7843	0.5524	1.0871	0.6478	0.9971	0.6355
407	0.7925	0.5631	1.0905	0.659	1.0004	0.6523
408	0.7866	0.555	1.077	0.6497	0.9849	0.6393
409	0.7835	0.5505	1.1124	0.6529	1.0197	0.6407
410	0.7866	0.5587	1.0931	0.6581	1.0049	0.646
411	0.7934	0.5629	1.1119	0.6644	1.0237	0.6503
412	0.7895	0.5603	1.0744	0.6533	0.9837	0.6403
413	0.7842	0.5526	1.0828	0.6479	0.9801	0.6394
414	0.7871	0.5559	1.0875	0.6548	0.9951	0.6398
415	0.7775	0.5464	1.0808	0.6449	0.9873	0.632
416	0.7859	0.5557	1.1086	0.6615	1.0198	0.648
417	0.7782	0.5487	1.0846	0.6496	0.9928	0.6383
418	0.8087	0.5814	1.1292	0.6824	1.0308	0.6652
419	0.791	0.5619	1.0689	0.6559	0.9799	0.6439
420	0.8077	0.5762	1.1024	0.6582	1.0085	0.6574
421	0.7769	0.5479	1.0807	0.6419	0.9981	0.6384
422	0.7923	0.5619	1.1238	0.6695	1.0274	0.6535
423	0.7732	0.5433	1.0739	0.6404	0.9888	0.6325
424	0.7786	0.5521	1.0867	0.648	0.9971	0.6414
425	0.7732	0.5432	1.0757	0.6421	0.9974	0.6358
426	0.7695	0.5383	1.0688	0.6343	0.9828	0.6271
427	0.769	0.5379	1.0733	0.6344	0.9847	0.6291
428	0.8289	0.6036	1.1235	0.7006	1.0455	0.6859
429	0.7891	0.5588	1.1026	0.6531	1.0097	0.6475
430	0.7959	0.5676	1.0886	0.6665	1.0036	0.6565
431	0.8182	0.5936	1.1162	0.6789	1.0282	0.6812
432	0.8252	0.598	1.1047	0.6881	1.0229	0.6753
433	0.8342	0.6073	1.1202	0.6918	1.0371	0.691
434	0.7968	0.5665	1.1094	0.6678	1.0206	0.6502
435	0.7792	0.5504	1.0876	0.6514	0.9963	0.6443
436	0.7797	0.5507	1.0933	0.6523	1.0067	0.6418
437	0.7684	0.5395	1.0746	0.638	0.9822	0.6316
438	0.7752	0.547	1.1052	0.6526	1.0137	0.6355
439	0.7694	0.5423	1.092	0.6488	0.9984	0.6369
440	0.772	0.5433	1.0823	0.642	0.9844	0.6345
441	0.786	0.5612	1.117	0.6678	1.0286	0.6523
442	0.78	0.5574	1.0867	0.659	0.9963	0.6518
443	0.771	0.5422	1.1053	0.65	1.0168	0.6388
444	0.7668	0.5402	1.074	0.644	0.9823	0.6325
445	0.7893	0.5587	1.1076	0.653	1.0148	0.6541
446	0.7962	0.5696	1.116	0.6717	1.0249	0.6564
447	0.7936	0.5665	1.0924	0.6558	1.0031	0.6564
448	0.7817	0.5562	1.098	0.6591	1.0062	0.6456
449	0.765	0.5362	1.089	0.6426	0.9896	0.6314
450	0.7569	0.5282	1.0751	0.6352	0.9813	0.6233
451	0.7597	0.5319	1.0788	0.6367	0.9855	0.6283
452	0.7612	0.5338	1.0754	0.6359	0.975	0.6309
453	0.7621	0.5362	1.0773	0.6327	0.9794	0.6283
454	0.757	0.5281	1.0895	0.635	0.9881	0.6275
455	0.7529	0.5269	1.0803	0.6314	0.9789	0.6199
456	0.7555	0.5275	1.0858	0.6385	0.9895	0.6227
457	0.7539	0.5266	1.0929	0.6363	1.0002	0.6228
458	0.7664	0.5399	1.0891	0.6434	1.0036	0.6389
459	0.7536	0.5259	1.0915	0.636	0.9946	0.6226
460	0.7629	0.538	1.094	0.6475	1.0005	0.6348
461	0.7661	0.5409	1.0899	0.6463	0.9874	0.6414
462	0.7789	0.5545	1.1142	0.6616	1.0216	0.6429
463	0.7551	0.5308	1.0714	0.6398	0.9728	0.6255
464	0.7584	0.5355	1.0789	0.6389	0.9847	0.6298
465	0.7914	0.5729	1.1065	0.6774	1.0161	0.6651
466	0.7654	0.5419	1.0851	0.6443	0.9834	0.6345
467	0.7649	0.538	1.1081	0.649	1.0054	0.6392
468	0.7807	0.5519	1.1384	0.6718	1.0337	0.6418
469	0.7583	0.5341	1.0905	0.6427	0.9944	0.6309
470	0.7573	0.5355	1.0849	0.6498	0.9945	0.6357
471	0.7463	0.519	1.0961	0.6352	0.9967	0.6203
472	0.7911	0.5699	1.1057	0.6665	1.0115	0.6627
473	0.7583	0.5333	1.1043	0.6456	1.0072	0.6291
474	0.7463	0.5219	1.0909	0.6371	0.9914	0.6214
475	0.7476	0.5234	1.0856	0.6346	0.988	0.6224
476	0.804	0.5862	1.1281	0.6967	1.0395	0.6744
477	0.7417	0.5182	1.0848	0.6314	0.9867	0.621
478	0.8293	0.6106	1.1305	0.7003	1.0312	0.6969
479	0.8364	0.6199	1.1578	0.7295	1.0647	0.7036
480	0.8253	0.6068	1.1297	0.7027	1.0231	0.6923
481	0.8093	0.5758	1.1436	0.6855	1.0458	0.6624
482	0.7669	0.5446	1.1137	0.6566	1.0044	0.6451
483	0.7485	0.5229	1.0802	0.6348	0.9825	0.624
484	0.7493	0.5256	1.0784	0.6346	0.9801	0.6245
485	0.7655	0.5395	1.0691	0.6395	0.9639	0.6324
486	0.7664	0.5447	1.1027	0.6562	1.0067	0.6429
487	0.7424	0.5184	1.089	0.6346	0.9848	0.6224
488	0.7701	0.5423	1.1275	0.6624	1.0232	0.6373
489	0.7496	0.5254	1.1066	0.646	0.9881	0.6289
490	0.7513	0.5285	1.0853	0.6425	0.9781	0.6238
491	0.7372	0.5114	1.0991	0.6316	0.994	0.6169
492	0.7713	0.5509	1.0826	0.6536	0.9848	0.6447
493	0.7757	0.5555	1.111	0.6705	1.0161	0.6519
494	0.7922	0.5717	1.0912	0.667	0.9855	0.6574
495	0.7463	0.5231	1.1039	0.642	1.0046	0.6254
496	0.7355	0.5145	1.0774	0.6303	0.9737	0.6188
497	0.7449	0.5237	1.0991	0.6442	0.9858	0.6239
498	0.7407	0.5175	1.0928	0.6394	0.985	0.6205
499	0.7344	0.5113	1.0871	0.6311	0.9817	0.6137
500	0.7317	0.5098	1.0724	0.63	0.9664	0.6135
501	0.7433	0.5209	1.104	0.645	0.9946	0.6263
502	0.7702	0.5443	1.1227	0.6649	1.0153	0.6392
503	0.7307	0.5101	1.0822	0.6335	0.9738	0.6149
504	0.7304	0.5114	1.075	0.6282	0.9695	0.6158
505	0.7606	0.5405	1.1149	0.6554	1.0128	0.6382
506	0.7315	0.5118	1.0666	0.6244	0.9605	0.6146
507	0.7377	0.5123	1.1051	0.635	1.004	0.6175
508	0.7683	0.545	1.1194	0.6653	1.0078	0.6367
509	0.7329	0.5119	1.0811	0.6292	0.982	0.6103
510	0.7374	0.5181	1.0758	0.6361	0.977	0.6233
511	0.7319	0.5111	1.085	0.6333	0.9858	0.6182
512	0.7274	0.5077	1.0651	0.625	0.9591	0.6102
513	0.7327	0.51	1.0872	0.631	0.9781	0.6119
514	0.7387	0.5166	1.088	0.6405	0.9848	0.6168
515	0.7485	0.5285	1.0995	0.645	0.9855	0.6289
516	0.7238	0.5027	1.0866	0.6282	0.9769	0.6086
517	0.7246	0.5057	1.0847	0.6316	0.9772	0.6128
518	0.7228	0.5024	1.0909	0.6276	0.9828	0.6116
519	0.766	0.5521	1.1034	0.6737	1.0037	0.6505
520	0.7369	0.518	1.1022	0.6408	0.9937	0.6227
521	0.7378	0.5207	1.0923	0.6385	0.9824	0.6257
522	0.726	0.5044	1.0879	0.6302	0.9725	0.6076
523	0.7468	0.5253	1.1083	0.6427	0.994	0.6191
524	0.7309	0.5118	1.0676	0.6241	0.9618	0.6147
525	0.7375	0.5127	1.1189	0.6368	1.0083	0.6147
526	0.7221	0.502	1.0778	0.6239	0.9716	0.6118
527	0.7502	0.5292	1.1213	0.6534	1.0125	0.6312
528	0.744	0.5265	1.0941	0.6492	0.9843	0.6321
529	0.7457	0.5343	1.0969	0.6519	0.9871	0.6328
530	0.728	0.5084	1.0598	0.6217	0.9403	0.6042
531	0.7394	0.5227	1.0808	0.633	0.9659	0.6201
532	0.7219	0.502	1.086	0.6237	0.9714	0.6093
533	0.725	0.5041	1.0918	0.6296	0.9896	0.613
534	0.7194	0.4982	1.0925	0.6252	0.9837	0.6082
535	0.718	0.4988	1.0807	0.6193	0.9723	0.6068
536	0.7251	0.5025	1.1077	0.6314	0.9951	0.6145
537	0.7398	0.5227	1.0887	0.6408	0.9702	0.6272
538	0.7644	0.5466	1.1385	0.6739	1.0301	0.6447
539	0.7264	0.5119	1.0806	0.6285	0.9605	0.6151
540	0.7391	0.5206	1.0921	0.6334	0.9802	0.6219
541	0.8026	0.5895	1.1367	0.7017	1.0319	0.6787
542	0.731	0.5159	1.1013	0.6362	0.9883	0.6251
543	0.7211	0.5047	1.0862	0.6319	0.9725	0.616
544	0.7549	0.5334	1.1402	0.6662	1.0254	0.6353
545	0.7299	0.5143	1.1095	0.6463	0.9977	0.6212
546	0.7206	0.5015	1.0909	0.6283	0.9828	0.6098
547	0.7257	0.5054	1.1088	0.6375	0.9831	0.609
548	0.7276	0.511	1.0707	0.6296	0.953	0.6142
549	0.7361	0.5215	1.1055	0.6488	1.0025	0.6269
550	0.7118	0.4949	1.0729	0.6184	0.9596	0.6009
551	0.7078	0.4895	1.0698	0.6149	0.9577	0.5986
552	0.7156	0.4989	1.0765	0.6256	0.9716	0.6072
553	0.7139	0.4963	1.0813	0.6206	0.9732	0.6056
554	0.7313	0.5172	1.0718	0.6301	0.9538	0.6206
555	0.7797	0.5638	1.1478	0.6854	1.0428	0.6563
556	0.7188	0.5027	1.0836	0.6267	0.9739	0.611
557	0.7082	0.4918	1.0757	0.6183	0.9585	0.6002
558	0.7306	0.5129	1.1035	0.6418	0.9929	0.6165
559	0.7468	0.534	1.1023	0.6515	0.9967	0.6417
560	0.7183	0.5003	1.094	0.6305	0.9826	0.6068
561	0.7252	0.505	1.1072	0.6357	0.9873	0.6073
562	0.7145	0.4977	1.0775	0.6221	0.9666	0.6079
563	0.7368	0.5239	1.0889	0.6444	0.9841	0.6261
564	0.7249	0.5097	1.0749	0.6219	0.9544	0.6095
565	0.7104	0.4947	1.0818	0.6228	0.9728	0.6008
566	0.7177	0.5048	1.088	0.6352	0.9766	0.6153
567	0.7119	0.4947	1.1014	0.6283	0.9879	0.6045
568	0.7101	0.4925	1.0906	0.6199	0.9773	0.6015
569	0.7195	0.5028	1.0897	0.6336	0.9756	0.6108
570	0.7674	0.5597	1.1279	0.6798	1.0157	0.6657
571	0.72	0.5078	1.0835	0.6332	0.9796	0.6163
572	0.715	0.5014	1.0797	0.625	0.9647	0.6093
573	0.7062	0.4909	1.0767	0.6166	0.9528	0.5972
574	0.7087	0.4961	1.0851	0.6266	0.9642	0.6062
575	0.7205	0.5034	1.0977	0.635	0.9912	0.6114
576	0.7133	0.4964	1.1107	0.6319	0.9925	0.6046
577	0.7034	0.4881	1.0726	0.6172	0.9564	0.5979
578	0.7076	0.4923	1.0705	0.6189	0.969	0.6036
579	0.7016	0.4873	1.0728	0.6142	0.962	0.5982
580	0.7039	0.4897	1.088	0.623	0.9782	0.6009
581	0.7078	0.491	1.0971	0.6292	0.981	0.6054
582	0.7042	0.4902	1.0953	0.6278	0.9777	0.6015
583	0.7013	0.4869	1.0855	0.6212	0.9611	0.5958
584	0.7034	0.4858	1.1019	0.6251	0.9873	0.5998
585	0.7018	0.4892	1.0839	0.6298	0.9591	0.6018
586	0.7042	0.4878	1.0941	0.63	0.9779	0.6007
587	0.6985	0.4841	1.0906	0.6239	0.9687	0.5991
588	0.7214	0.5123	1.1206	0.6498	0.9953	0.6215
589	0.7512	0.534	1.1425	0.6668	1.0174	0.633
590	0.7034	0.4927	1.0802	0.6219	0.9435	0.5973
591	0.7045	0.49	1.0905	0.6168	0.9621	0.6007
592	0.7559	0.5493	1.1158	0.6753	1.0121	0.6536
593	0.7006	0.4863	1.0768	0.6174	0.949	0.5944
594	0.7038	0.4896	1.0842	0.6213	0.9655	0.5962
595	0.7048	0.4875	1.1117	0.6295	0.9865	0.5992
596	0.7181	0.5095	1.1154	0.6517	0.9871	0.6175
597	0.7006	0.488	1.0761	0.621	0.948	0.5946
598	0.7196	0.5076	1.0664	0.6268	0.9486	0.6091
599	0.733	0.5221	1.1062	0.6542	0.9954	0.6288
600	0.7227	0.5134	1.0833	0.6417	0.9656	0.6189
601	0.7244	0.5161	1.0914	0.6417	0.9815	0.6187
602	0.777	0.5723	1.1036	0.6782	0.9988	0.6674
603	0.8299	0.6198	1.1741	0.732	1.0743	0.7039
604	0.6998	0.4864	1.0689	0.6168	0.9615	0.5955
605	0.7231	0.5066	1.105	0.6412	0.9893	0.6112
606	0.7077	0.4944	1.0923	0.6299	0.9765	0.6036
607	0.7072	0.4962	1.0729	0.6223	0.9733	0.6077
608	0.6989	0.4866	1.0595	0.6098	0.9473	0.5989
609	0.7064	0.4931	1.0776	0.622	0.9682	0.6024
610	0.7005	0.4876	1.0919	0.6239	0.9756	0.6015
611	0.6943	0.4818	1.0758	0.6197	0.9563	0.5942
612	0.6916	0.4767	1.0791	0.6148	0.964	0.5908
613	0.6957	0.4838	1.0858	0.6228	0.9643	0.5925
614	0.6985	0.4832	1.0981	0.6246	0.9841	0.5971
615	0.6952	0.4838	1.0861	0.623	0.9552	0.594
616	0.6917	0.4806	1.0692	0.6133	0.9522	0.5921
617	0.6898	0.4784	1.0576	0.6089	0.9401	0.587
618	0.692	0.4817	1.0651	0.6155	0.9432	0.5954
619	0.6998	0.489	1.0813	0.6194	0.9628	0.6013
620	0.7111	0.4968	1.0977	0.6306	0.9827	0.6048
621	0.707	0.4925	1.0938	0.6255	0.9726	0.5999
622	0.6945	0.4842	1.0863	0.6209	0.966	0.5913
623	0.6914	0.4784	1.084	0.6209	0.9528	0.5903
624	0.7322	0.5162	1.1272	0.6499	0.9993	0.6196
625	0.7105	0.4992	1.0957	0.6321	0.9654	0.6081
626	0.7061	0.4934	1.0943	0.6327	0.9752	0.6058
627	0.6865	0.4749	1.0776	0.6177	0.9524	0.5889
628	0.7225	0.5123	1.106	0.646	0.9862	0.617
629	0.7314	0.526	1.1006	0.6524	0.9739	0.6329
630	0.7167	0.5087	1.0947	0.6374	0.9755	0.6171
631	0.6872	0.4755	1.0694	0.611	0.9507	0.5915
632	0.6865	0.4769	1.0557	0.6056	0.9509	0.5903
633	0.6868	0.4765	1.0641	0.6101	0.951	0.5911
634	0.6857	0.4762	1.0593	0.6121	0.9535	0.5941
635	0.7292	0.5184	1.1033	0.6503	1.0019	0.6284
636	0.715	0.5041	1.0961	0.6304	0.9798	0.6111
637	0.7511	0.5432	1.1015	0.6664	1.0	0.646
638	0.7023	0.4925	1.0901	0.624	0.9704	0.6056
639	0.762	0.5451	1.1412	0.6711	1.0298	0.6416
640	0.7101	0.5013	1.1022	0.6435	0.9765	0.6105
641	0.6997	0.4878	1.0912	0.6285	0.9683	0.5961
642	0.707	0.4988	1.0815	0.6251	0.954	0.6042
643	0.6958	0.4897	1.0754	0.625	0.9569	0.6021
644	0.6925	0.4821	1.0905	0.625	0.9681	0.5966
645	0.7068	0.4934	1.099	0.6377	0.9786	0.6068
646	0.6899	0.4778	1.1024	0.6256	0.9756	0.5897
647	0.6936	0.4798	1.0996	0.6298	0.9708	0.5956
648	0.6874	0.4765	1.0892	0.6251	0.965	0.5924
649	0.6874	0.4786	1.0759	0.619	0.9492	0.5896
650	0.688	0.4803	1.0657	0.6161	0.9428	0.5927
651	0.6852	0.4716	1.0711	0.611	0.9424	0.5817
652	0.6855	0.4757	1.0813	0.6121	0.9588	0.5893
653	0.7116	0.5023	1.0957	0.638	0.97	0.6087
654	0.694	0.4823	1.1022	0.6267	0.9717	0.5907
655	0.6839	0.4751	1.105	0.6249	0.9678	0.5872
656	0.6824	0.4717	1.0963	0.6221	0.969	0.5914
657	0.6744	0.4672	1.0656	0.609	0.9338	0.5829
658	0.6784	0.4659	1.0944	0.6126	0.9661	0.5823
659	0.6838	0.4752	1.0775	0.6169	0.948	0.5853
660	0.6816	0.4702	1.1005	0.6173	0.97	0.5849
661	0.7092	0.5	1.0898	0.6347	0.9729	0.6113
662	0.682	0.4738	1.0805	0.6057	0.9456	0.5887
663	0.6918	0.4861	1.0651	0.62	0.9393	0.6011
664	0.6831	0.4759	1.0758	0.6158	0.9548	0.5929
665	0.7054	0.5015	1.083	0.6332	0.9487	0.6094
666	0.6952	0.4874	1.084	0.6284	0.9608	0.6006
667	0.6746	0.4631	1.0853	0.6121	0.9499	0.5817
668	0.6736	0.465	1.0766	0.6143	0.9502	0.5833
669	0.6802	0.4718	1.0867	0.6162	0.9566	0.5889
670	0.6956	0.491	1.0853	0.6309	0.9589	0.6049
671	0.7137	0.5093	1.103	0.6391	0.9788	0.6237
672	0.7095	0.4963	1.1112	0.6407	0.9866	0.61
673	0.6784	0.4717	1.0787	0.6111	0.9452	0.5832
674	0.6739	0.4631	1.0869	0.61	0.9657	0.5814
675	0.6714	0.4614	1.0742	0.6004	0.9556	0.5827
676	0.6708	0.4625	1.0742	0.6057	0.9406	0.5802
677	0.6706	0.4643	1.0766	0.6087	0.9513	0.5842
678	0.7056	0.4937	1.1248	0.6409	0.999	0.607
679	0.6869	0.4808	1.1091	0.6309	0.9783	0.5994
680	0.6842	0.4724	1.0999	0.6252	0.9752	0.5919
681	0.6757	0.4669	1.0955	0.6182	0.9668	0.5834
682	0.6751	0.469	1.0756	0.6111	0.9484	0.5862
683	0.7037	0.4968	1.0851	0.6359	0.9646	0.6112
684	0.6748	0.4689	1.0847	0.6107	0.9551	0.5886
685	0.6964	0.4902	1.1062	0.6385	0.9787	0.6082
686	0.671	0.4669	1.09	0.6189	0.956	0.585
687	0.6697	0.4647	1.0792	0.6096	0.9427	0.5814
688	0.6768	0.4712	1.0848	0.6195	0.9528	0.5888
689	0.6653	0.4614	1.0703	0.6059	0.9386	0.579
690	0.6665	0.4587	1.0703	0.6019	0.9322	0.5791
691	0.6783	0.4684	1.0942	0.6219	0.9659	0.5896
692	0.6821	0.474	1.0897	0.6245	0.9573	0.5887
693	0.6785	0.472	1.0978	0.6205	0.9514	0.5883
694	0.7063	0.498	1.1056	0.6392	0.9739	0.6094
695	0.6664	0.4593	1.0802	0.6083	0.9532	0.5796
696	0.6976	0.4938	1.0792	0.6264	0.9505	0.6062
697	0.7129	0.5053	1.1044	0.6442	0.9851	0.6171
698	0.667	0.4636	1.051	0.6008	0.9229	0.5812
699	0.6747	0.4655	1.0898	0.6125	0.972	0.5845
700	0.6748	0.4697	1.0578	0.6061	0.9259	0.586
701	0.6754	0.4674	1.0999	0.6135	0.9684	0.5865
702	0.6759	0.4723	1.0709	0.6225	0.9414	0.5857
703	0.6783	0.475	1.091	0.6231	0.9612	0.5905
704	0.6763	0.4733	1.0724	0.615	0.9407	0.5862
705	0.6836	0.4744	1.1012	0.6248	0.9876	0.595
706	0.6707	0.4651	1.0958	0.6168	0.982	0.5865
707	0.6841	0.4752	1.1018	0.6246	0.9874	0.5951
708	0.6757	0.4699	1.0795	0.6175	0.9554	0.5874
709	0.6652	0.4605	1.0811	0.6171	0.9595	0.5822
710	0.6584	0.4532	1.0772	0.6042	0.9547	0.5777
711	0.6673	0.462	1.0827	0.6156	0.9528	0.5857
712	0.668	0.4664	1.0696	0.6104	0.937	0.5801
713	0.671	0.4617	1.0932	0.6146	0.9659	0.5786
714	0.6853	0.4808	1.0768	0.626	0.9613	0.5962
715	0.6694	0.4668	1.0875	0.6122	0.9572	0.5878
716	0.658	0.4541	1.0749	0.6085	0.9477	0.58
717	0.6563	0.4509	1.0784	0.6061	0.9554	0.5771
718	0.6606	0.456	1.077	0.6105	0.9458	0.5788
719	0.6657	0.4586	1.0971	0.6141	0.9709	0.5812
720	0.6606	0.4598	1.0762	0.6133	0.9423	0.5785
721	0.666	0.4615	1.0832	0.6094	0.9556	0.5835
722	0.6646	0.4582	1.0869	0.6171	0.9444	0.5796
723	0.6572	0.4532	1.0705	0.5996	0.9448	0.5772
724	0.6535	0.4525	1.0573	0.5982	0.9312	0.5735
725	0.6623	0.459	1.0829	0.6146	0.9518	0.5834
726	0.6614	0.4555	1.0915	0.615	0.9685	0.5809
727	0.668	0.4644	1.0843	0.6195	0.9549	0.5851
728	0.7123	0.5054	1.115	0.6509	0.9954	0.6193
729	0.6546	0.4486	1.0771	0.5992	0.9553	0.5718
730	0.6636	0.462	1.062	0.6082	0.9347	0.585
731	0.6541	0.4478	1.0834	0.6036	0.9557	0.5754
732	0.6548	0.4547	1.0721	0.6058	0.9234	0.5777
733	0.6543	0.4554	1.0836	0.6103	0.935	0.5766
734	0.6517	0.4499	1.0718	0.6023	0.9335	0.573
735	0.6637	0.4643	1.0602	0.6046	0.9226	0.5805
736	0.6701	0.4697	1.0795	0.6177	0.9415	0.5884
737	0.7241	0.5242	1.1232	0.6663	1.005	0.6354
738	0.6547	0.4542	1.0635	0.5992	0.9291	0.5769
739	0.6552	0.4536	1.0595	0.6024	0.9267	0.5737
740	0.6576	0.4578	1.0595	0.5978	0.9252	0.5773
741	0.6707	0.4729	1.0617	0.6172	0.9388	0.5917
742	0.6567	0.4563	1.0548	0.597	0.9176	0.5756
743	0.6854	0.4808	1.0521	0.6067	0.9273	0.588
744	0.6738	0.4714	1.0834	0.6214	0.9604	0.5916
745	0.6844	0.4871	1.082	0.633	0.9442	0.6047
746	0.6636	0.4579	1.0811	0.612	0.946	0.5791
747	0.6615	0.4564	1.091	0.6085	0.9577	0.5781
748	0.6601	0.4606	1.0639	0.6004	0.9326	0.5799
749	0.6717	0.4709	1.0845	0.6186	0.9505	0.5895
750	0.6497	0.4496	1.0653	0.596	0.9388	0.5729
751	0.6482	0.4469	1.061	0.5962	0.9211	0.5719
752	0.6434	0.4406	1.0623	0.5947	0.9375	0.5711
753	0.6496	0.4473	1.0683	0.5979	0.9259	0.5714
754	0.6513	0.4508	1.0766	0.6058	0.9396	0.5793
755	0.6446	0.4448	1.0598	0.5969	0.9245	0.573
756	0.6499	0.4468	1.0656	0.6022	0.9389	0.5747
757	0.6525	0.4527	1.0731	0.6002	0.9376	0.5746
758	0.6473	0.4481	1.0613	0.601	0.9281	0.574
759	0.6844	0.4837	1.0922	0.6336	0.9683	0.602
760	0.6487	0.4475	1.0777	0.6055	0.9162	0.568
761	0.6633	0.4632	1.0856	0.6102	0.9454	0.5861
762	0.6536	0.454	1.0867	0.6132	0.9428	0.5801
763	0.6802	0.4791	1.1013	0.632	0.9662	0.5964
764	0.6537	0.4561	1.076	0.6102	0.9318	0.5803
765	0.685	0.4832	1.1082	0.6351	0.9801	0.6049
766	0.6591	0.4603	1.0989	0.6176	0.96	0.5806
767	0.6623	0.4597	1.0869	0.6173	0.9382	0.5828
768	0.6474	0.4432	1.0772	0.5994	0.9336	0.5686
769	0.6751	0.4754	1.0844	0.6219	0.9518	0.5959
770	0.6428	0.4417	1.0714	0.6013	0.9328	0.5723
771	0.6591	0.4619	1.0912	0.6159	0.959	0.5853
772	0.6576	0.4528	1.0948	0.6163	0.9601	0.5774
773	0.7071	0.4939	1.1347	0.6499	1.0026	0.6083
774	0.6941	0.5054	1.1108	0.6592	0.9654	0.6222
775	0.651	0.4479	1.0821	0.6074	0.9527	0.575
776	0.6812	0.4726	1.125	0.6384	0.9756	0.5937
777	0.6621	0.4571	1.1109	0.6241	0.9709	0.5786
778	0.6458	0.445	1.0768	0.6051	0.9258	0.57
779	0.6576	0.4566	1.0953	0.6119	0.9447	0.5791
780	0.6516	0.4525	1.0565	0.5991	0.9172	0.5767
781	0.6397	0.4403	1.0663	0.5956	0.9288	0.5714
782	0.6547	0.4545	1.0705	0.6084	0.9437	0.5832
783	0.6575	0.4585	1.0721	0.6162	0.9388	0.5867
784	0.6427	0.4431	1.0751	0.5941	0.9349	0.5713
785	0.6411	0.4407	1.0658	0.5999	0.9294	0.5686
786	0.6512	0.4521	1.0705	0.6076	0.9226	0.5789
787	0.6566	0.4559	1.0862	0.6136	0.9398	0.584
788	0.6546	0.4594	1.0654	0.6084	0.9192	0.5816
789	0.6775	0.4831	1.1157	0.6395	0.9752	0.605
790	0.709	0.5075	1.1315	0.6582	0.9947	0.6227
791	0.6815	0.4901	1.1133	0.6454	0.9722	0.6103
792	0.6853	0.481	1.1189	0.6389	0.9806	0.5987
793	0.7068	0.5172	1.1139	0.6627	0.982	0.6334
794	0.648	0.446	1.0667	0.6085	0.9258	0.5759
795	0.6477	0.4484	1.071	0.6046	0.9388	0.5761
796	0.6613	0.4626	1.0545	0.6055	0.9286	0.5926
797	0.6481	0.4516	1.0579	0.6038	0.9234	0.5767
798	0.6414	0.442	1.0529	0.59	0.9212	0.5674
799	0.6421	0.4418	1.0676	0.5988	0.934	0.5727
800	0.6405	0.4406	1.0704	0.6039	0.9349	0.5698
801	0.6444	0.4416	1.0886	0.6043	0.9461	0.5702
802	0.6377	0.4364	1.0755	0.5988	0.9277	0.5652
803	0.6326	0.4329	1.0655	0.5925	0.9285	0.5662
804	0.6414	0.4442	1.0789	0.5988	0.9317	0.5751
805	0.6308	0.4313	1.0663	0.5914	0.9268	0.5629
806	0.6334	0.4356	1.0629	0.591	0.916	0.5634
807	0.6918	0.5041	1.0959	0.6531	0.9653	0.6219
808	0.6377	0.4406	1.0746	0.5976	0.9344	0.5717
809	0.6323	0.4343	1.0663	0.5957	0.9287	0.5662
810	0.6286	0.431	1.0657	0.5949	0.9231	0.5613
811	0.6323	0.4336	1.0682	0.5947	0.9348	0.5618
812	0.6342	0.434	1.0809	0.6042	0.9366	0.5645
813	0.6366	0.4383	1.0892	0.6011	0.9455	0.5695
814	0.6764	0.4813	1.1011	0.6315	0.9542	0.6025
815	0.645	0.4481	1.0774	0.5937	0.9358	0.5801
816	0.6409	0.4413	1.0588	0.5971	0.9188	0.5688
817	0.6361	0.4375	1.0754	0.5972	0.9331	0.5697
818	0.658	0.4602	1.0739	0.6175	0.9331	0.5853
819	0.6862	0.4953	1.0663	0.6236	0.937	0.6068
820	0.6293	0.4316	1.0502	0.5869	0.9084	0.5598
821	0.6555	0.4578	1.0856	0.6145	0.9512	0.5814
822	0.6919	0.506	1.0942	0.643	0.9573	0.6234
823	0.7276	0.5348	1.1169	0.6748	0.9912	0.6492
824	0.7041	0.5118	1.0816	0.6421	0.9563	0.6298
825	0.7052	0.5118	1.1107	0.6562	0.9843	0.6271
826	0.6864	0.4938	1.0783	0.6252	0.9489	0.6167
827	0.6455	0.4459	1.0652	0.6026	0.9269	0.574
828	0.6283	0.4308	1.0675	0.5896	0.9286	0.5622
829	0.6274	0.429	1.0544	0.5874	0.9245	0.5608
830	0.6253	0.429	1.0495	0.5861	0.9164	0.5585
831	0.6274	0.4297	1.0768	0.5956	0.9296	0.5614
832	0.639	0.4373	1.0967	0.6106	0.9564	0.5709
833	0.6217	0.4249	1.0729	0.5876	0.9208	0.5583
834	0.6288	0.4353	1.0505	0.594	0.9098	0.5658
835	0.624	0.4275	1.0773	0.5945	0.9186	0.5608
836	0.628	0.433	1.0669	0.5937	0.9131	0.5634
837	0.6218	0.4259	1.0665	0.5919	0.9203	0.5603
838	0.623	0.4259	1.0599	0.5865	0.9084	0.5585
839	0.6233	0.4293	1.0531	0.5895	0.9168	0.5636
840	0.6416	0.444	1.0889	0.6112	0.9514	0.5779
841	0.6198	0.4247	1.0609	0.5919	0.9195	0.5598
842	0.6254	0.429	1.0733	0.5962	0.9347	0.5608
843	0.6183	0.4228	1.0441	0.5889	0.9065	0.5572
844	0.6332	0.4355	1.0782	0.6037	0.951	0.569
845	0.6181	0.4229	1.0559	0.5891	0.9252	0.5641
846	0.6623	0.4661	1.1121	0.6289	0.9727	0.5964
847	0.6217	0.4274	1.0467	0.5965	0.9028	0.5625
848	0.6937	0.5006	1.1308	0.6497	0.9978	0.615
849	0.6696	0.4832	1.0999	0.6428	0.9647	0.6088
850	0.6685	0.4719	1.0954	0.6306	0.9697	0.5992
851	0.6296	0.4331	1.066	0.5919	0.9304	0.569
852	0.634	0.4406	1.0531	0.5967	0.9323	0.5724
853	0.6322	0.4352	1.0695	0.6021	0.9267	0.5658
854	0.6412	0.4472	1.0919	0.613	0.962	0.5806
855	0.6626	0.4616	1.0913	0.6264	0.9617	0.5951
856	0.6392	0.4417	1.0928	0.6085	0.9517	0.5698
857	0.6344	0.4427	1.0577	0.5995	0.9111	0.5721
858	0.6404	0.4433	1.072	0.6067	0.9408	0.5752
859	0.6387	0.4468	1.0554	0.5922	0.9114	0.5679
860	0.6306	0.4385	1.0524	0.6025	0.9258	0.5762
861	0.6551	0.4593	1.0929	0.6213	0.9575	0.5898
862	0.6495	0.46	1.0721	0.6103	0.9281	0.5884
863	0.6301	0.4328	1.0786	0.6059	0.9362	0.5645
864	0.6825	0.4815	1.1235	0.6424	0.978	0.6089
865	0.6297	0.4351	1.0688	0.6074	0.9271	0.5714
866	0.6308	0.4327	1.0727	0.6013	0.929	0.5657
867	0.6244	0.4332	1.0524	0.586	0.9155	0.5662
868	0.6216	0.4276	1.0758	0.594	0.9314	0.5636
869	0.6177	0.422	1.068	0.5899	0.9261	0.556
870	0.6122	0.418	1.0658	0.5838	0.9151	0.5524
871	0.6193	0.4261	1.0608	0.5881	0.9136	0.5613
872	0.6159	0.4216	1.0718	0.5928	0.9184	0.5576
873	0.6131	0.4188	1.0704	0.5904	0.9225	0.5555
874	0.6305	0.4364	1.0724	0.6063	0.9263	0.5674
875	0.613	0.4204	1.0639	0.5869	0.9155	0.5534
876	0.6175	0.4264	1.0581	0.5889	0.9038	0.5606
877	0.6325	0.4364	1.0897	0.6072	0.9472	0.5687
878	0.6093	0.4144	1.0657	0.5878	0.9144	0.5514
879	0.6247	0.4315	1.0798	0.6046	0.9377	0.5691
880	0.6363	0.4404	1.0782	0.6086	0.9453	0.5763
881	0.6267	0.4373	1.0523	0.5971	0.9137	0.5689
882	0.6098	0.4159	1.0548	0.5843	0.9103	0.552
883	0.6186	0.4288	1.0488	0.5932	0.9118	0.5647
884	0.6194	0.4281	1.054	0.5882	0.9043	0.5614
885	0.6167	0.425	1.0618	0.5879	0.9116	0.56
886	0.7053	0.5181	1.1065	0.6647	0.9799	0.6344
887	0.6543	0.4705	1.0714	0.6175	0.9209	0.5941
888	0.6436	0.4474	1.0849	0.6122	0.9469	0.5798
889	0.6161	0.4254	1.0598	0.5886	0.919	0.5625
890	0.6219	0.4282	1.0598	0.596	0.9226	0.5657
891	0.6154	0.4224	1.0641	0.59	0.9272	0.5586
892	0.6142	0.4234	1.0548	0.5859	0.9113	0.5562
893	0.6107	0.4176	1.0508	0.5827	0.9142	0.554
894	0.6093	0.4149	1.0509	0.5837	0.9134	0.5531
895	0.6118	0.4179	1.055	0.5856	0.9137	0.5569
896	0.6116	0.4196	1.0571	0.5848	0.9231	0.5602
897	0.6088	0.4177	1.0648	0.5933	0.9084	0.5545
898	0.6142	0.4207	1.0766	0.5952	0.9322	0.5572
899	0.657	0.4658	1.0812	0.6229	0.9328	0.5944
900	0.6146	0.4235	1.0727	0.588	0.919	0.5599
901	0.6089	0.4161	1.0725	0.5887	0.9255	0.5555
902	0.6182	0.426	1.0806	0.6056	0.9305	0.5583
903	0.6016	0.4101	1.0675	0.5799	0.9051	0.5481
904	0.6044	0.4154	1.06	0.5822	0.9018	0.5505
905	0.621	0.4294	1.0843	0.6015	0.9288	0.5607
906	0.6037	0.4131	1.062	0.582	0.9077	0.5516
907	0.6082	0.4175	1.0744	0.5869	0.927	0.555
908	0.6007	0.4107	1.0568	0.5794	0.9	0.5489
909	0.6014	0.4119	1.0586	0.5841	0.9105	0.5556
910	0.6339	0.4442	1.0953	0.6131	0.9419	0.5808
911	0.604	0.4153	1.0528	0.5827	0.8973	0.555
912	0.6227	0.4334	1.0699	0.5956	0.9157	0.5743
913	0.641	0.4525	1.094	0.6224	0.9405	0.5842
914	0.6009	0.4113	1.0508	0.5848	0.9033	0.5538
915	0.6103	0.4223	1.0669	0.5898	0.9149	0.5628
916	0.6033	0.4123	1.0697	0.5889	0.9196	0.5517
917	0.71	0.5174	1.13	0.6673	1.0036	0.6401
918	0.6403	0.4582	1.0838	0.6255	0.9323	0.592
919	0.6025	0.4129	1.063	0.5871	0.9144	0.553
920	0.6696	0.4797	1.0943	0.6472	0.9568	0.6087
921	0.6117	0.4231	1.0648	0.5876	0.9048	0.5561
922	0.6111	0.4228	1.0599	0.5909	0.9051	0.558
923	0.6053	0.4171	1.0551	0.5859	0.8967	0.5549
924	0.6158	0.4282	1.0579	0.5907	0.8965	0.5616
925	0.6078	0.4177	1.0551	0.5887	0.9156	0.5578
926	0.6043	0.4151	1.0493	0.5863	0.9031	0.5555
927	0.5977	0.4084	1.049	0.5814	0.9126	0.551
928	0.6125	0.4222	1.0595	0.5922	0.9213	0.5597
929	0.6019	0.4143	1.0556	0.5847	0.9133	0.5551
930	0.6042	0.418	1.0608	0.593	0.9126	0.558
931	0.6174	0.429	1.0695	0.5993	0.9231	0.5631
932	0.6043	0.4179	1.0619	0.5873	0.9081	0.5563
933	0.5965	0.4094	1.0559	0.5778	0.9008	0.5511
934	0.5989	0.4077	1.0552	0.5813	0.9084	0.5503
935	0.597	0.4093	1.0578	0.5778	0.9005	0.5493
936	0.603	0.4134	1.0691	0.583	0.913	0.5554
937	0.606	0.4189	1.0608	0.5885	0.9103	0.5614
938	0.6053	0.4155	1.0776	0.5945	0.9198	0.557
939	0.6197	0.4299	1.0857	0.6054	0.9342	0.5662
940	0.5959	0.4071	1.0566	0.5796	0.9086	0.5472
941	0.6102	0.4196	1.0662	0.5928	0.9189	0.5578
942	0.598	0.4097	1.0654	0.5863	0.9184	0.5524
943	0.594	0.4067	1.0531	0.5828	0.8996	0.5511
944	0.6049	0.4181	1.0655	0.5911	0.9141	0.5581
945	0.6018	0.4119	1.0551	0.5897	0.9069	0.5514
946	0.6026	0.4154	1.0567	0.5827	0.9154	0.5599
947	0.6123	0.4259	1.0475	0.5919	0.9073	0.5654
948	0.597	0.41	1.062	0.5822	0.9137	0.5503
949	0.6484	0.4658	1.0926	0.6377	0.9463	0.5959
950	0.6034	0.4186	1.0633	0.586	0.9079	0.5587
951	0.6018	0.4127	1.0745	0.5939	0.9161	0.5506
952	0.6054	0.4147	1.0925	0.5972	0.9329	0.5509
953	0.5924	0.4055	1.0615	0.586	0.9059	0.5489
954	0.5929	0.404	1.0691	0.5862	0.9201	0.5498
955	0.6359	0.4478	1.0703	0.6147	0.9323	0.5794
956	0.6045	0.4167	1.0495	0.5887	0.9132	0.5558
957	0.5955	0.4081	1.0557	0.5794	0.9	0.5495
958	0.6153	0.4253	1.0815	0.6009	0.9219	0.5644
959	0.5949	0.4077	1.0765	0.5923	0.9078	0.5528
960	0.5962	0.4109	1.0788	0.5973	0.9138	0.5518
961	0.5984	0.4097	1.0868	0.5958	0.9298	0.5509
962	0.624	0.4368	1.084	0.6106	0.9263	0.5765
963	0.6004	0.4124	1.0792	0.5935	0.9181	0.558
964	0.5974	0.4118	1.0584	0.5892	0.8938	0.5505
965	0.6763	0.4944	1.1069	0.6581	0.9688	0.6252
966	0.6817	0.5002	1.108	0.6482	0.9505	0.6265
967	0.6172	0.4295	1.0624	0.5993	0.903	0.5718
968	0.6003	0.4105	1.076	0.5886	0.9086	0.5482
969	0.6096	0.4238	1.061	0.596	0.9123	0.5645
970	0.6129	0.4272	1.0705	0.6008	0.9198	0.5656
971	0.6171	0.4364	1.0703	0.6063	0.9121	0.5748
972	0.591	0.4057	1.0499	0.5848	0.8836	0.5481
973	0.6457	0.4621	1.1142	0.636	0.954	0.5924
974	0.5964	0.4099	1.07	0.5899	0.907	0.5527
975	0.6145	0.4316	1.0761	0.5993	0.9124	0.5729
976	0.6177	0.4387	1.089	0.6155	0.926	0.5755
977	0.635	0.4535	1.0966	0.6296	0.9518	0.5894
978	0.6038	0.419	1.0547	0.5884	0.892	0.556
979	0.5876	0.4021	1.0598	0.5879	0.9067	0.5499
980	0.5879	0.4004	1.0773	0.5881	0.9188	0.5504
981	0.6204	0.443	1.0758	0.612	0.9134	0.5797
982	0.5954	0.4104	1.0636	0.5891	0.9144	0.5547
983	0.5884	0.4041	1.0544	0.5868	0.9028	0.5474
984	0.5851	0.3984	1.0485	0.5793	0.885	0.5423
985	0.5857	0.3999	1.0751	0.586	0.9126	0.5439
986	0.6075	0.4237	1.0731	0.6032	0.9174	0.5652
987	0.634	0.4544	1.0815	0.6234	0.9274	0.5896
988	0.6101	0.422	1.0862	0.6034	0.9356	0.5642
989	0.5821	0.3949	1.0522	0.5784	0.8941	0.5436
990	0.6355	0.4568	1.0784	0.629	0.9381	0.5988
991	0.5857	0.4008	1.0504	0.5757	0.9053	0.5498
992	0.6006	0.4194	1.0489	0.5857	0.8929	0.5571
993	0.5857	0.4026	1.053	0.5821	0.9088	0.5485
994	0.5908	0.4077	1.0556	0.5846	0.9031	0.5519
995	0.5826	0.4004	1.0502	0.5767	0.8967	0.5507
996	0.5871	0.404	1.0627	0.5831	0.8947	0.5531
997	0.5843	0.3983	1.0758	0.5865	0.9281	0.5494
998	0.5883	0.4068	1.0445	0.5884	0.8876	0.5487
999	0.5906	0.4069	1.072	0.5931	0.9152	0.551
1000	0.5859	0.4021	1.0528	0.5858	0.9002	0.5478
1001	0.5758	0.3915	1.0582	0.5799	0.901	0.5415
1002	0.5745	0.3914	1.0536	0.5747	0.8953	0.5424
1003	0.581	0.3963	1.07	0.5836	0.9134	0.5443
1004	0.5764	0.3933	1.0575	0.5779	0.8974	0.5446
1005	0.5751	0.3903	1.0635	0.5792	0.9038	0.5407
1006	0.5783	0.394	1.0655	0.5833	0.906	0.5433
1007	0.5742	0.391	1.0562	0.5765	0.8939	0.5423
1008	0.5777	0.393	1.0662	0.5836	0.9075	0.5422
1009	0.5723	0.3882	1.0626	0.5787	0.9032	0.5389
1010	0.5718	0.3878	1.0635	0.5792	0.902	0.5389
1011	0.579	0.3945	1.0691	0.5861	0.9092	0.5438
1012	0.5715	0.3872	1.0564	0.5775	0.8957	0.5394
1013	0.5741	0.3906	1.0631	0.5819	0.9027	0.5426
1014	0.5716	0.3877	1.0586	0.5777	0.899	0.5394
1015	0.5725	0.3886	1.06	0.5784	0.9007	0.5395
1016	0.5719	0.3878	1.0621	0.5803	0.9023	0.5393
1017	0.5705	0.387	1.0546	0.5762	0.8934	0.539
1018	0.5765	0.3915	1.0702	0.5859	0.9089	0.5425
1019	0.572	0.3882	1.0584	0.5778	0.8961	0.5401
1020	0.5765	0.3926	1.0752	0.5855	0.9154	0.5434
1021	0.5715	0.3881	1.0653	0.5792	0.9044	0.5409
1022	0.5703	0.3868	1.0622	0.5776	0.899	0.5402
1023	0.5716	0.3876	1.0632	0.5792	0.9017	0.5413
1024	0.5703	0.3859	1.0593	0.5778	0.8988	0.5401
1025	0.5708	0.3882	1.0543	0.5775	0.8962	0.5424
1026	0.5722	0.3881	1.0589	0.5799	0.9037	0.5421
1027	0.5724	0.3884	1.0563	0.578	0.899	0.5408
1028	0.569	0.3852	1.058	0.5767	0.8977	0.5385
1029	0.5697	0.3864	1.0576	0.5776	0.8978	0.5404
1030	0.5692	0.3855	1.0539	0.5758	0.8954	0.5398
1031	0.5714	0.3873	1.0605	0.5798	0.9027	0.5414
1032	0.5706	0.387	1.0591	0.5785	0.9015	0.5414
1033	0.5692	0.386	1.057	0.5776	0.8987	0.5402
1034	0.5776	0.3936	1.0637	0.5833	0.9068	0.5446
1035	0.5701	0.3873	1.0544	0.5778	0.8956	0.5404
1036	0.5806	0.3963	1.0682	0.5877	0.9104	0.546
1037	0.5685	0.3849	1.0574	0.5771	0.8988	0.5383
1038	0.5686	0.3859	1.0552	0.5772	0.8947	0.5387
1039	0.5705	0.3869	1.0599	0.579	0.9008	0.5395
1040	0.5689	0.3859	1.052	0.5758	0.8942	0.5392
1041	0.5819	0.3973	1.0698	0.5887	0.9137	0.5463
1042	0.5692	0.3866	1.0468	0.5742	0.8871	0.539
1043	0.574	0.3917	1.0608	0.5843	0.8995	0.5443
1044	0.5679	0.3848	1.0558	0.5754	0.8951	0.5388
1045	0.569	0.3855	1.0605	0.5767	0.9022	0.5389
1046	0.5709	0.3874	1.0635	0.5788	0.9065	0.5403
1047	0.5734	0.3903	1.0614	0.5809	0.904	0.5424
1048	0.5699	0.3868	1.0616	0.5812	0.902	0.5404
1049	0.5672	0.3843	1.055	0.5776	0.8935	0.5388
1050	0.5691	0.3854	1.0618	0.58	0.902	0.5397
1051	0.569	0.3854	1.0598	0.5788	0.9022	0.5404
1052	0.5733	0.3896	1.0637	0.5823	0.908	0.5425
1053	0.5698	0.3878	1.0556	0.5777	0.8974	0.5405
1054	0.5722	0.3916	1.0545	0.5815	0.8926	0.5444
1055	0.5707	0.3873	1.0627	0.5821	0.9024	0.5405
1056	0.5701	0.3878	1.0543	0.5782	0.8983	0.5418
1057	0.5684	0.3846	1.0599	0.5788	0.9044	0.54
1058	0.5685	0.3853	1.0626	0.578	0.9046	0.5401
1059	0.5712	0.3883	1.0649	0.5796	0.9068	0.5419
1060	0.5677	0.3855	1.0552	0.5762	0.9001	0.5418
1061	0.5676	0.3855	1.0545	0.5783	0.8995	0.542
1062	0.5725	0.39	1.0596	0.5816	0.9063	0.5437
1063	0.5706	0.3876	1.0633	0.5815	0.9096	0.5422
1064	0.5666	0.3837	1.0542	0.5773	0.9009	0.5404
1065	0.5669	0.3843	1.0527	0.5775	0.9012	0.5416
1066	0.5658	0.3833	1.0521	0.5755	0.898	0.5413
1067	0.5666	0.3842	1.0553	0.5784	0.8991	0.5416
1068	0.566	0.3839	1.0523	0.5762	0.8957	0.5401
1069	0.5666	0.384	1.0541	0.5779	0.8962	0.54
1070	0.5795	0.3971	1.0669	0.5871	0.9097	0.5478
1071	0.5676	0.3852	1.0579	0.5775	0.8989	0.5392
1072	0.5698	0.388	1.0617	0.5787	0.9017	0.5426
1073	0.5709	0.3886	1.0554	0.5785	0.8957	0.5422
1074	0.5766	0.3931	1.0679	0.5853	0.9074	0.5451
1075	0.5665	0.3852	1.0539	0.5741	0.8918	0.5399
1076	0.5685	0.3859	1.0636	0.5794	0.9029	0.54
1077	0.5658	0.3831	1.0593	0.5771	0.899	0.5388
1078	0.566	0.3834	1.0578	0.5757	0.8978	0.5391
1079	0.5666	0.3841	1.0626	0.578	0.9032	0.5402
1080	0.569	0.3863	1.0611	0.5791	0.9029	0.5421
1081	0.5682	0.3848	1.0615	0.5794	0.9045	0.5399
1082	0.5662	0.3842	1.0556	0.5776	0.8998	0.5397
1083	0.5725	0.3907	1.0601	0.5813	0.9063	0.5444
1084	0.5827	0.4044	1.0699	0.594	0.9133	0.5561
1085	0.5658	0.3836	1.0548	0.576	0.8964	0.5391
1086	0.5769	0.3946	1.0655	0.5851	0.9094	0.5463
1087	0.5719	0.3897	1.0631	0.5809	0.9032	0.541
1088	0.5662	0.384	1.056	0.5756	0.8938	0.5375
1089	0.5661	0.3847	1.056	0.5756	0.8932	0.5391
1090	0.565	0.3832	1.0543	0.5749	0.8935	0.5384
1091	0.5691	0.3867	1.0596	0.5786	0.9018	0.5416
1092	0.5652	0.3828	1.0587	0.5774	0.9019	0.5395
1093	0.5647	0.3826	1.057	0.5764	0.8993	0.5395
1094	0.571	0.3886	1.0629	0.5813	0.9046	0.5433
1095	0.5687	0.3861	1.0621	0.58	0.9019	0.5416
1096	0.5696	0.389	1.0626	0.5816	0.9017	0.5438
1097	0.5642	0.3819	1.0593	0.5744	0.8993	0.5381
1098	0.5767	0.3949	1.0701	0.5842	0.9085	0.5457
1099	0.5662	0.3855	1.063	0.5795	0.8963	0.5395
1100	0.5649	0.3831	1.0624	0.5775	0.8947	0.5377
1101	0.5707	0.3887	1.0674	0.5819	0.9041	0.5407
1102	0.5649	0.3835	1.0605	0.5785	0.8983	0.5376
1103	0.564	0.3821	1.0603	0.5769	0.8975	0.5373
1104	0.5652	0.3827	1.0628	0.5787	0.8993	0.5376
1105	0.5653	0.3838	1.0603	0.5774	0.898	0.5381
1106	0.568	0.3867	1.0609	0.578	0.9001	0.5406
1107	0.5661	0.3852	1.0594	0.5798	0.8941	0.5392
1108	0.564	0.3826	1.0555	0.5761	0.8907	0.5383
1109	0.5669	0.3848	1.064	0.5793	0.9005	0.5389
1110	0.5682	0.3864	1.0651	0.5796	0.9025	0.5401
1111	0.5626	0.3805	1.0597	0.5759	0.8968	0.5366
1112	0.5652	0.3851	1.0569	0.5788	0.8947	0.5395
1113	0.5658	0.3846	1.0592	0.5797	0.8957	0.539
1114	0.5664	0.3849	1.0594	0.5802	0.8962	0.5394
1115	0.5662	0.3843	1.0666	0.5806	0.9049	0.5384
1116	0.5653	0.3845	1.0629	0.5787	0.8999	0.5388
1117	0.5625	0.3817	1.0538	0.5742	0.8888	0.5375
1118	0.564	0.383	1.0595	0.5781	0.8955	0.5388
1119	0.5688	0.3869	1.0692	0.5815	0.9089	0.5415
1120	0.5666	0.3856	1.0596	0.578	0.9011	0.5414
1121	0.5662	0.384	1.0648	0.5799	0.9052	0.5395
1122	0.5629	0.3817	1.0545	0.5735	0.8915	0.5391
1123	0.5666	0.385	1.0661	0.5812	0.9034	0.5404
1124	0.5625	0.3818	1.057	0.575	0.8926	0.5394
1125	0.5619	0.3801	1.0593	0.5753	0.8953	0.5379
1126	0.5639	0.3827	1.0589	0.5781	0.8962	0.539
1127	0.5653	0.3833	1.0587	0.5767	0.8986	0.5373
1128	0.5647	0.3833	1.0602	0.5772	0.9004	0.5373
1129	0.5626	0.3816	1.0597	0.5747	0.8985	0.5366
1130	0.5706	0.3928	1.0627	0.584	0.8985	0.5458
1131	0.5625	0.3822	1.0536	0.5748	0.8922	0.5382
1132	0.5964	0.4167	1.0772	0.6035	0.9234	0.5648
1133	0.5623	0.3806	1.0588	0.5766	0.8991	0.5369
1134	0.562	0.381	1.058	0.5747	0.896	0.5378
1135	0.5625	0.3811	1.0619	0.5773	0.8997	0.5376
1136	0.5623	0.3806	1.0588	0.5767	0.8977	0.5381
1137	0.5681	0.3871	1.0618	0.58	0.903	0.5424
1138	0.5619	0.3801	1.0586	0.5769	0.8985	0.5375
1139	0.5615	0.3798	1.0574	0.5761	0.8951	0.5366
1140	0.5635	0.3818	1.0578	0.5774	0.8943	0.5376
1141	0.5657	0.3841	1.0597	0.578	0.8985	0.5398
1142	0.5614	0.3807	1.0563	0.5755	0.8942	0.5378
1143	0.5634	0.3823	1.0612	0.5785	0.899	0.538
1144	0.5664	0.3851	1.062	0.5785	0.9012	0.5415
1145	0.5626	0.3805	1.0629	0.5782	0.9009	0.5397
1146	0.5612	0.3798	1.0554	0.5752	0.8937	0.5384
1147	0.5608	0.3795	1.0579	0.5757	0.8957	0.5375
1148	0.5612	0.3798	1.0591	0.5761	0.8967	0.5368
1149	0.5647	0.3834	1.0572	0.5771	0.8964	0.539
1150	0.5609	0.3806	1.0529	0.5757	0.8929	0.5371
1151	0.5611	0.3808	1.0535	0.5761	0.8922	0.538
1152	0.5619	0.3797	1.0602	0.5779	0.8994	0.5375
1153	0.5634	0.3819	1.062	0.5788	0.9014	0.5376
1154	0.5659	0.3855	1.0597	0.5781	0.897	0.5399
1155	0.5662	0.3849	1.0632	0.5789	0.8989	0.5393
1156	0.5615	0.3805	1.0589	0.5782	0.895	0.5386
1157	0.565	0.3852	1.0601	0.5806	0.898	0.5425
1158	0.5697	0.388	1.0729	0.583	0.9112	0.5426
1159	0.5749	0.394	1.0733	0.5863	0.9128	0.5475
1160	0.5605	0.3799	1.0621	0.5791	0.8976	0.5372
1161	0.5626	0.382	1.0587	0.5783	0.8944	0.5388
1162	0.5601	0.3798	1.0562	0.5763	0.8915	0.538
1163	0.5606	0.3799	1.058	0.5772	0.8943	0.5367
1164	0.5624	0.381	1.0641	0.5785	0.9022	0.5381
1165	0.5602	0.3791	1.0576	0.5762	0.8967	0.5365
1166	0.5655	0.387	1.0576	0.581	0.8956	0.5427
1167	0.5597	0.3788	1.0566	0.5734	0.8935	0.536
1168	0.5628	0.3815	1.0625	0.5772	0.9	0.5377
1169	0.5589	0.3781	1.053	0.5748	0.8916	0.5366
1170	0.5599	0.3793	1.0551	0.5771	0.894	0.5382
1171	0.5608	0.3799	1.0627	0.5774	0.9031	0.5379
1172	0.5663	0.3857	1.0642	0.5804	0.9044	0.5417
1173	0.5588	0.3778	1.0595	0.5767	0.8972	0.5358
1174	0.5585	0.3773	1.06	0.5755	0.8986	0.5361
1175	0.5599	0.3789	1.0596	0.5761	0.8969	0.5372
1176	0.5605	0.3799	1.06	0.577	0.8979	0.5376
1177	0.5603	0.3793	1.0603	0.5774	0.8986	0.5367
1178	0.5588	0.3779	1.0626	0.5766	0.8978	0.537
1179	0.5641	0.3833	1.0652	0.5797	0.9004	0.5405
1180	0.567	0.3857	1.0684	0.5827	0.9036	0.5409
1181	0.5589	0.3785	1.0607	0.5748	0.8968	0.5376
1182	0.5608	0.3803	1.0632	0.5756	0.8996	0.5362
1183	0.5606	0.3799	1.0632	0.5768	0.8975	0.535
1184	0.559	0.3789	1.0558	0.5763	0.8922	0.5355
1185	0.5591	0.3792	1.0529	0.5775	0.8908	0.5375
1186	0.5608	0.3809	1.0611	0.5798	0.8995	0.5384
1187	0.5588	0.3785	1.0626	0.5768	0.8989	0.5357
1188	0.5618	0.3813	1.0608	0.5797	0.899	0.5382
1189	0.5601	0.3794	1.0616	0.5778	0.8982	0.5377
1190	0.5658	0.3849	1.0689	0.5808	0.9058	0.5415
1191	0.5621	0.3818	1.0651	0.5774	0.9027	0.5391
1192	0.5604	0.38	1.0658	0.5792	0.9023	0.5365
1193	0.56	0.3803	1.0579	0.5779	0.8935	0.5359
1194	0.5603	0.38	1.0609	0.5777	0.8976	0.5364
1195	0.5596	0.3789	1.0625	0.5753	0.8991	0.5359
1196	0.5577	0.378	1.0541	0.5734	0.8887	0.5359
1197	0.5609	0.3819	1.0586	0.581	0.8941	0.5372
1198	0.5628	0.3839	1.0582	0.5784	0.8934	0.5402
1199	0.5651	0.3842	1.0653	0.5802	0.9053	0.5396
1200	0.5626	0.3822	1.0597	0.5787	0.9001	0.5395
1201	0.5616	0.3812	1.06	0.5776	0.8983	0.5377
1202	0.56	0.3805	1.0648	0.5785	0.9017	0.5371
1203	0.5619	0.3817	1.0617	0.5769	0.9003	0.5388
1204	0.5606	0.38	1.0629	0.5794	0.9007	0.5385
1205	0.5573	0.3773	1.0586	0.5742	0.8953	0.5385
1206	0.5596	0.3791	1.0665	0.5784	0.9022	0.5381
1207	0.5612	0.381	1.0645	0.5771	0.9008	0.5377
1208	0.5588	0.3786	1.0674	0.5784	0.9016	0.5372
1209	0.5582	0.3777	1.066	0.5773	0.8991	0.5362
1210	0.5577	0.3774	1.0631	0.5762	0.8979	0.5358
1211	0.5606	0.3806	1.0563	0.5762	0.8946	0.5385
1212	0.5592	0.3783	1.0593	0.5761	0.8984	0.5368
1213	0.5575	0.377	1.0595	0.5754	0.8957	0.5356
1214	0.5592	0.3785	1.0628	0.5794	0.8975	0.5368
1215	0.5642	0.3836	1.0623	0.5809	0.8975	0.5398
1216	0.5594	0.3784	1.0581	0.5776	0.8935	0.536
1217	0.5575	0.3765	1.0578	0.5752	0.8951	0.5347
1218	0.5576	0.3773	1.0558	0.5749	0.894	0.5373
1219	0.56	0.3799	1.0582	0.5777	0.8973	0.5388
1220	0.5607	0.3797	1.0584	0.5767	0.8993	0.5392
1221	0.5594	0.3784	1.0607	0.5767	0.8982	0.5368
1222	0.5571	0.378	1.0557	0.5759	0.89	0.5344
1223	0.5579	0.3779	1.0587	0.5759	0.8949	0.5357
1224	0.5609	0.3809	1.0721	0.5829	0.9078	0.5382
1225	0.558	0.3782	1.0516	0.5755	0.8896	0.5374
1226	0.5597	0.3791	1.0639	0.5807	0.9015	0.5384
1227	0.557	0.3771	1.0554	0.5756	0.8936	0.5373
1228	0.5584	0.378	1.0592	0.5766	0.8994	0.5376
1229	0.5631	0.3829	1.0636	0.5786	0.9061	0.5386
1230	0.5571	0.3774	1.0534	0.5739	0.8929	0.5348
1231	0.5588	0.3801	1.0583	0.5801	0.8939	0.5385
1232	0.5564	0.3771	1.0533	0.5752	0.8886	0.5371
1233	0.5579	0.3775	1.0632	0.5784	0.898	0.538
1234	0.5561	0.3759	1.0612	0.5775	0.8961	0.5367
1235	0.5571	0.3782	1.0586	0.5777	0.8972	0.538
1236	0.5576	0.3775	1.0634	0.5783	0.8997	0.5371
1237	0.5598	0.3797	1.064	0.579	0.9018	0.5384
1238	0.5557	0.377	1.0528	0.576	0.8918	0.5359
1239	0.5565	0.3774	1.0574	0.5781	0.8961	0.536
1240	0.5559	0.3764	1.0571	0.5768	0.8941	0.5353
1241	0.5609	0.3812	1.0627	0.5816	0.9019	0.5385
1242	0.5598	0.3809	1.0577	0.5796	0.8954	0.5382
1243	0.5629	0.3835	1.0626	0.582	0.8981	0.5385
1244	0.5559	0.3762	1.0591	0.576	0.8922	0.5328
1245	0.5555	0.3766	1.0584	0.5761	0.8897	0.5325
1246	0.5547	0.3755	1.0577	0.5738	0.8921	0.5339
1247	0.5565	0.3765	1.0616	0.5761	0.8974	0.5357
1248	0.556	0.3764	1.0638	0.5784	0.8992	0.536
1249	0.5542	0.3744	1.0605	0.5751	0.8955	0.536
1250	0.5559	0.3759	1.0644	0.5785	0.9005	0.5377
1251	0.5565	0.377	1.0619	0.5774	0.8974	0.5383
1252	0.5546	0.3754	1.0591	0.5754	0.8922	0.5351
1253	0.5591	0.3796	1.061	0.5776	0.8945	0.5375
1254	0.5598	0.3808	1.0566	0.5765	0.8927	0.5388
1255	0.5563	0.3759	1.0621	0.5773	0.8978	0.535
1256	0.554	0.3745	1.0561	0.5755	0.8891	0.5353
1257	0.5555	0.376	1.0577	0.5775	0.8916	0.5355
1258	0.5537	0.3747	1.0538	0.5751	0.8872	0.5344
1259	0.5549	0.3755	1.0593	0.5771	0.8954	0.5345
1260	0.5578	0.378	1.0641	0.5792	0.9002	0.5362
1261	0.5564	0.3768	1.0581	0.5772	0.8951	0.5354
1262	0.555	0.3763	1.0538	0.5757	0.8907	0.5367
1263	0.558	0.3789	1.0535	0.5769	0.8908	0.5381
1264	0.5578	0.3787	1.0584	0.5785	0.8932	0.5361
1265	0.5537	0.3752	1.0555	0.5741	0.8892	0.5362
1266	0.5577	0.3787	1.0686	0.5812	0.903	0.5389
1267	0.5569	0.3783	1.0616	0.5761	0.8958	0.5381
1268	0.5602	0.3801	1.0716	0.5808	0.9076	0.5389
1269	0.5534	0.3748	1.0513	0.5733	0.8882	0.5361
1270	0.555	0.3767	1.0534	0.5772	0.8924	0.5373
1271	0.5537	0.3748	1.0554	0.5744	0.8953	0.5363
1272	0.5547	0.376	1.0608	0.5771	0.8984	0.5364
1273	0.5552	0.3762	1.0616	0.5764	0.8989	0.5358
1274	0.5581	0.3802	1.0548	0.5769	0.8939	0.5379
1275	0.5533	0.375	1.0511	0.5725	0.8896	0.5358
1276	0.5546	0.3766	1.0565	0.5731	0.8924	0.5378
1277	0.5539	0.3753	1.0566	0.5731	0.8916	0.5347
1278	0.5561	0.378	1.0561	0.5743	0.8917	0.5353
1279	0.5591	0.38	1.0675	0.5792	0.9028	0.5367
1280	0.5539	0.3755	1.0618	0.5747	0.8957	0.5343
1281	0.5529	0.3747	1.0543	0.5737	0.8867	0.5339
1282	0.5542	0.3764	1.0603	0.5777	0.8915	0.5355
1283	0.5535	0.3749	1.0604	0.5746	0.8963	0.5343
1284	0.558	0.3796	1.062	0.5777	0.9043	0.5389
1285	0.5549	0.3764	1.0578	0.5764	0.8987	0.5373
1286	0.5566	0.3784	1.0583	0.5774	0.8976	0.5403
1287	0.5536	0.375	1.059	0.5755	0.8978	0.536
1288	0.5529	0.3745	1.0582	0.5737	0.8966	0.5352
1289	0.5534	0.3757	1.0593	0.5755	0.8944	0.5349
1290	0.5528	0.3744	1.0593	0.5742	0.8961	0.5357
1291	0.5539	0.3757	1.0622	0.5771	0.9	0.5376
1292	0.5539	0.3765	1.0552	0.5751	0.8938	0.5377
1293	0.5512	0.3724	1.0553	0.5715	0.892	0.5337
1294	0.5555	0.3775	1.0555	0.5765	0.8935	0.5364
1295	0.5588	0.3806	1.0516	0.5758	0.8911	0.5394
1296	0.5538	0.3741	1.0574	0.5732	0.8958	0.534
1297	0.5526	0.3748	1.0492	0.5705	0.8867	0.5352
1298	0.552	0.3733	1.0558	0.5719	0.8921	0.5335
1299	0.5524	0.3739	1.0557	0.5719	0.893	0.5346
1300	0.5543	0.3761	1.0582	0.5745	0.8968	0.5368
1301	0.5521	0.3737	1.0571	0.5741	0.894	0.5354
1302	0.5521	0.374	1.0592	0.575	0.8946	0.5341
1303	0.5538	0.3762	1.0601	0.5745	0.893	0.536
1304	0.552	0.3738	1.0594	0.5752	0.8917	0.5342
1305	0.5558	0.3781	1.0642	0.5797	0.8982	0.5367
1306	0.5549	0.3779	1.0578	0.5765	0.8942	0.539
1307	0.5536	0.3763	1.0635	0.5784	0.8988	0.5386
1308	0.5519	0.3748	1.0532	0.5728	0.8898	0.5377
1309	0.5525	0.3749	1.0613	0.577	0.899	0.5365
1310	0.557	0.3798	1.0658	0.578	0.9021	0.5378
1311	0.554	0.3765	1.0633	0.5772	0.8982	0.5365
1312	0.5505	0.3733	1.0559	0.5755	0.8895	0.5349
1313	0.5525	0.3738	1.0658	0.5769	0.9012	0.5361
1314	0.554	0.3754	1.0668	0.5764	0.9034	0.5369
1315	0.5557	0.3774	1.0597	0.5777	0.9007	0.5388
1316	0.5555	0.3771	1.063	0.5794	0.9016	0.5388
1317	0.5535	0.3761	1.0635	0.5773	0.8986	0.5376
1318	0.5547	0.3765	1.0691	0.5786	0.9038	0.5366
1319	0.5537	0.3762	1.0627	0.5765	0.9002	0.538
1320	0.5523	0.3741	1.0663	0.5782	0.9009	0.5355
1321	0.5507	0.3725	1.0608	0.5733	0.8919	0.535
1322	0.5519	0.3751	1.0594	0.5781	0.8922	0.5371
1323	0.5524	0.375	1.0567	0.5759	0.8928	0.5367
1324	0.5588	0.3807	1.0684	0.5827	0.904	0.5389
1325	0.5508	0.373	1.0496	0.5708	0.8832	0.535
1326	0.5561	0.3779	1.065	0.582	0.9017	0.5383
1327	0.5685	0.3923	1.0679	0.5893	0.9076	0.5495
1328	0.5649	0.3876	1.0669	0.5872	0.9049	0.5447
1329	0.5501	0.373	1.0524	0.576	0.8879	0.5345
1330	0.5496	0.372	1.0547	0.5745	0.8915	0.534
1331	0.5546	0.3765	1.0644	0.5795	0.8999	0.5358
1332	0.5503	0.3729	1.0543	0.5752	0.8888	0.5336
1333	0.553	0.3744	1.0616	0.5773	0.8984	0.5353
1334	0.5533	0.3749	1.0616	0.5758	0.8995	0.5367
1335	0.552	0.3738	1.062	0.5755	0.9008	0.5359
1336	0.5534	0.3751	1.0613	0.5771	0.8989	0.5368
1337	0.5487	0.3706	1.0571	0.5726	0.8922	0.5343
1338	0.5521	0.3738	1.0661	0.5778	0.8992	0.5352
1339	0.5495	0.372	1.0593	0.573	0.8891	0.533
1340	0.5532	0.3748	1.0644	0.5766	0.897	0.5344
1341	0.5553	0.3781	1.0587	0.577	0.8947	0.5374
1342	0.5526	0.3746	1.0593	0.5768	0.8965	0.535
1343	0.5483	0.3707	1.0523	0.5708	0.8868	0.5321
1344	0.5519	0.375	1.0614	0.5762	0.8973	0.5353
1345	0.5488	0.3714	1.0536	0.5726	0.8898	0.5333
1346	0.559	0.3812	1.0647	0.5818	0.8998	0.5398
1347	0.55	0.373	1.053	0.5729	0.8882	0.5346
1348	0.5525	0.3747	1.0635	0.5776	0.8987	0.5351
1349	0.5522	0.3752	1.0587	0.5778	0.8942	0.536
1350	0.5494	0.3717	1.0619	0.5761	0.8983	0.5339
1351	0.5504	0.3736	1.0547	0.5745	0.8932	0.5364
1352	0.5488	0.3721	1.0537	0.5754	0.8878	0.5331
1353	0.5555	0.3784	1.0627	0.5811	0.8949	0.537
1354	0.5488	0.3721	1.0562	0.5749	0.8868	0.5333
1355	0.5514	0.3737	1.0638	0.578	0.897	0.5356
1356	0.5487	0.3715	1.0581	0.5741	0.8882	0.5332
1357	0.5495	0.3725	1.0622	0.5766	0.8929	0.5335
1358	0.5491	0.3715	1.0584	0.5734	0.8928	0.5343
1359	0.5506	0.3731	1.0605	0.5782	0.8949	0.5359
1360	0.5496	0.3716	1.0573	0.575	0.8945	0.5349
1361	0.5503	0.372	1.0564	0.5733	0.895	0.5359
1362	0.5554	0.3763	1.0665	0.5793	0.9015	0.538
1363	0.5489	0.3717	1.0499	0.5691	0.8842	0.5356
1364	0.551	0.3741	1.0585	0.5771	0.8947	0.5363
1365	0.5494	0.3724	1.057	0.5749	0.8943	0.5336
1366	0.548	0.3706	1.0533	0.572	0.8901	0.5339
1367	0.5609	0.3826	1.0682	0.5834	0.907	0.543
1368	0.5612	0.3848	1.0685	0.5837	0.9054	0.5444
1369	0.5495	0.3724	1.0585	0.5732	0.8938	0.5346
1370	0.5492	0.3717	1.0568	0.5752	0.8931	0.5351
1371	0.5482	0.3702	1.0546	0.5733	0.8912	0.5355
1372	0.5502	0.3723	1.0575	0.575	0.8954	0.5377
1373	0.5487	0.3706	1.0547	0.574	0.894	0.5363
1374	0.5486	0.371	1.057	0.5729	0.8964	0.5368
1375	0.5481	0.3711	1.0572	0.5737	0.8932	0.5358
1376	0.5476	0.3714	1.0538	0.5742	0.8892	0.5354
1377	0.5507	0.3732	1.063	0.5777	0.8987	0.5372
1378	0.5487	0.3724	1.0554	0.5753	0.8912	0.5384
1379	0.5483	0.3719	1.0574	0.5769	0.8928	0.5371
1380	0.5505	0.3734	1.0582	0.5782	0.8936	0.5373
1381	0.5483	0.3714	1.0586	0.5778	0.8928	0.5355
1382	0.5517	0.3766	1.0576	0.5782	0.8923	0.5402
1383	0.5498	0.3729	1.0604	0.5773	0.8975	0.5373
1384	0.5594	0.3833	1.0646	0.5845	0.9026	0.5444
1385	0.5519	0.375	1.0584	0.5778	0.8955	0.5383
1386	0.5496	0.3727	1.0674	0.5775	0.9026	0.5372
1387	0.5466	0.3703	1.057	0.572	0.8908	0.5358
1388	0.5523	0.3763	1.0602	0.5803	0.8938	0.5382
1389	0.5513	0.3757	1.0608	0.5777	0.8944	0.5404
1390	0.5513	0.3741	1.0717	0.5787	0.9076	0.5378
1391	0.5494	0.3726	1.063	0.5773	0.8995	0.5357
1392	0.5461	0.3696	1.0579	0.5744	0.8912	0.5346
1393	0.5487	0.3729	1.0621	0.5778	0.8971	0.5384
1394	0.55	0.3749	1.059	0.5775	0.8943	0.5391
1395	0.5474	0.3716	1.0609	0.5753	0.8967	0.534
1396	0.553	0.3771	1.0646	0.5787	0.8985	0.5385
1397	0.5515	0.3753	1.0618	0.5771	0.8935	0.5376
1398	0.5475	0.3705	1.0635	0.576	0.8935	0.5342
1399	0.5462	0.3693	1.0551	0.5726	0.886	0.534
1400	0.5478	0.3712	1.0578	0.5751	0.8913	0.5357
1401	0.5546	0.3786	1.061	0.5808	0.8993	0.5394
1402	0.5509	0.3747	1.0591	0.5775	0.8977	0.5366
1403	0.5461	0.3692	1.0556	0.5731	0.8925	0.5332
1404	0.5465	0.37	1.0561	0.5728	0.8902	0.534
1405	0.5476	0.3713	1.0547	0.5731	0.8894	0.5345
1406	0.5461	0.3695	1.055	0.573	0.8896	0.5341
1407	0.548	0.3718	1.06	0.5756	0.8962	0.5378
1408	0.5557	0.3798	1.0625	0.5813	0.9014	0.5417
1409	0.5585	0.3825	1.065	0.5838	0.9043	0.5422
1410	0.5492	0.3724	1.0654	0.5784	0.901	0.535
1411	0.547	0.3714	1.0515	0.5736	0.8883	0.5346
1412	0.5471	0.3709	1.0549	0.5747	0.892	0.5351
1413	0.5496	0.3725	1.06	0.5761	0.8973	0.5362
1414	0.5454	0.3699	1.0494	0.572	0.885	0.5336
1415	0.5475	0.3717	1.0537	0.5744	0.8905	0.5353
1416	0.5557	0.3793	1.0652	0.5816	0.9036	0.5405
1417	0.545	0.3685	1.0546	0.5726	0.8906	0.5338
1418	0.5477	0.3722	1.0576	0.5765	0.8917	0.5356
1419	0.5457	0.3699	1.0547	0.573	0.8886	0.5326
1420	0.5516	0.3751	1.0645	0.577	0.9007	0.5346
1421	0.552	0.3764	1.0627	0.5766	0.8992	0.5368
1422	0.5477	0.3721	1.0578	0.5767	0.8924	0.5353
1423	0.5444	0.3685	1.0511	0.5708	0.8857	0.5338
1424	0.5521	0.3754	1.0663	0.5801	0.902	0.5383
1425	0.5531	0.3787	1.0581	0.578	0.895	0.5407
1426	0.552	0.3759	1.0655	0.5792	0.9026	0.5374
1427	0.5455	0.3697	1.0555	0.5719	0.8914	0.5336
1428	0.5447	0.3692	1.055	0.5732	0.8885	0.5336
1429	0.5456	0.3693	1.0574	0.5732	0.8907	0.5348
1430	0.5544	0.3779	1.0646	0.5793	0.9018	0.5411
1431	0.5443	0.3694	1.0509	0.5707	0.8845	0.5348
1432	0.547	0.3725	1.058	0.575	0.8896	0.5369
1433	0.5462	0.3709	1.0622	0.5753	0.8956	0.5363
1434	0.5518	0.3764	1.0631	0.5797	0.899	0.5394
1435	0.5533	0.3775	1.0636	0.58	0.9005	0.5416
1436	0.5466	0.3702	1.0589	0.5741	0.8941	0.5354
1437	0.5462	0.3708	1.0585	0.5732	0.8942	0.5354
1438	0.5481	0.3717	1.0561	0.5737	0.8926	0.5352
1439	0.5442	0.3684	1.0518	0.572	0.8868	0.5331
1440	0.5463	0.3711	1.0575	0.5732	0.8937	0.5362
1441	0.5502	0.3735	1.0703	0.5777	0.9067	0.5366
1442	0.5468	0.3708	1.0612	0.5758	0.8957	0.5349
1443	0.5436	0.3675	1.0537	0.5717	0.8865	0.5337
1444	0.5447	0.3685	1.0584	0.5736	0.8911	0.534
1445	0.5436	0.3675	1.055	0.5726	0.8888	0.5338
1446	0.5463	0.3696	1.0586	0.5755	0.8938	0.5332
1447	0.5456	0.3692	1.0632	0.5737	0.8993	0.5337
1448	0.5452	0.3703	1.0565	0.5742	0.8917	0.5367
1449	0.5457	0.3696	1.058	0.5757	0.8899	0.5348
1450	0.548	0.3719	1.0609	0.577	0.8936	0.5357
1451	0.5445	0.3692	1.0562	0.5741	0.891	0.5346
1452	0.5444	0.3689	1.0564	0.5755	0.8903	0.5332
1453	0.5459	0.3697	1.0613	0.5756	0.8966	0.5343
1454	0.5441	0.3681	1.0576	0.5742	0.8947	0.534
1455	0.5441	0.3676	1.0585	0.5747	0.896	0.5347
1456	0.5449	0.3693	1.0531	0.5747	0.8926	0.536
1457	0.5499	0.3746	1.0543	0.578	0.8939	0.5395
1458	0.5522	0.3749	1.0689	0.579	0.9072	0.5396
1459	0.5447	0.3696	1.0548	0.5717	0.8901	0.5343
1460	0.5471	0.3736	1.0601	0.5791	0.8915	0.5365
1461	0.5428	0.3675	1.0566	0.5724	0.8891	0.5333
1462	0.5455	0.3686	1.0636	0.5754	0.9005	0.5355
1463	0.5448	0.368	1.0612	0.5746	0.8989	0.5338
1464	0.5492	0.3734	1.06	0.5778	0.8978	0.537
1465	0.5503	0.3747	1.0601	0.5781	0.8974	0.5374
1466	0.5448	0.3693	1.0558	0.5741	0.8925	0.5346
1467	0.5441	0.3683	1.0608	0.5722	0.895	0.533
1468	0.5426	0.3668	1.0558	0.5708	0.8901	0.5319
1469	0.5436	0.3682	1.054	0.5725	0.8894	0.5327
1470	0.5459	0.3708	1.0535	0.5735	0.8897	0.5344
1471	0.5437	0.3682	1.0511	0.5723	0.8883	0.5326
1472	0.5448	0.3702	1.0517	0.5749	0.8875	0.5339
1473	0.5455	0.3708	1.056	0.5771	0.8905	0.5354
1474	0.5471	0.3723	1.0599	0.577	0.894	0.5363
1475	0.5492	0.3736	1.0698	0.5796	0.9044	0.5379
1476	0.5433	0.3684	1.0531	0.5723	0.8867	0.5356
1477	0.5442	0.3696	1.0589	0.5765	0.8905	0.5347
1478	0.5413	0.3663	1.0508	0.5708	0.8857	0.5333
1479	0.544	0.3686	1.0591	0.5755	0.8979	0.5358
1480	0.5451	0.3691	1.0615	0.5756	0.9003	0.5365
1481	0.5437	0.3687	1.0574	0.5732	0.8935	0.5359
1482	0.5451	0.37	1.0619	0.5771	0.8969	0.5352
1483	0.5428	0.3683	1.0525	0.5726	0.8903	0.534
1484	0.5418	0.3673	1.0526	0.572	0.8898	0.5334
1485	0.5456	0.3713	1.0579	0.5769	0.8953	0.5365
1486	0.5521	0.3781	1.0574	0.5812	0.8947	0.5421
1487	0.5429	0.3684	1.0572	0.5752	0.8928	0.5361
1488	0.5438	0.3691	1.058	0.5747	0.8944	0.5364
1489	0.5474	0.3723	1.0658	0.5774	0.8999	0.5379
1490	0.5446	0.3687	1.0625	0.5741	0.8964	0.5362
1491	0.542	0.3676	1.055	0.5723	0.89	0.5365
1492	0.5451	0.37	1.0623	0.5775	0.8974	0.5375
1493	0.5411	0.3659	1.0555	0.5721	0.8912	0.5341
1494	0.5446	0.3689	1.0631	0.576	0.8983	0.5356
1495	0.5436	0.369	1.0576	0.5755	0.8924	0.536
1496	0.5462	0.3708	1.0604	0.5783	0.8979	0.5381
1497	0.5487	0.3734	1.0625	0.5785	0.8995	0.5402
1498	0.5418	0.3676	1.0541	0.5727	0.8873	0.5339
1499	0.5432	0.3679	1.0626	0.5758	0.8943	0.5333
