epoch:	train_RMSD:	train_MAE:	val_RMSD:	val_MAE:	test_RMSD:	test_MAE:
0	5.9377	4.8022	5.973	4.7803	5.9583	4.8211
1	4.3953	3.3107	4.3994	3.1862	4.6398	3.4093
2	4.318	3.3518	4.3373	3.2295	4.5681	3.451
3	3.9363	2.9721	3.9779	2.8698	4.011	3.0018
4	3.5718	2.9171	3.6523	2.8286	3.6245	2.9225
5	3.4928	2.8892	3.6026	2.8506	3.5104	2.8668
6	3.484	2.8966	3.5935	2.8645	3.4952	2.8707
7	3.4678	2.8807	3.5706	2.8398	3.4805	2.8595
8	3.4718	2.9098	3.5677	2.855	3.4933	2.8979
9	3.4534	2.8535	3.5528	2.809	3.4658	2.8344
10	3.4322	2.8426	3.5324	2.8002	3.4419	2.822
11	3.3884	2.7933	3.4891	2.7496	3.3978	2.775
12	3.3214	2.7283	3.4207	2.675	3.336	2.7141
13	3.2801	2.6598	3.3763	2.6062	3.3035	2.6567
14	3.2305	2.5966	3.3255	2.5464	3.2547	2.596
15	3.1568	2.4871	3.2584	2.4395	3.1795	2.4937
16	3.1571	2.5192	3.2543	2.4731	3.2101	2.5384
17	3.0883	2.4554	3.1865	2.4034	3.1382	2.4749
18	2.9348	2.2124	3.053	2.1892	2.9699	2.2376
19	2.8251	2.102	2.947	2.0671	2.8661	2.1353
20	2.7245	2.0175	2.8458	1.976	2.7555	2.041
21	2.7644	2.0317	2.8884	2.0093	2.8056	2.049
22	2.6618	1.9391	2.7958	1.9076	2.6922	1.9593
23	2.5767	1.8094	2.7168	1.7788	2.6006	1.8279
24	2.658	1.9074	2.7955	1.8879	2.681	1.9178
25	2.6197	1.8612	2.7635	1.8436	2.6538	1.8815
26	2.4918	1.7002	2.6418	1.6808	2.5108	1.7184
27	2.4748	1.6704	2.6223	1.6416	2.4863	1.6732
28	2.4703	1.6866	2.6183	1.6567	2.4877	1.7013
29	2.4296	1.6285	2.5842	1.6028	2.44	1.6391
30	2.4425	1.6266	2.5934	1.6043	2.451	1.6385
31	2.3823	1.583	2.5383	1.5556	2.3851	1.5908
32	2.3828	1.5693	2.5416	1.5582	2.3989	1.5834
33	2.351	1.552	2.5114	1.5244	2.355	1.5583
34	2.3448	1.5249	2.5019	1.5111	2.3428	1.5318
35	2.3122	1.528	2.479	1.5038	2.315	1.5317
36	2.2495	1.4591	2.415	1.4404	2.2644	1.4737
37	2.2269	1.4653	2.3988	1.4444	2.2386	1.475
38	2.1575	1.4152	2.3415	1.3925	2.1642	1.4305
39	2.1782	1.4448	2.3551	1.4246	2.1856	1.4768
40	2.06	1.3622	2.2889	1.3574	2.0922	1.3831
41	2.035	1.3604	2.2597	1.3497	2.0521	1.382
42	1.9642	1.3118	2.2276	1.3129	2.0247	1.3452
43	2.1017	1.4667	2.3268	1.4627	2.1029	1.4703
44	1.8974	1.2605	2.1713	1.2733	1.9307	1.2849
45	1.8638	1.2283	2.1396	1.2352	1.9195	1.2689
46	1.8844	1.2534	2.18	1.2823	1.9382	1.2802
47	1.8544	1.2385	2.1211	1.2426	1.8857	1.2633
48	1.8163	1.2187	2.1028	1.2318	1.8718	1.256
49	1.816	1.2089	2.1185	1.2436	1.8762	1.2441
50	1.8174	1.2227	2.1187	1.2534	1.8844	1.2598
51	1.7575	1.1735	2.0569	1.2	1.8263	1.2176
52	1.7293	1.1729	2.05	1.2109	1.8041	1.2147
53	1.789	1.2391	2.0678	1.2432	1.8445	1.2663
54	1.69	1.1401	1.9941	1.1659	1.7661	1.1834
55	1.8697	1.2852	2.1382	1.3093	1.9371	1.3164
56	1.7737	1.2055	2.0696	1.2409	1.8487	1.2449
57	1.7388	1.1677	2.0309	1.1987	1.8112	1.2061
58	1.6622	1.1182	1.9623	1.1469	1.7475	1.16
59	1.659	1.1222	1.9643	1.1555	1.7451	1.1696
60	1.6457	1.1082	1.9495	1.138	1.7303	1.1564
61	1.6436	1.1188	1.9513	1.1467	1.7341	1.165
62	1.6226	1.106	1.9294	1.1362	1.712	1.1581
63	1.7006	1.164	1.9798	1.1882	1.779	1.2039
64	1.8542	1.3154	2.1384	1.3553	1.9314	1.3579
65	1.623	1.1057	1.9066	1.1165	1.6934	1.1445
66	1.6481	1.1262	1.9371	1.147	1.7435	1.1791
67	1.6252	1.1143	1.9112	1.1162	1.705	1.1595
68	1.5919	1.081	1.8844	1.0905	1.675	1.128
69	1.662	1.1392	1.9379	1.1486	1.7184	1.1699
70	1.6133	1.09	1.9069	1.1181	1.6979	1.1367
71	1.7298	1.1983	2.0114	1.2288	1.8112	1.2418
72	1.5819	1.0783	1.8727	1.0813	1.6586	1.1201
73	1.5645	1.0635	1.8571	1.0748	1.6552	1.1126
74	1.5606	1.0487	1.8525	1.0625	1.6437	1.1022
75	1.6178	1.1011	1.9074	1.1245	1.7046	1.1524
76	1.5634	1.0619	1.8615	1.0839	1.6583	1.1151
77	1.6564	1.1376	1.939	1.1587	1.7384	1.1785
78	1.5728	1.0714	1.8696	1.0955	1.6644	1.1222
79	1.5626	1.0602	1.8469	1.0623	1.6374	1.1029
80	1.6018	1.1004	1.8798	1.0944	1.6726	1.1356
81	1.5374	1.0406	1.8309	1.0475	1.6232	1.0879
82	1.5593	1.0627	1.8492	1.08	1.6535	1.1115
83	1.5254	1.0298	1.825	1.0477	1.6204	1.0875
84	1.5263	1.0277	1.824	1.0462	1.615	1.0851
85	1.5346	1.0415	1.8264	1.0374	1.6266	1.0849
86	1.55	1.0684	1.8489	1.0884	1.6477	1.1185
87	1.5327	1.0415	1.8261	1.0618	1.6229	1.0924
88	1.53	1.0388	1.8198	1.0472	1.6103	1.0832
89	1.5041	1.0203	1.8046	1.0284	1.5984	1.0672
90	1.5014	1.0214	1.8041	1.0357	1.6022	1.0759
91	1.573	1.0825	1.8549	1.0799	1.6527	1.1204
92	1.499	1.0109	1.7942	1.0243	1.5885	1.0632
93	1.4913	1.0094	1.7916	1.0202	1.5866	1.0603
94	1.5199	1.0488	1.8256	1.073	1.6213	1.0999
95	1.5642	1.0814	1.8464	1.0766	1.6533	1.1142
96	1.6223	1.1415	1.8965	1.1426	1.6972	1.169
97	1.4759	0.9998	1.7789	1.019	1.5693	1.0506
98	1.5128	1.0374	1.8209	1.0648	1.6101	1.0843
99	1.493	1.0175	1.7962	1.0237	1.5914	1.0627
100	1.475	1.0076	1.7854	1.035	1.5721	1.0541
101	1.4668	1.0004	1.7683	1.0092	1.5568	1.0435
102	1.4433	0.9827	1.756	0.9997	1.5431	1.0325
103	1.4408	0.9911	1.7686	1.0193	1.5521	1.0395
104	1.4548	1.0069	1.7899	1.0317	1.5717	1.0558
105	1.5062	1.0604	1.8108	1.0841	1.6119	1.1042
106	1.44	0.9878	1.739	1.0095	1.5372	1.0238
107	1.4053	0.9677	1.7234	0.9902	1.5105	1.0092
108	1.4422	1.0117	1.7876	1.052	1.5795	1.065
109	1.4231	1.0058	1.7517	1.0371	1.5523	1.0604
110	1.4721	1.0505	1.7633	1.0733	1.574	1.0977
111	1.4106	1.0033	1.7316	1.0371	1.5315	1.0501
112	1.3931	0.9808	1.7186	1.0005	1.5158	1.021
113	1.3964	0.9882	1.7252	1.0267	1.5222	1.0337
114	1.3817	0.9739	1.7066	0.99	1.5036	1.02
115	1.4432	1.0437	1.7642	1.084	1.5749	1.0992
116	1.4774	1.0768	1.791	1.1146	1.6028	1.1302
117	1.3426	0.9431	1.6732	0.9792	1.4675	0.9943
118	1.3421	0.9495	1.678	0.9867	1.4685	0.9953
119	1.3412	0.946	1.6986	0.9844	1.4794	0.9897
120	1.3268	0.9419	1.6623	0.9771	1.4582	0.9933
121	1.3372	0.9365	1.6551	0.9607	1.46	0.9784
122	1.3268	0.9341	1.6577	0.9676	1.4538	0.9768
123	1.3001	0.9183	1.6328	0.9445	1.4331	0.9642
124	1.2982	0.9153	1.6482	0.9515	1.4438	0.9661
125	1.2999	0.9305	1.6449	0.9667	1.4459	0.9832
126	1.2891	0.9068	1.6278	0.9433	1.4218	0.9523
127	1.2912	0.9116	1.6207	0.9359	1.4222	0.9523
128	1.3885	0.9876	1.7027	1.0165	1.5095	1.0237
129	1.4865	1.0779	1.8044	1.0953	1.6139	1.1022
130	1.3343	0.9417	1.6545	0.9668	1.4585	0.9739
131	1.3322	0.9562	1.655	0.9924	1.4602	0.9959
132	1.2666	0.9041	1.6094	0.9428	1.4091	0.9515
133	1.2884	0.912	1.6201	0.9387	1.4237	0.9493
134	1.2652	0.8948	1.5966	0.9275	1.4011	0.9354
135	1.2553	0.9003	1.6078	0.9457	1.4114	0.9543
136	1.274	0.901	1.6098	0.9287	1.4156	0.9393
137	1.2455	0.8875	1.5898	0.9287	1.3901	0.9352
138	1.2154	0.8582	1.5749	0.9012	1.3759	0.9088
139	1.2212	0.8678	1.5752	0.9127	1.3745	0.9174
140	1.2326	0.8687	1.5724	0.9025	1.3739	0.9071
141	1.2205	0.8627	1.5643	0.9026	1.3594	0.9037
142	1.2283	0.8764	1.5724	0.9173	1.3694	0.9186
143	1.2296	0.8675	1.5706	0.91	1.3703	0.9066
144	1.2271	0.8782	1.575	0.9267	1.3762	0.9262
145	1.3107	0.9326	1.6738	0.9778	1.472	0.9732
146	1.2283	0.865	1.5729	0.9092	1.3737	0.9075
147	1.3328	0.972	1.651	1.018	1.464	1.0192
148	1.3067	0.966	1.6414	1.0277	1.4465	1.0247
149	1.1888	0.8413	1.5408	0.8888	1.3357	0.8866
150	1.1763	0.8313	1.5347	0.8791	1.3298	0.8778
151	1.1754	0.8345	1.538	0.8876	1.3354	0.8882
152	1.1863	0.8388	1.5373	0.883	1.3347	0.8807
153	1.1957	0.8463	1.5517	0.8944	1.3394	0.8833
154	1.1855	0.8442	1.5406	0.8963	1.3393	0.8985
155	1.2081	0.8687	1.5587	0.9258	1.3609	0.9249
156	1.1802	0.8364	1.5392	0.8788	1.34	0.8779
157	1.1876	0.8626	1.5461	0.9231	1.3475	0.9186
158	1.1478	0.8129	1.5105	0.8657	1.3052	0.8613
159	1.1872	0.8428	1.5243	0.8876	1.3297	0.8805
160	1.1898	0.8523	1.5239	0.8962	1.3365	0.8933
161	1.1576	0.8226	1.5259	0.8732	1.318	0.8655
162	1.1501	0.8183	1.5183	0.8715	1.3098	0.8643
163	1.1614	0.8248	1.5096	0.8751	1.3143	0.8746
164	1.1529	0.8147	1.501	0.8588	1.3071	0.8575
165	1.1309	0.802	1.4923	0.8545	1.2944	0.8516
166	1.2746	0.9418	1.6045	1.0051	1.4174	1.0009
167	1.1865	0.8529	1.5341	0.9075	1.3397	0.9114
168	1.1641	0.8301	1.5275	0.8765	1.3242	0.873
169	1.1338	0.8054	1.501	0.8641	1.2862	0.8562
170	1.146	0.8102	1.5071	0.8623	1.2956	0.8508
171	1.1807	0.8501	1.5322	0.9145	1.3264	0.9061
172	1.1435	0.8068	1.4926	0.8539	1.2892	0.8428
173	1.1244	0.7972	1.4899	0.8513	1.2796	0.8401
174	1.1778	0.8648	1.527	0.9242	1.3374	0.9238
175	1.1639	0.8227	1.5033	0.8674	1.3089	0.856
176	1.1327	0.8044	1.4948	0.8603	1.2905	0.859
177	1.129	0.8037	1.4987	0.8604	1.2887	0.848
178	1.1582	0.8398	1.5201	0.9039	1.3197	0.899
179	1.1087	0.784	1.4819	0.8408	1.2708	0.8316
180	1.1272	0.8026	1.4926	0.864	1.2836	0.8599
181	1.1445	0.8113	1.4988	0.8658	1.2936	0.8538
182	1.1016	0.7753	1.4729	0.836	1.2602	0.8248
183	1.1741	0.8597	1.5255	0.9292	1.3235	0.9163
184	1.1736	0.8452	1.5368	0.8956	1.3226	0.878
185	1.1061	0.7798	1.4672	0.8363	1.26	0.8287
186	1.1335	0.8084	1.4733	0.8577	1.2788	0.8478
187	1.1214	0.8071	1.4863	0.876	1.2799	0.862
188	1.0951	0.7808	1.4772	0.8469	1.2685	0.8344
189	1.1422	0.8056	1.4793	0.857	1.2848	0.8438
190	1.1366	0.8137	1.4921	0.878	1.2875	0.868
191	1.1159	0.8023	1.4964	0.8687	1.2784	0.8466
192	1.1806	0.8604	1.5155	0.9174	1.3302	0.9093
193	1.2666	0.9382	1.5948	1.0089	1.4122	0.9991
194	1.1477	0.8303	1.4933	0.8951	1.2997	0.884
195	1.1436	0.8202	1.4893	0.8711	1.2864	0.8565
196	1.0834	0.7654	1.4577	0.8272	1.2424	0.8119
197	1.0765	0.7641	1.4476	0.8317	1.2301	0.8124
198	1.0798	0.7658	1.4543	0.8325	1.2362	0.8103
199	1.0764	0.7599	1.4388	0.8173	1.2264	0.8022
200	1.0724	0.7579	1.4439	0.8232	1.2285	0.808
201	1.0791	0.7662	1.4574	0.8405	1.2425	0.8235
202	1.1099	0.7907	1.4951	0.859	1.2681	0.833
203	1.0792	0.767	1.4613	0.8388	1.2506	0.8308
204	1.0655	0.7567	1.4453	0.8234	1.224	0.7988
205	1.0566	0.745	1.43	0.8068	1.2217	0.7965
206	1.0515	0.7407	1.4275	0.8077	1.2192	0.7976
207	1.0936	0.782	1.4594	0.8564	1.2565	0.8458
208	1.0549	0.7458	1.4387	0.8177	1.2295	0.8057
209	1.0798	0.7658	1.4432	0.8299	1.2352	0.8088
210	1.0472	0.7372	1.4334	0.8075	1.2141	0.7881
211	1.0497	0.7369	1.4414	0.8134	1.2189	0.7949
212	1.062	0.7594	1.4281	0.8293	1.2227	0.8114
213	1.1252	0.806	1.4767	0.8757	1.2795	0.8683
214	1.0583	0.7639	1.4332	0.8376	1.2284	0.8266
215	1.0348	0.7305	1.4106	0.8015	1.2042	0.7918
216	1.048	0.7366	1.4225	0.8095	1.213	0.799
217	1.0847	0.7794	1.4529	0.8426	1.2427	0.8204
218	1.033	0.7372	1.4111	0.8117	1.2055	0.7957
219	1.0671	0.7634	1.4295	0.8307	1.2315	0.823
220	1.0805	0.7704	1.4596	0.8392	1.2506	0.8187
221	1.0421	0.7407	1.43	0.8198	1.2235	0.8116
222	1.0395	0.7292	1.4289	0.803	1.2114	0.7908
223	1.0329	0.7249	1.412	0.7948	1.203	0.7853
224	1.0487	0.7415	1.4088	0.8082	1.2102	0.7999
225	1.026	0.7238	1.4105	0.7972	1.2003	0.7811
226	1.0341	0.7437	1.4234	0.8277	1.2168	0.8134
227	1.0422	0.7408	1.4295	0.8156	1.2141	0.7941
228	1.0488	0.7512	1.4152	0.824	1.2183	0.8131
229	1.0472	0.7427	1.4114	0.8087	1.2068	0.7967
230	1.0263	0.7246	1.4192	0.8064	1.2077	0.7964
231	1.023	0.7231	1.3933	0.7912	1.1879	0.7821
232	1.0219	0.7214	1.4007	0.7941	1.1983	0.7935
233	1.0088	0.7134	1.3965	0.7868	1.1906	0.7745
234	1.0391	0.741	1.4133	0.8177	1.2105	0.8075
235	1.0378	0.7366	1.4201	0.8037	1.2154	0.7903
236	1.0052	0.7065	1.4043	0.785	1.1862	0.7727
237	1.0279	0.7213	1.3913	0.7836	1.1934	0.7775
238	1.0084	0.709	1.3796	0.7756	1.1839	0.7764
239	1.0395	0.741	1.4245	0.8259	1.2202	0.8187
240	1.016	0.7188	1.3988	0.7885	1.19	0.7778
241	1.0009	0.7048	1.3917	0.7836	1.1883	0.779
242	1.0031	0.7046	1.3814	0.7739	1.1797	0.7713
243	0.9995	0.6983	1.3797	0.7715	1.1782	0.7677
244	0.9918	0.6978	1.3773	0.772	1.175	0.7655
245	1.0126	0.7139	1.4062	0.7932	1.1988	0.7777
246	1.0395	0.7442	1.4049	0.8182	1.2152	0.8129
247	0.9963	0.6965	1.3843	0.7782	1.1846	0.7724
248	0.9891	0.6953	1.3734	0.7708	1.1694	0.7666
249	0.9979	0.6983	1.3721	0.7696	1.1685	0.7681
250	0.9942	0.6978	1.3919	0.7808	1.1901	0.7733
251	1.0017	0.7017	1.4026	0.784	1.2009	0.7708
252	0.9922	0.6991	1.3747	0.7739	1.1733	0.7657
253	1.0128	0.7081	1.377	0.7765	1.1765	0.7689
254	1.0038	0.703	1.3861	0.7835	1.1865	0.7767
255	1.0036	0.7058	1.3823	0.7765	1.1843	0.771
256	0.9983	0.7012	1.3688	0.7668	1.1736	0.7686
257	1.032	0.7347	1.4062	0.8144	1.2155	0.8147
258	1.005	0.7075	1.3648	0.7758	1.1715	0.7698
259	0.9955	0.6977	1.371	0.7651	1.1909	0.7638
260	0.9937	0.7018	1.368	0.7732	1.1775	0.774
261	1.0026	0.7054	1.3782	0.7777	1.1778	0.7689
262	0.9834	0.6861	1.3571	0.7578	1.1714	0.7596
263	0.979	0.6885	1.3581	0.7628	1.1646	0.7568
264	0.9741	0.6847	1.3658	0.7682	1.1724	0.7652
265	0.9771	0.6881	1.3532	0.7612	1.1583	0.7562
266	0.9906	0.6955	1.3601	0.772	1.1752	0.7731
267	0.9761	0.6844	1.3689	0.7644	1.1712	0.7547
268	0.989	0.7107	1.3667	0.7859	1.1723	0.7831
269	0.9915	0.6953	1.3689	0.775	1.1728	0.7708
270	1.0479	0.7453	1.4105	0.8143	1.2123	0.7969
271	0.9696	0.6781	1.366	0.7592	1.1655	0.7573
272	0.9696	0.6841	1.3696	0.767	1.1692	0.7597
273	0.9613	0.6697	1.3525	0.7514	1.1515	0.7522
274	0.9816	0.6915	1.3651	0.7761	1.1709	0.7704
275	1.0313	0.7386	1.3912	0.8032	1.2037	0.7964
276	0.9602	0.6767	1.3576	0.7632	1.1509	0.7496
277	0.9672	0.6797	1.3658	0.7658	1.1653	0.7619
278	0.9669	0.6748	1.3449	0.7437	1.1495	0.7438
279	0.9602	0.672	1.3636	0.7616	1.159	0.7491
280	0.9658	0.6745	1.348	0.7547	1.1479	0.7496
281	0.9606	0.6695	1.3463	0.7479	1.1469	0.7473
282	1.0359	0.7318	1.4187	0.8079	1.2425	0.7927
283	0.9951	0.7055	1.3731	0.7906	1.1868	0.7865
284	0.9994	0.7064	1.3648	0.7727	1.1783	0.7703
285	0.9568	0.6688	1.3435	0.7452	1.1523	0.7513
286	0.9434	0.6583	1.3428	0.7432	1.1439	0.7418
287	0.953	0.6655	1.3426	0.7465	1.153	0.7553
288	0.9498	0.6643	1.3472	0.7455	1.1498	0.7398
289	0.9549	0.6633	1.3467	0.7472	1.1455	0.7429
290	0.9611	0.6788	1.3491	0.754	1.1515	0.7468
291	0.9659	0.68	1.3661	0.7625	1.1609	0.7526
292	0.9381	0.6559	1.3462	0.7444	1.14	0.7398
293	0.9885	0.6941	1.3643	0.7733	1.171	0.7685
294	1.0393	0.7428	1.4015	0.8132	1.2136	0.7938
295	0.9967	0.7077	1.3713	0.7843	1.1756	0.7705
296	0.9517	0.6631	1.3417	0.7486	1.1487	0.7498
297	0.9501	0.6642	1.343	0.7443	1.1532	0.7408
298	0.937	0.6536	1.3278	0.7355	1.1361	0.7331
299	0.9521	0.6662	1.3443	0.7503	1.1534	0.7422
300	0.9415	0.6578	1.3447	0.7462	1.1498	0.737
301	0.9724	0.6838	1.3514	0.7713	1.1671	0.7677
302	0.9909	0.6968	1.3492	0.7681	1.1605	0.7556
303	0.9715	0.6856	1.3502	0.7703	1.1664	0.764
304	0.9479	0.6644	1.3275	0.7417	1.133	0.7381
305	0.9335	0.6488	1.3156	0.7298	1.1236	0.7321
306	0.937	0.6517	1.3296	0.7324	1.1389	0.7369
307	0.9474	0.6705	1.3412	0.7585	1.1628	0.7602
308	0.9426	0.6559	1.3223	0.7319	1.1326	0.7329
309	0.9325	0.6466	1.3272	0.7307	1.1353	0.7346
310	0.9336	0.6587	1.3313	0.7448	1.1379	0.7404
311	0.9313	0.6467	1.3233	0.7297	1.14	0.7395
312	0.9192	0.6384	1.3233	0.7258	1.1269	0.7303
313	0.9179	0.6375	1.3199	0.7227	1.1269	0.7237
314	0.925	0.6452	1.3309	0.7339	1.1393	0.7319
315	0.9599	0.6796	1.3431	0.7603	1.1569	0.7668
316	0.9391	0.6543	1.3242	0.7401	1.1292	0.7325
317	0.9139	0.6338	1.3078	0.7173	1.1254	0.7262
318	0.9999	0.7108	1.366	0.7842	1.1902	0.7795
319	0.972	0.6903	1.3607	0.782	1.1792	0.7845
320	0.9342	0.6534	1.3313	0.7412	1.1351	0.7352
321	0.9809	0.691	1.372	0.7817	1.1801	0.7867
322	0.9622	0.6774	1.3566	0.7628	1.1692	0.7511
323	0.9234	0.6401	1.3137	0.7236	1.1259	0.7286
324	0.9218	0.6431	1.3128	0.7272	1.1206	0.7261
325	0.9207	0.6471	1.3176	0.737	1.1228	0.7363
326	0.9119	0.6342	1.3162	0.727	1.125	0.7233
327	0.9343	0.6533	1.3278	0.7392	1.1364	0.7347
328	0.9327	0.653	1.3175	0.7355	1.1356	0.7406
329	0.9186	0.6408	1.3185	0.7299	1.1314	0.7287
330	0.9437	0.6601	1.3389	0.7503	1.1508	0.7571
331	0.9088	0.6304	1.3104	0.7196	1.1154	0.7201
332	0.905	0.6273	1.3205	0.7235	1.1197	0.7164
333	0.9	0.6229	1.3095	0.7164	1.1119	0.7145
334	0.9385	0.6542	1.3268	0.7407	1.1383	0.7443
335	0.9173	0.6387	1.3165	0.7271	1.1278	0.7345
336	0.9724	0.684	1.3782	0.7737	1.197	0.7633
337	0.9565	0.6862	1.3524	0.7775	1.1634	0.7826
338	0.9046	0.6257	1.3109	0.7161	1.1188	0.7167
339	0.9179	0.6397	1.3072	0.7225	1.1158	0.7174
340	0.9021	0.63	1.3116	0.7229	1.1167	0.7222
341	0.9118	0.6353	1.3094	0.7212	1.1107	0.7201
342	0.9026	0.6242	1.3084	0.7178	1.1146	0.7205
343	0.8943	0.6211	1.3105	0.7137	1.1138	0.7106
344	0.8943	0.6206	1.3161	0.718	1.1165	0.7205
345	0.8904	0.6161	1.3085	0.7146	1.1081	0.7124
346	0.8939	0.6168	1.3014	0.7123	1.1043	0.7071
347	0.9129	0.6343	1.311	0.7205	1.1136	0.723
348	0.9123	0.64	1.3352	0.7397	1.1325	0.7277
349	0.9172	0.6436	1.3257	0.7372	1.1269	0.7382
350	0.9019	0.6239	1.2962	0.713	1.1048	0.7115
351	0.8959	0.6175	1.2942	0.7064	1.1079	0.706
352	0.8864	0.6126	1.2991	0.7053	1.1035	0.7049
353	0.9089	0.6347	1.3094	0.728	1.1106	0.7208
354	0.891	0.6184	1.2883	0.7078	1.0967	0.7071
355	0.8948	0.617	1.2994	0.7117	1.0978	0.7093
356	0.8907	0.6173	1.2937	0.7083	1.101	0.7063
357	0.988	0.7056	1.3807	0.8037	1.1959	0.8052
358	0.9286	0.6539	1.3253	0.7451	1.1426	0.734
359	0.8973	0.6244	1.2988	0.7143	1.1044	0.7127
360	0.8998	0.6221	1.2992	0.7144	1.1067	0.7154
361	0.8968	0.6233	1.2914	0.712	1.1088	0.7123
362	0.9804	0.7051	1.3596	0.7911	1.1862	0.8064
363	0.9665	0.6903	1.3537	0.7817	1.1844	0.7671
364	0.9297	0.6488	1.3154	0.7368	1.1276	0.7271
365	0.9183	0.6396	1.3138	0.7305	1.1267	0.7374
366	0.8798	0.6075	1.2927	0.7086	1.0992	0.7058
367	0.8911	0.6216	1.2978	0.7189	1.1034	0.7101
368	0.885	0.6154	1.2922	0.7126	1.1255	0.7208
369	0.8725	0.6024	1.2811	0.6961	1.0873	0.697
370	0.8789	0.607	1.2842	0.7036	1.0907	0.6998
371	0.8755	0.6029	1.2939	0.7036	1.0928	0.7023
372	0.8818	0.6067	1.2949	0.7007	1.0968	0.7082
373	0.8951	0.627	1.3057	0.7259	1.1063	0.7145
374	0.8791	0.6026	1.2923	0.6974	1.0983	0.7033
375	0.8721	0.6001	1.2957	0.7014	1.1006	0.7068
376	0.8712	0.6063	1.2895	0.7052	1.0988	0.7094
377	0.8722	0.6013	1.2827	0.6947	1.0983	0.7004
378	0.9132	0.643	1.3096	0.7375	1.1081	0.7239
379	0.8745	0.6038	1.2901	0.7061	1.0864	0.6977
380	0.9322	0.6542	1.3298	0.7489	1.1373	0.7592
381	0.8868	0.6177	1.3083	0.7245	1.1257	0.7175
382	0.8798	0.608	1.2828	0.7084	1.0937	0.7136
383	0.896	0.6169	1.2929	0.7166	1.0985	0.7165
384	0.9052	0.6298	1.3064	0.7264	1.1445	0.7297
385	0.9187	0.6661	1.3216	0.7631	1.1347	0.7665
386	0.8752	0.6058	1.2816	0.7007	1.0802	0.7008
387	0.8696	0.5998	1.2797	0.6978	1.0838	0.7015
388	0.9094	0.6354	1.3016	0.73	1.1104	0.7315
389	0.9104	0.6531	1.3104	0.7428	1.1186	0.736
390	0.903	0.6459	1.3116	0.7445	1.1154	0.7505
391	0.8778	0.6065	1.2926	0.7044	1.0939	0.7061
392	0.8784	0.6062	1.2832	0.7017	1.094	0.7066
393	0.8805	0.6094	1.3093	0.7161	1.1124	0.7184
394	0.8983	0.6242	1.3055	0.7211	1.1062	0.715
395	0.8645	0.5986	1.2921	0.701	1.1176	0.7036
396	0.8841	0.6178	1.2888	0.7158	1.0998	0.7115
397	0.9113	0.6403	1.3109	0.7374	1.1223	0.7399
398	0.917	0.6474	1.322	0.7511	1.1259	0.733
399	0.9042	0.634	1.3094	0.7289	1.1199	0.7406
400	0.9031	0.6317	1.3	0.7301	1.1181	0.725
401	0.8707	0.6032	1.2902	0.7065	1.1106	0.7029
402	0.9299	0.6611	1.3159	0.753	1.1328	0.7595
403	0.9241	0.6613	1.3123	0.7523	1.1393	0.7455
404	0.9296	0.6724	1.3307	0.773	1.1425	0.7729
405	0.8548	0.5909	1.2658	0.6896	1.0746	0.6887
406	0.8626	0.5935	1.2744	0.6958	1.0799	0.7002
407	0.857	0.5932	1.2802	0.7006	1.099	0.6978
408	0.8514	0.5867	1.2735	0.6952	1.0912	0.6976
409	0.8546	0.5913	1.2679	0.6921	1.0868	0.7015
410	0.8495	0.5864	1.2713	0.6935	1.0776	0.6959
411	0.847	0.5854	1.2672	0.6839	1.0716	0.685
412	0.8545	0.595	1.2816	0.7042	1.0788	0.7051
413	0.8452	0.583	1.2642	0.6843	1.0844	0.6896
414	0.8663	0.5995	1.2787	0.7034	1.099	0.7085
415	0.8487	0.5903	1.2702	0.6955	1.074	0.6977
416	0.8445	0.5808	1.2622	0.6834	1.0657	0.6841
417	0.8787	0.6166	1.2747	0.7098	1.0839	0.7074
418	0.8594	0.6059	1.288	0.71	1.1144	0.7215
419	0.8687	0.6103	1.2777	0.7115	1.0858	0.7038
420	0.874	0.6112	1.2896	0.7133	1.0932	0.7203
421	0.8647	0.604	1.2741	0.7068	1.0765	0.6991
422	0.8525	0.589	1.2657	0.6897	1.0724	0.6972
423	0.8377	0.5767	1.2577	0.6826	1.0726	0.6873
424	0.864	0.6067	1.2855	0.7135	1.1117	0.7224
425	0.8931	0.6365	1.2792	0.7284	1.1037	0.73
426	0.893	0.6295	1.3043	0.7376	1.1141	0.7389
427	0.96	0.6869	1.3311	0.7728	1.1557	0.7592
428	0.8532	0.593	1.2728	0.6985	1.096	0.71
429	0.8687	0.6083	1.2765	0.7096	1.0863	0.7185
430	0.9243	0.6746	1.3003	0.7585	1.1188	0.7512
431	0.8643	0.6151	1.2909	0.7284	1.1084	0.7298
432	0.8677	0.6044	1.2671	0.7046	1.0877	0.7113
433	0.9074	0.6477	1.2841	0.7368	1.1028	0.731
434	0.8351	0.5779	1.2507	0.6809	1.063	0.6878
435	0.8327	0.5754	1.2478	0.6815	1.0659	0.6808
436	0.8388	0.5791	1.2524	0.6862	1.0674	0.683
437	0.8357	0.5731	1.2484	0.6752	1.0655	0.6821
438	0.8412	0.5778	1.2665	0.6868	1.0772	0.6953
439	0.8533	0.595	1.2833	0.7075	1.0972	0.7055
440	0.8857	0.6173	1.2922	0.7218	1.1213	0.727
441	0.8392	0.5784	1.2476	0.6802	1.0614	0.6863
442	0.8311	0.5763	1.2552	0.6838	1.067	0.6892
443	0.8357	0.5768	1.2595	0.6868	1.077	0.692
444	0.9412	0.6826	1.323	0.7754	1.1451	0.7597
445	0.8331	0.5787	1.26	0.6873	1.0688	0.6935
446	0.833	0.5728	1.2539	0.683	1.0633	0.684
447	0.832	0.5724	1.2516	0.6826	1.0557	0.6775
448	0.828	0.5694	1.2606	0.6821	1.0658	0.6833
449	0.8449	0.5862	1.2555	0.6947	1.073	0.6945
450	0.8504	0.5955	1.2483	0.6945	1.0858	0.6945
451	0.8288	0.5715	1.2476	0.6847	1.0669	0.6807
452	0.8804	0.6228	1.2896	0.7272	1.1049	0.7343
453	0.8674	0.614	1.2697	0.7142	1.0841	0.7055
454	0.851	0.5993	1.2651	0.7006	1.0817	0.7137
455	0.8232	0.5677	1.246	0.6757	1.065	0.6752
456	0.8281	0.5723	1.2487	0.6818	1.0594	0.6876
457	0.8427	0.584	1.2552	0.6912	1.0699	0.6954
458	0.8378	0.5842	1.2511	0.6916	1.063	0.6834
459	0.8223	0.5693	1.2501	0.6815	1.0595	0.6849
460	0.8175	0.5651	1.2421	0.6735	1.0711	0.6781
461	0.8145	0.5619	1.2477	0.6756	1.0611	0.6856
462	0.8339	0.5795	1.242	0.6807	1.0541	0.6782
463	0.9058	0.6378	1.3022	0.7423	1.1124	0.7419
464	0.8277	0.572	1.2569	0.6823	1.0876	0.6836
465	0.8266	0.5801	1.2553	0.6944	1.0801	0.7001
466	0.827	0.5715	1.2422	0.6814	1.0647	0.6863
467	0.8493	0.5877	1.2506	0.6886	1.0588	0.6912
468	0.8245	0.5671	1.2408	0.6771	1.0614	0.6809
469	0.8179	0.5642	1.2411	0.6807	1.0565	0.6792
470	0.8223	0.5676	1.2461	0.6826	1.0646	0.6888
471	0.8182	0.5665	1.2355	0.6765	1.0605	0.6756
472	0.8198	0.5651	1.2382	0.675	1.0473	0.677
473	0.8137	0.5592	1.243	0.673	1.0518	0.6772
474	0.8135	0.559	1.2359	0.6699	1.0529	0.6721
475	0.8437	0.5866	1.2542	0.6952	1.0618	0.6898
476	0.8188	0.5615	1.2416	0.6803	1.0551	0.6749
477	0.818	0.5706	1.2507	0.6852	1.0694	0.6969
478	0.8132	0.5616	1.2498	0.6813	1.0693	0.6801
479	0.805	0.5526	1.2352	0.6648	1.0622	0.6752
480	0.8189	0.5685	1.2435	0.6811	1.073	0.6852
481	0.8182	0.5679	1.2429	0.6801	1.0674	0.6938
482	0.8216	0.5672	1.2401	0.6786	1.0642	0.6846
483	0.8051	0.5525	1.2321	0.6658	1.0837	0.6839
484	0.8464	0.5903	1.2571	0.6974	1.0789	0.7035
485	0.8551	0.6054	1.2553	0.7097	1.1015	0.705
486	0.8181	0.5687	1.2412	0.6849	1.0613	0.6893
487	0.8074	0.5574	1.2315	0.6712	1.0723	0.6725
488	0.8251	0.5788	1.2504	0.6947	1.0679	0.7029
489	0.8111	0.5609	1.2272	0.6739	1.0447	0.673
490	0.7989	0.5487	1.2381	0.6667	1.0776	0.6698
491	0.7971	0.5492	1.2391	0.6703	1.0523	0.6825
492	0.8067	0.5553	1.2268	0.6692	1.0488	0.6773
493	0.798	0.5495	1.236	0.669	1.0586	0.6712
494	0.8018	0.5567	1.2389	0.6788	1.0863	0.6824
495	0.8019	0.5538	1.2255	0.6703	1.0422	0.6715
496	0.8227	0.574	1.2459	0.689	1.0604	0.6967
497	0.7938	0.5457	1.2169	0.6611	1.031	0.6631
498	0.7968	0.555	1.225	0.6735	1.0436	0.6686
499	0.8014	0.5548	1.242	0.6816	1.0463	0.6779
500	0.8374	0.5899	1.2484	0.6978	1.0861	0.6921
501	0.831	0.5822	1.2509	0.6976	1.0845	0.7058
502	0.7929	0.5441	1.2253	0.6632	1.0535	0.6698
503	0.7933	0.5445	1.2322	0.6661	1.0534	0.6687
504	0.8088	0.5619	1.2366	0.6779	1.0727	0.6768
505	0.7983	0.5507	1.2181	0.6586	1.0417	0.6673
506	0.7929	0.5449	1.2244	0.6654	1.0816	0.6691
507	0.8144	0.5679	1.2432	0.6861	1.0683	0.6796
508	0.7903	0.5432	1.221	0.6619	1.0349	0.6667
509	0.7977	0.5484	1.2223	0.662	1.0389	0.6654
510	0.8005	0.5553	1.2404	0.6812	1.0576	0.6722
511	0.7937	0.5442	1.2204	0.666	1.0432	0.6666
512	0.7915	0.5474	1.2179	0.6616	1.0463	0.662
513	0.7913	0.5474	1.228	0.6689	1.039	0.6694
514	0.7794	0.5347	1.2228	0.6597	1.0401	0.6604
515	0.7913	0.5452	1.222	0.6653	1.0317	0.6634
516	0.8073	0.5579	1.2219	0.6727	1.0451	0.6811
517	0.801	0.5543	1.226	0.6716	1.0413	0.6766
518	0.7911	0.5494	1.222	0.671	1.0452	0.6748
519	0.7834	0.541	1.2214	0.6664	1.0427	0.6617
520	0.7967	0.5542	1.2206	0.673	1.0398	0.6692
521	0.7835	0.5389	1.2178	0.6615	1.029	0.6592
522	0.7916	0.5457	1.2319	0.6689	1.0498	0.674
523	0.7828	0.5394	1.226	0.6669	1.0428	0.668
524	0.7825	0.5372	1.2156	0.6577	1.0423	0.6626
525	0.8262	0.5773	1.2603	0.7036	1.073	0.7051
526	0.787	0.5403	1.2232	0.6683	1.0459	0.6718
527	0.7874	0.545	1.2267	0.6726	1.0499	0.6798
528	0.7842	0.5447	1.2283	0.6707	1.0464	0.6747
529	0.7702	0.5272	1.2105	0.6507	1.037	0.6549
530	0.7717	0.5266	1.2118	0.6563	1.0242	0.657
531	0.7737	0.5302	1.2067	0.6525	1.0454	0.6625
532	0.777	0.5364	1.2214	0.6663	1.0362	0.6659
533	0.7737	0.5293	1.2068	0.653	1.0244	0.6573
534	0.7833	0.5374	1.215	0.6598	1.0331	0.661
535	0.7828	0.5444	1.2245	0.6671	1.0447	0.6742
536	0.8026	0.5633	1.2299	0.6854	1.056	0.6796
537	0.7696	0.5273	1.2086	0.6516	1.0303	0.6583
538	0.777	0.5339	1.2166	0.6612	1.0317	0.6645
539	0.8166	0.5724	1.2213	0.6791	1.0512	0.6786
540	0.7814	0.5379	1.2266	0.6679	1.0376	0.6677
541	0.7753	0.5317	1.2082	0.651	1.0531	0.6608
542	0.7853	0.5396	1.2222	0.6669	1.0371	0.6611
543	0.8271	0.5787	1.2431	0.6981	1.0533	0.687
544	0.7935	0.5467	1.2332	0.6717	1.0423	0.6672
545	0.8261	0.5755	1.2381	0.6899	1.0641	0.6981
546	0.7672	0.5273	1.2028	0.652	1.018	0.6541
547	0.8006	0.554	1.2391	0.6795	1.1043	0.6811
548	0.7881	0.5504	1.2228	0.6801	1.0496	0.6795
549	0.8206	0.5701	1.2264	0.6802	1.0651	0.6951
550	0.7919	0.5522	1.2102	0.6719	1.0356	0.6708
551	0.7919	0.5495	1.2135	0.6674	1.0418	0.6774
552	0.7637	0.522	1.1931	0.6444	1.0147	0.6489
553	0.7718	0.532	1.2073	0.6556	1.0217	0.6588
554	0.7735	0.5313	1.1983	0.6563	1.0301	0.6637
555	0.7601	0.5228	1.1938	0.6485	1.0185	0.6493
556	0.7821	0.5467	1.2237	0.6759	1.0465	0.6759
557	0.7716	0.5315	1.2092	0.6586	1.0477	0.6582
558	0.7784	0.538	1.2027	0.6615	1.0261	0.6578
559	0.7709	0.5329	1.2238	0.6599	1.0575	0.6697
560	0.7662	0.5302	1.2068	0.6575	1.0315	0.6625
561	0.7621	0.5211	1.1946	0.6438	1.013	0.6466
562	0.7714	0.5386	1.2129	0.6677	1.0196	0.6526
563	0.8204	0.5811	1.2526	0.7023	1.0956	0.7088
564	0.7726	0.5343	1.2212	0.663	1.039	0.6699
565	0.7691	0.5313	1.2118	0.6565	1.0449	0.6566
566	0.777	0.5433	1.209	0.6644	1.0453	0.6648
567	0.836	0.6009	1.2605	0.7267	1.0808	0.7262
568	0.7785	0.5397	1.2066	0.6565	1.0431	0.6607
569	0.7692	0.5309	1.218	0.6644	1.033	0.6574
570	0.7658	0.5316	1.2002	0.6499	1.0373	0.6605
571	0.7586	0.5202	1.2045	0.6499	1.0234	0.6504
572	0.8257	0.5937	1.2331	0.7077	1.0715	0.7018
573	0.7663	0.5304	1.2095	0.6599	1.0236	0.6552
574	0.7886	0.5477	1.2288	0.6713	1.071	0.6743
575	0.7638	0.5275	1.2	0.6521	1.0162	0.6543
576	0.7549	0.518	1.1969	0.6459	1.0241	0.6468
577	0.7647	0.5247	1.2009	0.6532	1.0107	0.6481
578	0.7477	0.5136	1.1994	0.6454	1.017	0.6447
579	0.7519	0.518	1.2041	0.6507	1.0299	0.6492
580	0.766	0.527	1.2003	0.6558	1.0142	0.6561
581	0.7555	0.5195	1.1906	0.6441	1.0088	0.6454
582	0.7547	0.5171	1.2001	0.6495	1.0086	0.6419
583	0.7447	0.5107	1.1932	0.6414	1.0157	0.6429
584	0.754	0.5212	1.1973	0.6508	1.0318	0.6631
585	0.7513	0.5197	1.1895	0.6486	1.034	0.6537
586	0.7531	0.5176	1.1918	0.6476	1.0187	0.653
587	0.7455	0.5104	1.1904	0.6422	1.0085	0.647
588	0.7504	0.5174	1.1924	0.641	1.0386	0.646
589	0.7704	0.5362	1.2086	0.6667	1.0324	0.6569
590	0.8125	0.5775	1.2415	0.7004	1.0656	0.7044
591	0.7583	0.526	1.1993	0.6582	1.0186	0.6515
592	0.7548	0.5194	1.1941	0.6465	1.0271	0.6476
593	0.745	0.5131	1.196	0.6476	1.0211	0.6424
594	0.7784	0.5411	1.2091	0.6646	1.0392	0.6773
595	0.7531	0.521	1.1993	0.6518	1.0284	0.6567
596	0.8044	0.5759	1.2098	0.6904	1.0562	0.6853
597	0.7681	0.5367	1.2026	0.6622	1.0267	0.67
598	0.7925	0.5494	1.219	0.6711	1.0433	0.676
599	0.7685	0.5287	1.2012	0.6592	1.027	0.6596
600	0.7434	0.512	1.1871	0.637	1.0126	0.6389
601	0.7377	0.5046	1.1886	0.64	1.0041	0.6357
602	0.7519	0.5176	1.203	0.6518	1.019	0.654
603	0.7794	0.5531	1.2123	0.6816	1.0419	0.6718
604	0.824	0.5803	1.2465	0.7061	1.0629	0.7004
605	0.7385	0.5034	1.1865	0.6336	1.0046	0.6363
606	0.7618	0.524	1.2164	0.6632	1.0283	0.658
607	0.7387	0.5066	1.1873	0.6391	0.9979	0.6375
608	0.74	0.5104	1.1879	0.6449	1.005	0.6401
609	0.7407	0.508	1.1966	0.6515	1.012	0.6455
610	0.7448	0.5114	1.1972	0.6442	1.0073	0.6466
611	0.773	0.5354	1.2131	0.6671	1.0246	0.6594
612	0.7443	0.511	1.1903	0.6403	1.0082	0.6419
613	0.8059	0.5748	1.2137	0.6945	1.0449	0.6863
614	0.8139	0.5709	1.241	0.695	1.0541	0.6954
615	0.8701	0.6369	1.2727	0.7532	1.1136	0.7365
616	0.8211	0.5842	1.2519	0.7135	1.0679	0.7121
617	0.7487	0.5155	1.1852	0.6437	1.0094	0.6461
618	0.7451	0.5153	1.1795	0.6397	1.0157	0.6414
619	0.7419	0.5104	1.1997	0.6466	1.0357	0.6485
620	0.743	0.5079	1.1859	0.6429	1.0096	0.6426
621	0.7448	0.512	1.1708	0.6339	1.0491	0.6421
622	0.7397	0.5132	1.181	0.643	1.0581	0.647
623	0.7417	0.5118	1.1809	0.6408	1.0222	0.651
624	0.7381	0.5062	1.1926	0.6456	1.0179	0.6429
625	0.7598	0.5317	1.1989	0.6647	1.0416	0.663
626	0.7871	0.5582	1.2258	0.6904	1.0642	0.6959
627	0.7535	0.5242	1.1895	0.6558	1.0103	0.6486
628	0.7382	0.507	1.1789	0.639	0.9974	0.6386
629	0.7962	0.5546	1.2303	0.6849	1.0483	0.6833
630	0.7908	0.5597	1.2086	0.6866	1.0382	0.6783
631	0.7377	0.5075	1.1744	0.6367	1.0063	0.6414
632	0.729	0.5017	1.1876	0.642	1.0095	0.6455
633	0.7379	0.5104	1.1731	0.6321	1.0449	0.6458
634	0.745	0.5176	1.1848	0.6552	1.0096	0.645
635	0.7401	0.5115	1.1781	0.6457	1.004	0.6444
636	0.7527	0.5225	1.2008	0.6609	1.0138	0.6576
637	0.7478	0.5169	1.1742	0.6473	1.0037	0.6412
638	0.7607	0.5233	1.1769	0.6458	1.0123	0.6518
639	0.7512	0.5195	1.1872	0.6457	1.0715	0.6523
640	0.7753	0.5537	1.2281	0.6914	1.0526	0.693
641	0.7325	0.5031	1.1809	0.6398	1.0019	0.6439
642	0.727	0.501	1.1731	0.64	0.9989	0.6318
643	0.7372	0.5107	1.1813	0.6472	1.0241	0.6404
644	0.728	0.5009	1.1708	0.6356	1.0035	0.6397
645	0.8359	0.596	1.2443	0.7143	1.0761	0.7199
646	0.7228	0.4973	1.1725	0.6352	1.0176	0.6366
647	0.7514	0.522	1.191	0.6629	1.0155	0.6475
648	0.7638	0.5309	1.1984	0.6664	1.0275	0.6636
649	0.7494	0.5249	1.1843	0.6606	1.0119	0.6493
650	0.7435	0.5127	1.1791	0.6423	1.0136	0.649
651	0.723	0.4987	1.1817	0.6387	1.0054	0.636
652	0.7214	0.4962	1.1681	0.6258	1.019	0.6377
653	0.7164	0.4912	1.1654	0.6283	0.9886	0.628
654	0.7298	0.5043	1.1728	0.6408	1.0013	0.639
655	0.7288	0.5059	1.173	0.643	1.0154	0.6426
656	0.7234	0.4967	1.1584	0.6249	0.9916	0.6264
657	0.7212	0.5	1.1843	0.6426	1.0101	0.6429
658	0.7111	0.4884	1.1695	0.627	0.9999	0.631
659	0.7182	0.4959	1.163	0.6249	1.0051	0.6344
660	0.7127	0.4887	1.1713	0.63	0.9997	0.63
661	0.7331	0.5084	1.1776	0.6419	1.0191	0.6501
662	0.7154	0.4904	1.166	0.6294	0.9993	0.6311
663	0.7155	0.4928	1.1731	0.6376	1.004	0.6386
664	0.7311	0.5072	1.1737	0.6411	1.0186	0.6427
665	0.7249	0.501	1.1741	0.6411	1.008	0.645
666	0.7359	0.5089	1.171	0.6422	1.0086	0.6429
667	0.7478	0.5139	1.193	0.6509	1.017	0.6486
668	0.7136	0.4896	1.1637	0.6218	1.0076	0.63
669	0.726	0.4997	1.1813	0.6438	1.0134	0.645
670	0.7165	0.4942	1.1729	0.6312	1.0246	0.6415
671	0.7119	0.4877	1.1782	0.6316	1.0168	0.6348
672	0.7482	0.5221	1.1852	0.6627	1.0172	0.6525
673	0.7172	0.492	1.1764	0.6341	0.9991	0.6308
674	0.7494	0.5268	1.2056	0.6629	1.0571	0.6733
675	0.7296	0.5087	1.181	0.648	1.0153	0.6444
676	0.7431	0.5209	1.1786	0.65	1.0035	0.6472
677	0.7478	0.5167	1.191	0.6501	1.011	0.6497
678	0.7051	0.4844	1.1724	0.6306	0.9957	0.629
679	0.714	0.4899	1.1725	0.6314	0.9958	0.6315
680	0.7127	0.4886	1.1683	0.6272	0.9935	0.6267
681	0.7148	0.4946	1.1683	0.6336	0.9985	0.6373
682	0.7151	0.4886	1.1588	0.6269	0.981	0.6236
683	0.8546	0.6098	1.2529	0.7273	1.101	0.7241
684	0.7388	0.5243	1.1924	0.6644	1.0136	0.6649
685	0.7413	0.5166	1.1766	0.6462	0.9948	0.6452
686	0.7302	0.5112	1.163	0.6451	0.9943	0.6433
687	0.7463	0.5213	1.1723	0.65	1.0056	0.6453
688	0.717	0.4948	1.171	0.6343	0.9943	0.6338
689	0.7238	0.4992	1.1782	0.637	1.0067	0.6403
690	0.728	0.5065	1.1835	0.6509	1.0157	0.6473
691	0.7283	0.5054	1.1744	0.6389	1.0156	0.6463
692	0.7014	0.4807	1.1549	0.6188	0.9948	0.6262
693	0.7021	0.4836	1.1561	0.6235	0.9914	0.6273
694	0.7257	0.5062	1.1696	0.641	1.0045	0.6497
695	0.7113	0.4873	1.1596	0.6318	0.992	0.628
696	0.8264	0.5997	1.22	0.7145	1.0829	0.716
697	0.7623	0.5425	1.2013	0.6744	1.0394	0.6814
698	0.7669	0.5416	1.204	0.6786	1.0494	0.6739
699	0.7184	0.4975	1.1676	0.6351	0.9975	0.6386
700	0.7331	0.5145	1.1546	0.6437	0.9947	0.6401
701	0.7203	0.4981	1.1525	0.6234	1.0049	0.6297
702	0.7124	0.4927	1.1756	0.6415	1.0016	0.6433
703	0.7443	0.522	1.1879	0.6627	1.0483	0.6603
704	0.6991	0.4809	1.1604	0.6242	0.9904	0.6282
705	0.7041	0.481	1.1584	0.623	0.987	0.6245
706	0.7001	0.4817	1.1518	0.6204	0.9981	0.6309
707	0.6914	0.4741	1.1482	0.6161	0.9845	0.6244
708	0.7195	0.5085	1.1726	0.6466	1.0152	0.6606
709	0.6952	0.4758	1.1511	0.6218	0.978	0.6206
710	0.7088	0.4929	1.1621	0.6358	0.9944	0.6305
711	0.7064	0.4857	1.15	0.6204	0.9894	0.6292
712	0.7143	0.4966	1.157	0.6336	0.999	0.6391
713	0.7136	0.4999	1.1552	0.6385	1.005	0.6375
714	0.6998	0.4822	1.1521	0.6217	0.9943	0.6262
715	0.6976	0.4848	1.1493	0.6259	0.9855	0.6324
716	0.6992	0.486	1.149	0.6293	0.9885	0.6245
717	0.6948	0.4819	1.149	0.6252	0.9791	0.6214
718	0.7069	0.4941	1.1607	0.636	0.9924	0.6437
719	0.7086	0.4956	1.1548	0.6383	0.9955	0.63
720	0.7134	0.497	1.1452	0.624	1.0012	0.6326
721	0.7088	0.4882	1.1498	0.6259	0.993	0.6338
722	0.7133	0.4966	1.1662	0.6347	0.9971	0.6443
723	0.6872	0.4716	1.1521	0.6152	0.9809	0.6204
724	0.7241	0.504	1.1672	0.6426	1.0079	0.6454
725	0.7385	0.514	1.1737	0.6487	1.0047	0.6463
726	0.7004	0.4853	1.152	0.63	0.9919	0.634
727	0.7339	0.5177	1.1777	0.6537	1.0093	0.6588
728	0.6955	0.477	1.1336	0.6145	0.9707	0.6112
729	0.7031	0.4888	1.1582	0.6333	1.0069	0.6334
730	0.7625	0.545	1.2161	0.6846	1.0639	0.6845
731	0.7312	0.5076	1.1595	0.6415	1.0014	0.6408
732	0.7313	0.5193	1.1509	0.6442	0.9935	0.6388
733	0.7471	0.5228	1.1804	0.6595	1.0136	0.6576
734	0.7484	0.5301	1.1852	0.666	1.0256	0.659
735	0.7252	0.5095	1.1683	0.6464	1.009	0.6539
736	0.8168	0.6042	1.2224	0.7248	1.0883	0.7241
737	0.7113	0.4996	1.1695	0.6453	1.0025	0.6517
738	0.6913	0.4775	1.1577	0.6236	0.9935	0.6222
739	0.6893	0.4722	1.1517	0.6226	0.9816	0.626
740	0.7352	0.5219	1.1622	0.6547	1.0123	0.6517
741	0.6954	0.4828	1.1607	0.6328	0.9933	0.6367
742	0.6808	0.4668	1.1387	0.6114	0.9772	0.6136
743	0.6851	0.4702	1.1444	0.6155	0.9781	0.6156
744	0.683	0.4666	1.1419	0.6103	0.9698	0.611
745	0.6987	0.4872	1.1513	0.634	0.9959	0.6303
746	0.7009	0.4838	1.1447	0.6232	0.9833	0.6214
747	0.7013	0.4856	1.1384	0.6286	0.98	0.6251
748	0.6864	0.4736	1.1311	0.6113	0.9723	0.6158
749	0.6825	0.4701	1.1272	0.6091	0.972	0.6098
750	0.6781	0.4654	1.1346	0.6077	0.9777	0.6135
751	0.6772	0.4657	1.1349	0.6114	0.9713	0.6153
752	0.6786	0.4693	1.1359	0.6126	0.9704	0.6137
753	0.6849	0.4753	1.1347	0.6176	0.9771	0.618
754	0.6783	0.4664	1.1397	0.6172	0.9789	0.6201
755	0.684	0.4704	1.1336	0.6134	0.9739	0.6186
756	0.6799	0.4633	1.1334	0.6125	0.9703	0.6132
757	0.6929	0.4764	1.1416	0.6176	0.9832	0.621
758	0.6804	0.47	1.1379	0.6214	0.982	0.6234
759	0.6833	0.4709	1.1267	0.6078	0.9826	0.6147
760	0.751	0.5233	1.1981	0.6682	1.0436	0.6626
761	0.6861	0.477	1.1414	0.6213	0.9847	0.6261
762	0.678	0.4662	1.1335	0.606	0.985	0.6198
763	0.6738	0.4637	1.1421	0.6114	0.9811	0.6176
764	0.6743	0.4616	1.1341	0.6135	0.9735	0.6175
765	0.7038	0.4906	1.1582	0.6323	0.9953	0.6375
766	0.764	0.545	1.1913	0.6798	1.0411	0.6787
767	0.7251	0.5107	1.1852	0.6538	1.0224	0.6571
768	0.7587	0.5398	1.1701	0.675	1.0251	0.6682
769	0.7053	0.4916	1.131	0.6206	0.9709	0.6263
770	0.6928	0.4789	1.1375	0.6207	0.9791	0.6211
771	0.686	0.4742	1.1485	0.6263	0.9833	0.6214
772	0.7828	0.5664	1.2292	0.7072	1.0519	0.7027
773	0.7176	0.5044	1.1581	0.6507	0.9998	0.6451
774	0.6771	0.469	1.1303	0.6144	0.9781	0.618
775	0.6924	0.4837	1.1385	0.6264	0.9861	0.628
776	0.6785	0.4657	1.1295	0.6102	0.9807	0.6152
777	0.6713	0.4615	1.1323	0.612	0.975	0.612
778	0.6819	0.4695	1.1193	0.6074	0.9678	0.6171
779	0.6808	0.4746	1.1174	0.6147	0.9722	0.6167
780	0.7017	0.4862	1.1359	0.6195	0.9903	0.6375
781	0.6722	0.4622	1.1254	0.602	0.9792	0.6178
782	0.6708	0.4621	1.1229	0.6064	0.9783	0.6124
783	0.6673	0.4558	1.1241	0.6028	0.9639	0.606
784	0.6877	0.4783	1.1344	0.626	0.9917	0.6287
785	0.6709	0.4587	1.125	0.6064	0.9791	0.6164
786	0.6873	0.4763	1.1437	0.6217	0.9907	0.6307
787	0.7093	0.4942	1.1477	0.6355	1.0072	0.6385
788	0.6596	0.452	1.1235	0.6019	0.9756	0.6116
789	0.6623	0.4546	1.1219	0.6014	0.982	0.6133
790	0.6631	0.4547	1.1148	0.6007	0.9678	0.6116
791	0.6796	0.4684	1.1182	0.6055	0.9785	0.619
792	0.6615	0.454	1.1169	0.6037	0.9698	0.6107
793	0.6686	0.4635	1.124	0.612	0.9866	0.6209
794	0.6997	0.4917	1.1491	0.6345	1.008	0.6451
795	0.6741	0.4673	1.1293	0.6218	0.9809	0.6252
796	0.6731	0.4657	1.1236	0.6136	0.9691	0.6162
797	0.8039	0.5835	1.2288	0.7223	1.0712	0.7158
798	0.7391	0.5218	1.1617	0.6491	1.0215	0.654
799	0.716	0.5032	1.1794	0.656	1.0161	0.6466
800	0.692	0.4897	1.1466	0.6267	0.997	0.6425
801	0.6624	0.4539	1.1193	0.602	0.9637	0.5999
802	0.6729	0.4633	1.1198	0.6074	0.9745	0.6144
803	0.6668	0.4599	1.1244	0.6062	0.9777	0.6172
804	0.6753	0.4677	1.1196	0.6157	0.9723	0.6162
805	0.6652	0.4595	1.1314	0.6089	0.9858	0.6131
806	0.6694	0.4652	1.1445	0.6145	0.9879	0.6216
807	0.6602	0.4529	1.1199	0.6054	0.966	0.6086
808	0.6843	0.4772	1.1261	0.6237	0.9803	0.6243
809	0.667	0.4603	1.1227	0.6167	0.9705	0.6142
810	0.6557	0.4499	1.1132	0.6	0.9643	0.6126
811	0.6538	0.4475	1.1098	0.5945	0.9586	0.6043
812	0.7031	0.4996	1.1695	0.6478	1.0181	0.6586
813	0.6728	0.4694	1.1184	0.6184	0.9769	0.6189
814	0.6787	0.47	1.1227	0.6148	0.9674	0.6168
815	0.6971	0.4817	1.1354	0.6246	0.9801	0.6267
816	0.6649	0.4573	1.1237	0.6043	0.9747	0.6113
817	0.8142	0.5901	1.2066	0.7135	1.0736	0.7173
818	0.7063	0.4969	1.1574	0.6419	1.0043	0.6497
819	0.6583	0.4516	1.1164	0.6058	0.9658	0.6069
820	0.6823	0.4725	1.1176	0.6132	0.9757	0.6203
821	0.6681	0.4654	1.1155	0.6124	0.9688	0.6096
822	0.666	0.4601	1.1174	0.6049	0.9669	0.6092
823	0.6636	0.4615	1.1196	0.6127	0.9773	0.6227
824	0.6595	0.4578	1.1102	0.5982	0.9879	0.6155
825	0.6698	0.4636	1.1305	0.6138	0.9974	0.6238
826	0.6559	0.451	1.1153	0.6028	0.9731	0.6104
827	0.6656	0.4608	1.0967	0.6013	0.9641	0.6087
828	0.6516	0.4497	1.1026	0.599	0.9592	0.6051
829	0.6707	0.4642	1.1307	0.6167	0.9832	0.6258
830	0.6559	0.4519	1.1276	0.6031	0.9756	0.6083
831	0.6633	0.4592	1.1155	0.6051	0.9767	0.613
832	0.7351	0.531	1.1672	0.6696	1.02	0.6742
833	0.658	0.4553	1.1113	0.6092	0.9704	0.6143
834	0.6578	0.4514	1.112	0.6012	0.9747	0.6078
835	0.6763	0.4714	1.1183	0.6134	0.9784	0.6233
836	0.7026	0.5038	1.1531	0.6513	1.0101	0.6625
837	0.6934	0.4934	1.1349	0.6449	0.9913	0.6418
838	0.6663	0.4607	1.1119	0.6028	0.9615	0.6132
839	0.6715	0.4676	1.1241	0.6149	0.9777	0.6298
840	0.8002	0.5897	1.2043	0.7146	1.1052	0.7168
841	0.7003	0.4875	1.1575	0.6394	1.0029	0.6365
842	0.7146	0.4965	1.1216	0.6264	0.9852	0.6341
843	0.6874	0.4795	1.1165	0.6174	0.9726	0.626
844	0.6531	0.4501	1.1119	0.5955	0.9745	0.6147
845	0.6744	0.4713	1.1281	0.6214	0.9792	0.6239
846	0.6489	0.4449	1.1096	0.5949	0.9546	0.6025
847	0.6615	0.4536	1.1073	0.5977	0.9617	0.6069
848	0.6849	0.4749	1.1475	0.6216	0.9905	0.6259
849	0.6701	0.4739	1.1359	0.6283	0.996	0.6335
850	0.6502	0.4464	1.1072	0.5908	0.9578	0.5979
851	0.6593	0.4581	1.1144	0.6118	0.9677	0.6133
852	0.6634	0.4684	1.1269	0.619	0.9839	0.635
853	0.6607	0.4549	1.1123	0.6114	0.9689	0.6104
854	0.6688	0.4625	1.1219	0.6056	0.9825	0.6188
855	0.6682	0.4671	1.1139	0.6209	0.98	0.6252
856	0.6702	0.467	1.1013	0.6063	0.9655	0.6165
857	0.6797	0.4715	1.1143	0.6121	0.9711	0.6218
858	0.64	0.4417	1.0944	0.5921	0.9599	0.6061
859	0.6513	0.4481	1.1023	0.6006	0.9621	0.6117
860	0.6475	0.4462	1.0995	0.5973	0.9646	0.6121
861	0.6843	0.4784	1.1166	0.6214	0.9845	0.6333
862	0.732	0.5105	1.1632	0.6562	1.0218	0.6534
863	0.6712	0.4674	1.1033	0.6149	0.9739	0.6182
864	0.6499	0.4487	1.0831	0.5859	0.953	0.6073
865	0.7129	0.4993	1.1516	0.6511	1.0074	0.6483
866	0.6513	0.4544	1.1027	0.6038	0.9798	0.6217
867	0.6548	0.453	1.0907	0.5998	0.9639	0.6064
868	0.6695	0.4671	1.1005	0.6111	0.9684	0.6233
869	0.6618	0.4598	1.0939	0.607	0.9564	0.6058
870	0.707	0.4938	1.1472	0.6417	0.9976	0.6404
871	0.65	0.4556	1.1139	0.6067	0.9811	0.6234
872	0.6455	0.4468	1.086	0.5919	0.9686	0.6114
873	0.6851	0.4923	1.1017	0.6352	0.9841	0.641
874	0.6528	0.4509	1.0983	0.6045	0.9628	0.6145
875	0.631	0.4321	1.0818	0.5827	0.9544	0.596
876	0.638	0.4373	1.083	0.5839	0.9537	0.5983
877	0.6652	0.4674	1.1236	0.6196	0.9806	0.6273
878	0.6799	0.4775	1.1123	0.6223	0.9851	0.6299
879	0.6344	0.4373	1.0887	0.5827	0.962	0.6045
880	0.6476	0.4455	1.1108	0.6016	0.9647	0.6059
881	0.6766	0.483	1.1068	0.626	0.9771	0.6313
882	0.7543	0.5515	1.1648	0.6806	1.0323	0.6961
883	0.6344	0.4367	1.0867	0.5887	0.9557	0.5995
884	0.6386	0.4381	1.1029	0.5907	0.9622	0.6012
885	0.6761	0.4706	1.1049	0.6148	0.9741	0.6307
886	0.6561	0.4591	1.0975	0.6071	0.9576	0.6111
887	0.6425	0.445	1.1037	0.5987	0.9786	0.6143
888	0.6295	0.4308	1.0816	0.576	0.9549	0.5968
889	0.6333	0.437	1.0888	0.5921	0.9544	0.604
890	0.6324	0.4321	1.096	0.5861	0.9502	0.598
891	0.6586	0.4538	1.1136	0.602	0.9605	0.6098
892	0.6864	0.4877	1.1228	0.6354	0.9918	0.6435
893	0.7015	0.4972	1.132	0.6374	0.9925	0.6476
894	0.6543	0.4552	1.0966	0.6135	0.9706	0.6189
895	0.6384	0.4383	1.0889	0.5918	0.9533	0.6009
896	0.6282	0.4307	1.0892	0.5864	0.9472	0.5952
897	0.6263	0.4301	1.0786	0.5801	0.9485	0.5941
898	0.6529	0.466	1.1017	0.6105	0.9766	0.6331
899	0.6782	0.4856	1.1077	0.6316	0.9803	0.6339
900	0.6726	0.4682	1.1175	0.6217	0.9746	0.625
901	0.6981	0.4941	1.1172	0.6337	0.9878	0.6417
902	0.6605	0.4572	1.1125	0.6117	0.9704	0.616
903	0.6456	0.4499	1.0873	0.5957	0.9631	0.6102
904	0.6407	0.4414	1.0818	0.5868	0.9558	0.6029
905	0.6309	0.4349	1.0938	0.5896	0.9529	0.5998
906	0.6479	0.4494	1.101	0.6021	0.9761	0.6156
907	0.6456	0.4455	1.0865	0.5903	0.9976	0.6178
908	0.6352	0.4379	1.0788	0.5869	1.0189	0.6102
909	0.6471	0.4464	1.0984	0.6057	0.9723	0.6157
910	0.6297	0.4348	1.0776	0.5837	0.9555	0.6018
911	0.6287	0.4338	1.0972	0.5909	0.9671	0.6048
912	0.622	0.4268	1.0992	0.5885	0.9808	0.6045
913	0.6238	0.4266	1.0924	0.5866	0.9576	0.5994
914	0.6652	0.4696	1.1057	0.6219	0.9815	0.6353
915	0.627	0.4315	1.0824	0.583	0.964	0.6082
916	0.6426	0.4463	1.1066	0.6081	0.9836	0.6231
917	0.6365	0.4387	1.0944	0.587	0.9984	0.6089
918	0.7155	0.5212	1.1571	0.6676	1.03	0.6778
919	0.6258	0.432	1.0779	0.5819	0.95	0.5981
920	0.6214	0.4283	1.0764	0.5804	0.9438	0.5945
921	0.6251	0.4322	1.0885	0.5951	0.956	0.602
922	0.6702	0.4771	1.1039	0.6165	0.9862	0.6389
923	0.6629	0.4702	1.1052	0.6195	0.9901	0.6337
924	0.6242	0.4326	1.0967	0.5905	0.9716	0.6095
925	0.6246	0.4313	1.0939	0.5912	0.9609	0.6056
926	0.6189	0.4279	1.09	0.5887	0.9552	0.5981
927	0.6499	0.4532	1.0895	0.5988	0.9573	0.6115
928	0.662	0.4692	1.1025	0.6215	0.9843	0.6355
929	0.6254	0.428	1.0733	0.5864	0.9492	0.5966
930	0.6193	0.424	1.0767	0.5783	0.952	0.5953
931	0.657	0.4708	1.1133	0.6187	0.9894	0.6362
932	0.6236	0.4326	1.0871	0.5924	0.9673	0.6114
933	0.6636	0.4679	1.1208	0.6212	0.992	0.6374
934	0.6269	0.4314	1.0781	0.5913	0.9541	0.5981
935	0.6346	0.4402	1.0885	0.6008	0.9652	0.6097
936	0.6649	0.4698	1.1195	0.6202	1.0076	0.6418
937	0.6829	0.4881	1.1155	0.6366	1.002	0.65
938	0.663	0.4652	1.1203	0.6191	0.9853	0.6292
939	0.6228	0.4278	1.0758	0.5773	0.9568	0.6014
940	0.6526	0.4559	1.0848	0.6063	0.965	0.6179
941	0.7236	0.5116	1.1479	0.6577	1.0074	0.6571
942	0.6963	0.5062	1.12	0.6529	0.9977	0.661
943	0.7588	0.5581	1.1713	0.6942	1.0467	0.7092
944	0.6866	0.4896	1.1154	0.6337	1.0566	0.656
945	0.6848	0.4909	1.1271	0.6321	1.0808	0.6589
946	0.7388	0.5239	1.12	0.6617	1.0252	0.673
947	0.7819	0.5668	1.1517	0.6867	1.0279	0.6896
948	0.6704	0.4724	1.1048	0.6312	0.9908	0.6405
949	0.6524	0.4577	1.1031	0.6076	0.9761	0.6196
950	0.6792	0.4945	1.0976	0.6407	0.9794	0.6404
951	0.6629	0.4597	1.0924	0.6026	0.9736	0.6264
952	0.6391	0.4484	1.085	0.5982	0.9644	0.608
953	0.635	0.445	1.1039	0.6012	0.9852	0.6172
954	0.6271	0.433	1.0809	0.5797	0.9625	0.601
955	0.6301	0.4349	1.0717	0.5911	0.9457	0.5958
956	0.6196	0.4273	1.0671	0.5794	0.9433	0.5946
957	0.6325	0.4405	1.0851	0.6007	0.9605	0.6041
958	0.618	0.4283	1.0815	0.5851	0.961	0.5987
959	0.6171	0.4246	1.0755	0.581	0.9473	0.596
960	0.6336	0.452	1.0825	0.608	0.9592	0.6186
961	0.6678	0.4832	1.1138	0.6308	0.989	0.6496
962	0.6713	0.4733	1.1002	0.6257	0.9815	0.6358
963	0.6406	0.444	1.0725	0.5911	0.9463	0.5976
964	0.6221	0.4272	1.0893	0.5866	0.956	0.601
965	0.6213	0.4309	1.0907	0.5911	0.9605	0.6042
966	0.6727	0.48	1.1107	0.6333	0.9842	0.6383
967	0.6756	0.4855	1.1079	0.6275	0.9922	0.6516
968	0.6415	0.4486	1.0749	0.5997	0.9631	0.6126
969	0.6749	0.4808	1.1105	0.6314	0.9885	0.6455
970	0.6601	0.4778	1.093	0.6263	0.984	0.6347
971	0.6419	0.4593	1.0887	0.6112	0.9814	0.6335
972	0.6118	0.4213	1.0742	0.582	0.9572	0.5984
973	0.6166	0.4285	1.0762	0.5903	0.9488	0.597
974	0.613	0.4214	1.0686	0.5828	0.9523	0.5961
975	0.6064	0.4157	1.0653	0.5768	0.952	0.5928
976	0.6109	0.4201	1.0693	0.5843	0.9499	0.5982
977	0.6183	0.4292	1.0639	0.5849	0.9504	0.602
978	0.602	0.4129	1.0643	0.5739	0.9519	0.5916
979	0.6304	0.438	1.1004	0.5984	1.0078	0.6193
980	0.625	0.4318	1.0742	0.5895	0.947	0.5999
981	0.6943	0.5012	1.1223	0.6458	0.9941	0.6569
982	0.6463	0.4686	1.0802	0.6156	0.9664	0.6301
983	0.6094	0.4207	1.0656	0.578	0.9489	0.596
984	0.6189	0.4315	1.0811	0.5903	0.9601	0.6044
985	0.6092	0.419	1.0697	0.5774	0.9509	0.5967
986	0.6173	0.4287	1.0674	0.589	0.9616	0.6047
987	0.6022	0.4111	1.0578	0.5678	0.9536	0.5948
988	0.5998	0.4103	1.0582	0.5751	0.9478	0.5913
989	0.6046	0.4146	1.0607	0.5726	0.9413	0.592
990	0.5982	0.4116	1.0587	0.5746	0.9545	0.5913
991	0.6184	0.4279	1.0754	0.5905	0.9547	0.5982
992	0.6586	0.4671	1.1095	0.6218	0.9878	0.6368
993	0.6915	0.5148	1.1099	0.6569	0.993	0.6677
994	0.6282	0.4466	1.0731	0.6024	0.9663	0.6238
995	0.5999	0.4111	1.0596	0.5744	0.9448	0.5939
996	0.6129	0.4232	1.0754	0.5845	0.9502	0.5966
997	0.6493	0.4576	1.0898	0.6153	0.9761	0.6337
998	0.731	0.5457	1.1433	0.6829	1.0297	0.7007
999	0.6266	0.439	1.0614	0.5929	0.9592	0.6115
1000	0.5915	0.4058	1.046	0.5694	0.9364	0.5892
1001	0.5903	0.4047	1.0487	0.567	0.9367	0.5895
1002	0.5881	0.4019	1.0472	0.5655	0.9308	0.5848
1003	0.5885	0.4024	1.051	0.5678	0.9342	0.5857
1004	0.5879	0.4016	1.0501	0.566	0.9356	0.5859
1005	0.5856	0.3993	1.0493	0.5632	0.9334	0.5845
1006	0.5849	0.3994	1.0533	0.5648	0.9367	0.5859
1007	0.5858	0.399	1.0512	0.5635	0.9361	0.5857
1008	0.5861	0.3992	1.0513	0.5639	0.9373	0.5857
1009	0.5866	0.4002	1.0528	0.5667	0.9382	0.5864
1010	0.5856	0.3995	1.0503	0.5623	0.9384	0.5875
1011	0.5901	0.4046	1.0511	0.5694	0.9423	0.5906
1012	0.5893	0.4027	1.0529	0.5675	0.9374	0.5873
1013	0.5834	0.3984	1.0497	0.5607	0.9386	0.5867
1014	0.5849	0.399	1.048	0.5633	0.9376	0.5867
1015	0.5861	0.3993	1.0493	0.5669	0.9357	0.5852
1016	0.5843	0.3987	1.0541	0.5662	0.9419	0.5871
1017	0.5828	0.3974	1.0525	0.5622	0.9417	0.5857
1018	0.584	0.3983	1.0499	0.5619	0.9391	0.5849
1019	0.5825	0.3972	1.0524	0.5616	0.9417	0.5862
1020	0.5822	0.3965	1.0507	0.5629	0.9363	0.584
1021	0.5851	0.3997	1.0532	0.5646	0.9382	0.5874
1022	0.5861	0.4012	1.0569	0.5642	0.9452	0.5903
1023	0.5859	0.4008	1.0504	0.5642	0.9432	0.5888
1024	0.5816	0.3964	1.0519	0.5607	0.943	0.5865
1025	0.5815	0.396	1.0528	0.5615	0.9432	0.5871
1026	0.5807	0.3954	1.0536	0.5639	0.944	0.5882
1027	0.5803	0.395	1.0544	0.5639	0.9437	0.5872
1028	0.5818	0.396	1.0532	0.5617	0.9413	0.5856
1029	0.5807	0.3953	1.0528	0.5624	0.9415	0.5851
1030	0.5807	0.3953	1.0526	0.5641	0.9395	0.5839
1031	0.5822	0.3975	1.0563	0.5661	0.9412	0.5857
1032	0.5819	0.3979	1.0514	0.5663	0.9388	0.5847
1033	0.5806	0.3968	1.0532	0.5618	0.9396	0.5848
1034	0.58	0.3969	1.0528	0.5644	0.9413	0.5862
1035	0.5814	0.3961	1.0494	0.5656	0.9378	0.5837
1036	0.581	0.3961	1.0506	0.562	0.9383	0.584
1037	0.5793	0.3944	1.0502	0.5621	0.9376	0.5827
1038	0.5784	0.3942	1.0511	0.563	0.9374	0.5835
1039	0.579	0.3957	1.0529	0.5608	0.9421	0.586
1040	0.5787	0.3949	1.0502	0.5606	0.9389	0.5846
1041	0.5797	0.3951	1.0474	0.5647	0.9351	0.5824
1042	0.5797	0.3945	1.0468	0.5601	0.9334	0.5803
1043	0.5806	0.3954	1.0464	0.558	0.9342	0.581
1044	0.5804	0.3957	1.0448	0.5596	0.932	0.581
1045	0.5816	0.3968	1.0526	0.5613	0.9355	0.5836
1046	0.5795	0.3949	1.0488	0.563	0.9339	0.5837
1047	0.5784	0.3945	1.0507	0.5621	0.9398	0.5859
1048	0.59	0.4047	1.0606	0.5692	0.9469	0.5915
1049	0.5785	0.3943	1.0504	0.5623	0.938	0.5833
1050	0.5789	0.3949	1.0503	0.563	0.9378	0.5837
1051	0.5771	0.3931	1.0525	0.5625	0.9369	0.5836
1052	0.5808	0.3955	1.0513	0.5607	0.9363	0.5847
1053	0.5804	0.3957	1.0481	0.5605	0.9372	0.5846
1054	0.5796	0.3962	1.0474	0.5643	0.9376	0.5842
1055	0.5768	0.3937	1.0486	0.5607	0.9367	0.5826
1056	0.5767	0.3928	1.046	0.5616	0.9341	0.5819
1057	0.5828	0.3994	1.0554	0.567	0.9422	0.589
1058	0.577	0.3928	1.0485	0.5622	0.9354	0.5819
1059	0.5761	0.3926	1.0484	0.5629	0.9354	0.5814
1060	0.5786	0.3954	1.0524	0.5629	0.9386	0.5848
1061	0.576	0.3921	1.048	0.5605	0.9354	0.5827
1062	0.5864	0.402	1.0509	0.5702	0.942	0.5895
1063	0.5768	0.3928	1.049	0.5622	0.9345	0.5818
1064	0.5803	0.3964	1.053	0.5637	0.9355	0.5847
1065	0.5757	0.3925	1.0493	0.5609	0.9331	0.581
1066	0.578	0.3937	1.0438	0.561	0.9299	0.5801
1067	0.5843	0.4016	1.0536	0.569	0.9366	0.5882
1068	0.577	0.3927	1.0468	0.5614	0.9304	0.5801
1069	0.5773	0.3932	1.0457	0.5632	0.9329	0.5816
1070	0.5759	0.3917	1.0472	0.5586	0.9348	0.5832
1071	0.5762	0.3913	1.0467	0.5596	0.9339	0.5828
1072	0.5761	0.3913	1.046	0.5626	0.9346	0.5824
1073	0.5759	0.3913	1.0462	0.5625	0.9355	0.5816
1074	0.5808	0.3954	1.0511	0.5648	0.9372	0.5858
1075	0.5751	0.3908	1.0446	0.5602	0.9316	0.5816
1076	0.5757	0.3922	1.0463	0.5615	0.9334	0.5822
1077	0.575	0.3912	1.0464	0.5593	0.9323	0.5806
1078	0.5758	0.3921	1.0492	0.5611	0.9348	0.5812
1079	0.5758	0.3915	1.0462	0.5607	0.9314	0.5799
1080	0.5744	0.3908	1.0461	0.5597	0.9323	0.5805
1081	0.5736	0.3901	1.0442	0.5573	0.9324	0.5803
1082	0.576	0.3926	1.04	0.5586	0.9294	0.5807
1083	0.5741	0.3915	1.0442	0.5572	0.9354	0.5826
1084	0.5742	0.3911	1.0449	0.5578	0.9347	0.5828
1085	0.5756	0.3917	1.0425	0.5578	0.9323	0.5827
1086	0.5759	0.3926	1.0442	0.5626	0.9362	0.5851
1087	0.5743	0.3904	1.0444	0.5632	0.9338	0.5831
1088	0.5738	0.3901	1.0449	0.5586	0.934	0.5828
1089	0.5783	0.3956	1.049	0.5634	0.9369	0.5867
1090	0.5746	0.3906	1.0421	0.5606	0.9295	0.5804
1091	0.5748	0.3909	1.0442	0.5582	0.9298	0.5812
1092	0.5744	0.3914	1.0485	0.5601	0.9334	0.5823
1093	0.5732	0.3899	1.0463	0.5599	0.9328	0.5809
1094	0.5747	0.3909	1.0463	0.5607	0.9342	0.581
1095	0.5773	0.3939	1.0523	0.5639	0.9348	0.5833
1096	0.5736	0.3906	1.0449	0.5611	0.929	0.5799
1097	0.5741	0.3916	1.0454	0.562	0.9325	0.5825
1098	0.5726	0.3903	1.0458	0.5612	0.9346	0.5826
1099	0.574	0.3911	1.0415	0.5575	0.9336	0.5815
1100	0.5738	0.3911	1.0402	0.5578	0.932	0.58
1101	0.5739	0.3919	1.0425	0.56	0.9349	0.5805
1102	0.5738	0.3911	1.0445	0.5587	0.934	0.5805
1103	0.5762	0.3941	1.0403	0.5613	0.9312	0.5806
1104	0.5749	0.3931	1.0438	0.5602	0.9368	0.5821
1105	0.5725	0.39	1.043	0.5559	0.9315	0.5796
1106	0.5724	0.3902	1.0432	0.5576	0.9324	0.5807
1107	0.5728	0.3906	1.0437	0.5603	0.9343	0.5819
1108	0.5719	0.39	1.0453	0.5602	0.9353	0.5822
1109	0.5718	0.389	1.0433	0.5579	0.9332	0.5817
1110	0.5747	0.3923	1.0472	0.5621	0.9358	0.5849
1111	0.5726	0.3906	1.0475	0.5609	0.9357	0.5833
1112	0.5727	0.3894	1.0454	0.5584	0.9321	0.5807
1113	0.5759	0.3941	1.0529	0.5644	0.9385	0.5853
1114	0.5721	0.3889	1.047	0.5576	0.934	0.5811
1115	0.5727	0.3898	1.0489	0.5613	0.9363	0.5828
1116	0.5737	0.3913	1.0456	0.5629	0.9353	0.5836
1117	0.5713	0.3889	1.0447	0.5584	0.936	0.5819
1118	0.5711	0.3888	1.0427	0.5582	0.9324	0.5805
1119	0.5719	0.391	1.0431	0.5572	0.9358	0.583
1120	0.5721	0.3898	1.039	0.5563	0.9316	0.5801
1121	0.5718	0.3889	1.0406	0.5558	0.9325	0.5805
1122	0.5716	0.389	1.0435	0.5585	0.9316	0.5799
1123	0.5712	0.3889	1.0447	0.5606	0.9317	0.579
1124	0.5708	0.3891	1.048	0.5606	0.9344	0.5804
1125	0.5722	0.3894	1.0459	0.5585	0.9312	0.58
1126	0.5713	0.3886	1.0471	0.5565	0.9341	0.5806
1127	0.5701	0.3883	1.0471	0.5598	0.9362	0.5811
1128	0.5704	0.3881	1.0463	0.5577	0.9355	0.5814
1129	0.5721	0.39	1.0455	0.5594	0.9372	0.582
1130	0.5714	0.3904	1.0463	0.5584	0.9378	0.5834
1131	0.5719	0.3902	1.0451	0.5588	0.9381	0.5838
1132	0.5704	0.3894	1.0435	0.5581	0.9401	0.5837
1133	0.5735	0.3921	1.0458	0.5583	0.9374	0.5836
1134	0.5729	0.3913	1.0449	0.5557	0.9347	0.5811
1135	0.5698	0.3877	1.0426	0.5537	0.9336	0.5786
1136	0.5749	0.3925	1.0392	0.5587	0.9305	0.5793
1137	0.5717	0.3901	1.0463	0.5596	0.9359	0.5803
1138	0.5709	0.3893	1.0474	0.5614	0.9361	0.5811
1139	0.57	0.3878	1.0454	0.556	0.9356	0.5801
1140	0.5699	0.3873	1.042	0.554	0.9313	0.5786
1141	0.5723	0.3912	1.0498	0.5627	0.9357	0.5827
1142	0.5687	0.3876	1.0479	0.559	0.9372	0.5812
1143	0.5711	0.3882	1.0415	0.5543	0.9329	0.5788
1144	0.5723	0.3907	1.0451	0.5605	0.9347	0.5819
1145	0.573	0.3906	1.0458	0.5663	0.9371	0.5826
1146	0.5725	0.3908	1.0472	0.5623	0.9374	0.5822
1147	0.5736	0.3926	1.0438	0.5585	0.9388	0.5836
1148	0.5682	0.3866	1.038	0.5559	0.9342	0.5803
1149	0.5709	0.3901	1.0403	0.5612	0.9353	0.5831
1150	0.5836	0.403	1.0529	0.5717	0.9425	0.5925
1151	0.5684	0.3869	1.0383	0.5565	0.9295	0.5771
1152	0.5697	0.3885	1.0391	0.5594	0.9321	0.5786
1153	0.5688	0.3876	1.0391	0.5566	0.9321	0.5805
1154	0.568	0.387	1.0404	0.5556	0.9317	0.5806
1155	0.5687	0.3874	1.042	0.5569	0.9352	0.5807
1156	0.5682	0.3871	1.0427	0.5585	0.9341	0.5802
1157	0.5781	0.3963	1.0516	0.5659	0.9423	0.5883
1158	0.5691	0.3874	1.0399	0.5569	0.9331	0.5821
1159	0.5676	0.3856	1.0378	0.5563	0.9283	0.5777
1160	0.5679	0.3861	1.0413	0.5568	0.9304	0.5766
1161	0.5678	0.386	1.0388	0.5554	0.9298	0.578
1162	0.5743	0.3921	1.0433	0.5621	0.9357	0.584
1163	0.5694	0.3885	1.0387	0.5592	0.9356	0.5809
1164	0.5693	0.3882	1.0362	0.5572	0.9317	0.5799
1165	0.5695	0.3891	1.0409	0.5574	0.9328	0.5815
1166	0.5717	0.39	1.0437	0.5581	0.9341	0.5811
1167	0.5668	0.3843	1.0357	0.5534	0.9276	0.5771
1168	0.5694	0.3874	1.037	0.5562	0.9288	0.5796
1169	0.5673	0.3855	1.0403	0.556	0.93	0.5783
1170	0.5662	0.3853	1.0421	0.5569	0.9328	0.5799
1171	0.5659	0.3847	1.0383	0.5534	0.9295	0.5788
1172	0.5741	0.3928	1.0491	0.562	0.9369	0.5856
1173	0.5665	0.3859	1.0387	0.5565	0.9302	0.5794
1174	0.5679	0.3876	1.0359	0.5569	0.9272	0.5786
1175	0.5678	0.3873	1.0422	0.5547	0.9322	0.5802
1176	0.5658	0.3847	1.0391	0.5562	0.9278	0.5776
1177	0.568	0.3872	1.0404	0.5589	0.9315	0.5804
1178	0.5649	0.3839	1.039	0.5535	0.9297	0.5772
1179	0.5758	0.3928	1.045	0.5588	0.9317	0.5824
1180	0.5693	0.3889	1.0383	0.5608	0.9302	0.5812
1181	0.5725	0.3914	1.0409	0.5612	0.9338	0.5829
1182	0.5661	0.3851	1.0424	0.5546	0.9331	0.579
1183	0.5663	0.3854	1.0426	0.5568	0.9328	0.5792
1184	0.5656	0.3843	1.0416	0.5566	0.9317	0.5779
1185	0.5659	0.3853	1.0461	0.5591	0.9361	0.5809
1186	0.5697	0.3876	1.0491	0.5596	0.9362	0.5818
1187	0.565	0.3838	1.0417	0.5562	0.932	0.5779
1188	0.5721	0.3907	1.0448	0.5611	0.9376	0.5843
1189	0.5687	0.3873	1.048	0.5602	0.9325	0.58
1190	0.5652	0.3841	1.0423	0.5542	0.9286	0.5765
1191	0.5658	0.3848	1.0425	0.5535	0.9339	0.5776
1192	0.5641	0.3831	1.0391	0.5524	0.9297	0.5748
1193	0.5651	0.3845	1.0425	0.5558	0.9326	0.5765
1194	0.5637	0.3829	1.0397	0.555	0.9306	0.5767
1195	0.5666	0.3872	1.0444	0.5561	0.9369	0.5831
1196	0.565	0.3848	1.0373	0.5527	0.9303	0.5796
1197	0.5644	0.3842	1.0409	0.5543	0.9308	0.5789
1198	0.5635	0.3832	1.0401	0.5514	0.9275	0.5755
1199	0.5638	0.383	1.0391	0.5532	0.9286	0.5761
1200	0.5634	0.3831	1.0407	0.5545	0.9311	0.5766
1201	0.5634	0.3833	1.0394	0.5541	0.9331	0.578
1202	0.5664	0.3865	1.0409	0.5613	0.9369	0.5822
1203	0.564	0.3833	1.0405	0.5573	0.9349	0.5798
1204	0.5641	0.3838	1.0389	0.5582	0.9324	0.5788
1205	0.5633	0.3828	1.0377	0.5535	0.9303	0.5786
1206	0.5637	0.3834	1.0399	0.5562	0.9319	0.5796
1207	0.564	0.384	1.0382	0.5566	0.9311	0.5789
1208	0.5667	0.3863	1.0398	0.5577	0.9305	0.5805
1209	0.5648	0.3851	1.0386	0.5527	0.9306	0.5787
1210	0.5627	0.3826	1.0383	0.5555	0.9301	0.5786
1211	0.5625	0.3823	1.0371	0.5574	0.928	0.5779
1212	0.5678	0.3882	1.046	0.5601	0.9345	0.5831
1213	0.5666	0.3854	1.0387	0.5575	0.9276	0.5783
1214	0.5666	0.385	1.0415	0.5577	0.9309	0.5789
1215	0.5657	0.3849	1.0435	0.5598	0.9319	0.5771
1216	0.5692	0.3892	1.0451	0.5589	0.933	0.5812
1217	0.5638	0.3846	1.0403	0.5535	0.935	0.58
1218	0.5672	0.3874	1.035	0.56	0.9289	0.581
1219	0.5626	0.3831	1.0387	0.5566	0.9333	0.5795
1220	0.5715	0.3937	1.0471	0.5626	0.9395	0.5865
1221	0.5623	0.3828	1.0361	0.5558	0.927	0.5773
1222	0.5696	0.3916	1.0409	0.5652	0.9339	0.5845
1223	0.5635	0.3846	1.0397	0.5582	0.93	0.5788
1224	0.5648	0.3854	1.0428	0.5593	0.9321	0.5803
1225	0.5627	0.383	1.0401	0.5586	0.9295	0.5785
1226	0.5624	0.3834	1.0396	0.5564	0.9318	0.5797
1227	0.566	0.3873	1.0397	0.5592	0.934	0.5824
1228	0.5642	0.3838	1.0358	0.5539	0.9301	0.5796
1229	0.5638	0.3836	1.0389	0.5547	0.933	0.5803
1230	0.5615	0.3817	1.0365	0.553	0.9316	0.5791
1231	0.561	0.3827	1.0397	0.5572	0.9338	0.5798
1232	0.5618	0.3823	1.0377	0.5578	0.9324	0.5779
1233	0.564	0.3848	1.0402	0.5558	0.9342	0.5797
1234	0.5625	0.382	1.0391	0.5543	0.9314	0.5779
1235	0.5652	0.3841	1.0341	0.5549	0.9254	0.5761
1236	0.5642	0.3854	1.0412	0.5572	0.9331	0.5798
1237	0.5624	0.384	1.0395	0.5547	0.9339	0.5795
1238	0.5616	0.3821	1.0377	0.5526	0.9297	0.5778
1239	0.5608	0.3808	1.0362	0.5545	0.9273	0.5763
1240	0.5665	0.3853	1.0319	0.5526	0.9268	0.5772
1241	0.5617	0.3818	1.0318	0.5539	0.9253	0.5758
1242	0.5659	0.3879	1.0412	0.5566	0.9338	0.5826
1243	0.5628	0.3829	1.0368	0.5531	0.9279	0.5784
1244	0.5635	0.3832	1.0368	0.5544	0.9287	0.5765
1245	0.5608	0.3808	1.037	0.5544	0.9288	0.575
1246	0.5628	0.3836	1.0421	0.5549	0.9338	0.5786
1247	0.5675	0.3886	1.0407	0.5611	0.9338	0.582
1248	0.5627	0.3834	1.04	0.5542	0.931	0.5789
1249	0.5664	0.3876	1.0458	0.5568	0.9357	0.5814
1250	0.5632	0.3836	1.036	0.5539	0.9295	0.5773
1251	0.5627	0.3829	1.0381	0.5565	0.93	0.5775
1252	0.5654	0.3858	1.0443	0.5565	0.9344	0.5805
1253	0.5615	0.3815	1.0343	0.5522	0.9255	0.5759
1254	0.5625	0.3831	1.0336	0.5528	0.9288	0.5765
1255	0.5677	0.388	1.0415	0.5581	0.9331	0.5799
1256	0.56	0.3802	1.0346	0.5519	0.9264	0.5732
1257	0.561	0.3816	1.0391	0.5529	0.9311	0.5756
1258	0.5615	0.3821	1.0383	0.5542	0.9309	0.5786
1259	0.5625	0.3825	1.0384	0.5537	0.928	0.5787
1260	0.5596	0.3798	1.0339	0.5521	0.9269	0.5752
1261	0.5596	0.3798	1.0363	0.5513	0.9278	0.5752
1262	0.5661	0.3863	1.041	0.5565	0.9315	0.5806
1263	0.5588	0.3796	1.0369	0.5529	0.9304	0.5767
1264	0.5644	0.3848	1.0349	0.5547	0.9288	0.5799
1265	0.5596	0.3803	1.0393	0.5537	0.9324	0.5784
1266	0.5599	0.3819	1.0399	0.5571	0.9342	0.5792
1267	0.5619	0.3831	1.0383	0.5566	0.9334	0.5807
1268	0.559	0.3806	1.0367	0.5558	0.9325	0.5774
1269	0.5595	0.3798	1.0333	0.5522	0.931	0.5776
1270	0.5586	0.38	1.0351	0.5524	0.9355	0.5782
1271	0.5606	0.3815	1.0327	0.5539	0.9331	0.5792
1272	0.5617	0.3839	1.0389	0.5581	0.9339	0.581
1273	0.5632	0.3846	1.0397	0.5538	0.9318	0.5786
1274	0.56	0.3805	1.0302	0.5501	0.9275	0.5762
1275	0.5588	0.3802	1.0343	0.554	0.9333	0.5795
1276	0.5585	0.3799	1.032	0.5523	0.9296	0.5788
1277	0.5608	0.383	1.0343	0.5519	0.9318	0.5801
1278	0.5593	0.3805	1.0321	0.5528	0.9272	0.5767
1279	0.5629	0.3853	1.0405	0.5586	0.9357	0.5816
1280	0.5578	0.3801	1.0351	0.5538	0.9319	0.5781
1281	0.5575	0.3792	1.0324	0.5526	0.9288	0.5774
1282	0.5594	0.3814	1.0361	0.5549	0.9321	0.5792
1283	0.5571	0.3784	1.0335	0.5512	0.9283	0.5756
1284	0.5681	0.3895	1.0346	0.5583	0.9325	0.5817
1285	0.5595	0.3813	1.0346	0.552	0.9288	0.5764
1286	0.5593	0.3812	1.0339	0.5527	0.9293	0.577
1287	0.5595	0.3803	1.0342	0.5496	0.9244	0.5741
1288	0.5611	0.3828	1.032	0.5555	0.9238	0.5754
1289	0.5568	0.3791	1.0326	0.5526	0.9259	0.5759
1290	0.559	0.381	1.0321	0.5546	0.9274	0.5766
1291	0.5652	0.3879	1.0388	0.5558	0.933	0.5819
1292	0.5593	0.381	1.0281	0.5482	0.9242	0.5762
1293	0.5887	0.4126	1.043	0.579	0.9457	0.6024
1294	0.5614	0.3831	1.0316	0.5546	0.9278	0.5811
1295	0.5709	0.3934	1.0393	0.562	0.9343	0.5863
1296	0.5622	0.3849	1.0286	0.5552	0.9275	0.5802
1297	0.5601	0.382	1.0307	0.5551	0.9291	0.5786
1298	0.5577	0.3798	1.0312	0.5505	0.9274	0.5758
1299	0.5587	0.3806	1.0342	0.5532	0.9278	0.5761
1300	0.5565	0.3794	1.0333	0.5533	0.9297	0.5759
1301	0.5565	0.3787	1.0299	0.5529	0.9268	0.5751
1302	0.5562	0.3781	1.0303	0.5514	0.9261	0.574
1303	0.5564	0.3782	1.0322	0.5501	0.9283	0.5746
1304	0.5619	0.3845	1.0385	0.5562	0.932	0.5798
1305	0.5585	0.3805	1.0302	0.5512	0.927	0.5749
1306	0.5584	0.3814	1.0313	0.5499	0.9279	0.5766
1307	0.5603	0.3816	1.03	0.5527	0.9248	0.5756
1308	0.5655	0.3868	1.0362	0.559	0.9335	0.5824
1309	0.5588	0.3795	1.0315	0.5487	0.9227	0.5732
1310	0.5695	0.3911	1.0402	0.5589	0.9311	0.5829
1311	0.5565	0.3792	1.034	0.5533	0.9293	0.5774
1312	0.5601	0.3822	1.031	0.5569	0.9266	0.5783
1313	0.5576	0.3802	1.0322	0.5536	0.9272	0.5779
1314	0.5758	0.399	1.0486	0.5679	0.9368	0.5894
1315	0.5551	0.3778	1.034	0.5547	0.9266	0.5755
1316	0.5573	0.3798	1.0312	0.555	0.9256	0.5763
1317	0.5583	0.3801	1.0305	0.5486	0.9231	0.575
1318	0.5587	0.3818	1.0335	0.5543	0.927	0.5779
1319	0.5565	0.3799	1.0316	0.5572	0.9292	0.5775
1320	0.5562	0.3788	1.0278	0.5493	0.9239	0.5738
1321	0.5689	0.392	1.0392	0.5604	0.9325	0.5833
1322	0.56	0.3821	1.0311	0.5589	0.9278	0.578
1323	0.5559	0.3781	1.0296	0.5505	0.9243	0.5743
1324	0.5563	0.3787	1.0313	0.5509	0.9248	0.5753
1325	0.5631	0.3875	1.0407	0.5607	0.9327	0.5828
1326	0.5549	0.3779	1.0304	0.5539	0.9251	0.5753
1327	0.5553	0.3781	1.0284	0.5512	0.9211	0.5734
1328	0.5581	0.3821	1.0337	0.5546	0.9264	0.5774
1329	0.5557	0.3783	1.0323	0.5526	0.9252	0.5742
1330	0.5583	0.3817	1.0325	0.5584	0.9264	0.5774
1331	0.5553	0.3787	1.0366	0.5552	0.9296	0.5762
1332	0.5543	0.3775	1.0361	0.553	0.928	0.5754
1333	0.5535	0.377	1.0328	0.5512	0.9274	0.5759
1334	0.5546	0.378	1.0287	0.5507	0.9241	0.5738
1335	0.5542	0.3783	1.0332	0.5521	0.9263	0.5748
1336	0.555	0.378	1.0309	0.5527	0.9251	0.5747
1337	0.556	0.3799	1.0367	0.5547	0.928	0.5785
1338	0.5552	0.3783	1.0325	0.5525	0.9256	0.5778
1339	0.5538	0.377	1.0307	0.552	0.9268	0.5773
1340	0.554	0.3778	1.0325	0.5531	0.9288	0.5786
1341	0.5539	0.3773	1.0298	0.5515	0.925	0.5755
1342	0.5537	0.3773	1.0288	0.5494	0.9234	0.5738
1343	0.5539	0.377	1.0263	0.549	0.9206	0.5724
1344	0.557	0.3813	1.0335	0.5514	0.9269	0.5766
1345	0.5537	0.377	1.023	0.5461	0.9212	0.572
1346	0.5536	0.3774	1.0237	0.5483	0.9233	0.5734
1347	0.5537	0.3783	1.0308	0.551	0.9265	0.5761
1348	0.5581	0.3819	1.0347	0.5534	0.9277	0.5785
1349	0.5584	0.3809	1.0322	0.5548	0.9258	0.5771
1350	0.5547	0.3776	1.0318	0.5501	0.9221	0.5743
1351	0.559	0.383	1.0355	0.5541	0.9262	0.5793
1352	0.5614	0.3852	1.0289	0.5578	0.9259	0.5805
1353	0.5538	0.3779	1.0318	0.551	0.9282	0.5771
1354	0.5536	0.3771	1.0272	0.5445	0.925	0.5761
1355	0.5537	0.3779	1.0283	0.5481	0.928	0.5771
1356	0.5607	0.384	1.0278	0.5553	0.9275	0.5806
1357	0.5563	0.3798	1.032	0.5511	0.9283	0.5773
1358	0.5611	0.3855	1.0361	0.5567	0.9318	0.5826
1359	0.5521	0.3751	1.029	0.552	0.9276	0.5761
1360	0.552	0.3758	1.031	0.5519	0.9302	0.5773
1361	0.5609	0.3844	1.03	0.5592	0.931	0.5815
1362	0.5543	0.3786	1.0328	0.5524	0.9304	0.5781
1363	0.5523	0.3758	1.0306	0.549	0.9277	0.5761
1364	0.5517	0.3752	1.0311	0.5502	0.9274	0.5759
1365	0.5524	0.3762	1.0321	0.5508	0.9283	0.577
1366	0.5574	0.3812	1.0334	0.5531	0.9285	0.58
1367	0.5631	0.3883	1.0354	0.5665	0.9316	0.5852
1368	0.5521	0.3761	1.0317	0.5506	0.9251	0.5742
1369	0.5581	0.3808	1.0321	0.5518	0.9227	0.5759
1370	0.5579	0.3815	1.0361	0.5595	0.9288	0.5797
1371	0.5609	0.3847	1.0344	0.5613	0.9315	0.5831
1372	0.5554	0.3789	1.0257	0.5471	0.9209	0.574
1373	0.5703	0.3946	1.0449	0.5649	0.9361	0.589
1374	0.551	0.375	1.0311	0.5532	0.9261	0.5756
1375	0.5656	0.3907	1.0361	0.5646	0.9325	0.5865
1376	0.5525	0.3765	1.0313	0.5494	0.9243	0.5747
1377	0.5555	0.3799	1.0329	0.5511	0.9261	0.5776
1378	0.5515	0.3759	1.0265	0.5491	0.9211	0.5737
1379	0.5506	0.375	1.0285	0.5495	0.9218	0.5725
1380	0.5531	0.376	1.0242	0.5506	0.9165	0.5704
1381	0.5555	0.379	1.0255	0.5537	0.9196	0.5743
1382	0.5517	0.3746	1.0239	0.5476	0.9167	0.5702
1383	0.5522	0.3763	1.0292	0.5509	0.9222	0.5717
1384	0.5525	0.3755	1.0261	0.549	0.9177	0.5692
1385	0.555	0.3775	1.0284	0.5488	0.9191	0.5703
1386	0.5528	0.3765	1.0288	0.5522	0.9237	0.5736
1387	0.5521	0.376	1.0292	0.5494	0.9252	0.5737
1388	0.5519	0.3756	1.029	0.551	0.9239	0.5736
1389	0.5517	0.3774	1.0358	0.5537	0.9299	0.5771
1390	0.5525	0.3768	1.0298	0.5515	0.9237	0.5743
1391	0.5559	0.3795	1.0306	0.5529	0.9235	0.576
1392	0.5511	0.3744	1.0321	0.5491	0.923	0.5731
1393	0.5519	0.3755	1.0326	0.551	0.924	0.5746
1394	0.5524	0.3767	1.0352	0.5511	0.9292	0.5769
1395	0.5523	0.3754	1.0302	0.5485	0.9235	0.5741
1396	0.5521	0.3761	1.0313	0.5485	0.925	0.5749
1397	0.5516	0.3756	1.0297	0.5498	0.9272	0.574
1398	0.5533	0.3774	1.027	0.5512	0.925	0.5734
1399	0.5559	0.3812	1.0325	0.5522	0.9274	0.5784
1400	0.5527	0.3764	1.0289	0.5476	0.9218	0.5748
1401	0.5503	0.3755	1.0309	0.5508	0.9247	0.5746
1402	0.5509	0.3761	1.0299	0.5521	0.9213	0.5719
1403	0.5504	0.3746	1.0279	0.5496	0.9194	0.5711
1404	0.5584	0.3828	1.0337	0.5537	0.9236	0.5773
1405	0.5495	0.3746	1.027	0.55	0.9221	0.5736
1406	0.5537	0.3781	1.0286	0.5523	0.9248	0.5754
1407	0.5509	0.3757	1.0304	0.5507	0.925	0.5751
1408	0.5529	0.3785	1.0353	0.5578	0.9317	0.5798
1409	0.5493	0.3738	1.0303	0.5484	0.9234	0.5741
1410	0.55	0.3744	1.0267	0.5489	0.9224	0.574
1411	0.5545	0.3807	1.0358	0.5545	0.9309	0.5792
1412	0.5532	0.3783	1.0243	0.5508	0.9238	0.5764
1413	0.55	0.3747	1.0258	0.5479	0.9243	0.5744
1414	0.5506	0.3754	1.0299	0.5494	0.9252	0.5738
1415	0.5529	0.3777	1.032	0.5508	0.9259	0.575
1416	0.5496	0.3743	1.0256	0.55	0.9245	0.5746
1417	0.5486	0.3734	1.0257	0.5482	0.923	0.5736
1418	0.5506	0.3761	1.0289	0.5523	0.925	0.5749
1419	0.5495	0.3732	1.0225	0.5451	0.9189	0.5709
1420	0.5491	0.3738	1.0234	0.5477	0.9193	0.5726
1421	0.5488	0.3742	1.0263	0.5515	0.9246	0.5755
1422	0.5505	0.3756	1.0244	0.5497	0.9233	0.5761
1423	0.548	0.3729	1.0216	0.5471	0.9198	0.5732
1424	0.5468	0.3719	1.0223	0.547	0.9234	0.5739
1425	0.5478	0.3739	1.0232	0.549	0.9261	0.5758
1426	0.5518	0.3775	1.0232	0.5521	0.9249	0.5772
1427	0.5468	0.3728	1.0231	0.5467	0.9231	0.5738
1428	0.5471	0.3727	1.0241	0.5492	0.9243	0.575
1429	0.5494	0.3741	1.0241	0.5525	0.9219	0.5747
1430	0.5501	0.3749	1.027	0.5496	0.9242	0.575
1431	0.5505	0.3755	1.023	0.5508	0.921	0.5752
1432	0.5497	0.3751	1.0264	0.5513	0.9237	0.5757
1433	0.5473	0.3734	1.026	0.5493	0.9257	0.576
1434	0.5484	0.3737	1.0229	0.5483	0.9233	0.5747
1435	0.5473	0.3729	1.0258	0.5481	0.9257	0.5754
1436	0.5466	0.3717	1.0257	0.5488	0.9258	0.5746
1437	0.5466	0.3717	1.0242	0.5475	0.9233	0.5734
1438	0.5487	0.374	1.0243	0.5487	0.922	0.5741
1439	0.5477	0.3723	1.0215	0.5487	0.921	0.5733
1440	0.5464	0.3719	1.0242	0.5492	0.9229	0.574
1441	0.5476	0.3734	1.0249	0.5485	0.9221	0.5739
1442	0.5485	0.3739	1.0225	0.5502	0.9223	0.5752
1443	0.5465	0.372	1.0224	0.548	0.9222	0.5727
1444	0.5493	0.3749	1.0233	0.5485	0.9221	0.5738
1445	0.5469	0.3719	1.022	0.5451	0.9202	0.5721
1446	0.5467	0.3732	1.0262	0.5503	0.9219	0.5741
1447	0.5463	0.372	1.0215	0.5477	0.9175	0.5718
1448	0.5472	0.3736	1.023	0.5461	0.9195	0.5717
1449	0.5491	0.3754	1.0248	0.5508	0.9224	0.5755
1450	0.5473	0.3729	1.0218	0.5487	0.9199	0.5744
1451	0.5496	0.3747	1.0201	0.5482	0.9206	0.5742
1452	0.5479	0.3728	1.0206	0.5479	0.9193	0.5726
1453	0.5487	0.3739	1.0248	0.5514	0.9239	0.5763
1454	0.5705	0.3984	1.0447	0.5721	0.9414	0.5949
1455	0.5476	0.3719	1.0239	0.5483	0.9205	0.5722
1456	0.549	0.3736	1.0249	0.5514	0.9228	0.574
1457	0.5489	0.3741	1.0264	0.5491	0.9235	0.5737
1458	0.5446	0.3704	1.0229	0.5477	0.9226	0.5734
1459	0.5457	0.3715	1.022	0.5502	0.9249	0.5752
1460	0.5461	0.3715	1.0213	0.5497	0.9242	0.5736
1461	0.5463	0.372	1.0224	0.5479	0.9257	0.5728
1462	0.5458	0.371	1.0217	0.5459	0.9212	0.5709
1463	0.5502	0.3766	1.0289	0.5521	0.9247	0.5761
1464	0.5458	0.3722	1.0234	0.5496	0.9211	0.5724
1465	0.5462	0.3722	1.0196	0.547	0.9188	0.5716
1466	0.5478	0.3741	1.0229	0.548	0.9232	0.5733
1467	0.5498	0.3747	1.0226	0.5487	0.9212	0.5752
1468	0.5449	0.3706	1.0217	0.5478	0.9225	0.5735
1469	0.5506	0.3786	1.0325	0.5576	0.9325	0.5831
1470	0.5457	0.372	1.0251	0.5513	0.9233	0.5762
1471	0.548	0.3739	1.0235	0.5485	0.9245	0.5762
1472	0.5471	0.3734	1.0206	0.5504	0.9217	0.575
1473	0.547	0.373	1.0239	0.5504	0.9222	0.5745
1474	0.5449	0.3714	1.0229	0.5463	0.9208	0.5735
1475	0.564	0.3898	1.0373	0.5634	0.9337	0.5856
1476	0.5474	0.3742	1.0213	0.5509	0.9243	0.5761
1477	0.5479	0.3746	1.0208	0.5507	0.925	0.5763
1478	0.5467	0.3735	1.0242	0.5496	0.9271	0.5772
1479	0.5476	0.375	1.0254	0.5491	0.9297	0.5789
1480	0.5518	0.3803	1.0275	0.5544	0.9329	0.5825
1481	0.5511	0.3795	1.0202	0.5545	0.9248	0.5796
1482	0.5463	0.3738	1.0238	0.552	0.9273	0.5771
1483	0.5438	0.3715	1.0259	0.5519	0.9242	0.576
1484	0.5534	0.3814	1.032	0.5565	0.9272	0.5814
1485	0.5452	0.3721	1.0272	0.5488	0.9231	0.5754
1486	0.5608	0.3885	1.0331	0.5654	0.9338	0.5889
1487	0.5458	0.3725	1.0249	0.5523	0.9243	0.5763
1488	0.5534	0.3807	1.0309	0.5557	0.9289	0.5821
1489	0.549	0.3764	1.027	0.5541	0.9261	0.5781
1490	0.5454	0.3719	1.0192	0.5478	0.9219	0.572
1491	0.5467	0.3728	1.0195	0.5478	0.9198	0.5718
1492	0.5477	0.3752	1.0254	0.5497	0.9244	0.5754
1493	0.5432	0.3699	1.0198	0.5471	0.9209	0.5724
1494	0.5518	0.3792	1.0263	0.5531	0.9261	0.5789
1495	0.5451	0.3729	1.0197	0.5467	0.9214	0.5737
1496	0.5438	0.3717	1.0174	0.5445	0.9192	0.573
1497	0.5436	0.3715	1.0205	0.5472	0.9223	0.5742
1498	0.5466	0.3746	1.0261	0.5513	0.9287	0.5777
1499	0.5447	0.3716	1.016	0.5444	0.9186	0.5719
