epoch:	train_RMSD:	train_MAE:	val_RMSD:	val_MAE:	test_RMSD:	test_MAE:
0	6.2326	5.5961	6.3856	5.7777	6.355	5.7267
1	4.1688	3.3479	4.2907	3.4864	4.2074	3.402
2	4.1535	3.3321	4.1171	3.2855	4.057	3.2879
3	3.3733	2.6996	3.4484	2.7717	3.3871	2.744
4	3.0744	2.4831	3.1071	2.4983	3.0358	2.5009
5	3.0497	2.5095	3.0987	2.532	3.0079	2.5202
6	2.9985	2.4191	3.0222	2.4196	2.9242	2.404
7	2.917	2.3688	2.9512	2.387	2.8558	2.3716
8	2.7758	2.2028	2.7843	2.2007	2.6921	2.1905
9	2.5739	2.0185	2.5782	2.0165	2.5004	2.0092
10	2.4298	1.8492	2.41	1.8239	2.3568	1.8197
11	2.3917	1.8103	2.3685	1.7799	2.3354	1.7758
12	2.3909	1.8343	2.3848	1.8132	2.3482	1.8019
13	2.3673	1.7957	2.3682	1.7768	2.3182	1.7607
14	2.357	1.7576	2.3534	1.7347	2.3008	1.7231
15	2.3453	1.7766	2.3621	1.7641	2.2978	1.7472
16	2.3348	1.7661	2.3545	1.7559	2.2884	1.7385
17	2.3186	1.7225	2.3205	1.7026	2.2634	1.6922
18	2.298	1.7109	2.301	1.694	2.2446	1.6843
19	2.2881	1.7462	2.3067	1.7391	2.2447	1.7282
20	2.2497	1.6851	2.2622	1.6771	2.1955	1.6654
21	2.2303	1.6412	2.2334	1.6262	2.1639	1.6144
22	2.2099	1.6137	2.2111	1.596	2.1375	1.5849
23	2.164	1.6178	2.1858	1.6213	2.101	1.5991
24	2.1704	1.6547	2.203	1.6713	2.1178	1.6405
25	2.1856	1.6891	2.2204	1.7097	2.1395	1.6731
26	2.0976	1.5724	2.1104	1.5708	2.0349	1.5481
27	2.0776	1.5115	2.0715	1.4901	2.003	1.4871
28	2.0616	1.4929	2.0495	1.4655	1.9861	1.4645
29	2.0131	1.4658	2.003	1.4401	1.9431	1.4371
30	1.9773	1.4692	1.9753	1.4549	1.9196	1.4431
31	1.9341	1.4297	1.9234	1.4103	1.8769	1.4062
32	1.8911	1.3853	1.8651	1.3539	1.8291	1.3602
33	1.8507	1.3737	1.8244	1.3485	1.7971	1.3533
34	1.8051	1.3421	1.7555	1.3038	1.7558	1.3201
35	1.7701	1.3102	1.713	1.2576	1.7184	1.2891
36	1.74	1.3065	1.6922	1.2684	1.7028	1.2821
37	1.7019	1.2556	1.6481	1.1995	1.6535	1.2347
38	1.6567	1.2415	1.6252	1.2077	1.6233	1.2219
39	1.662	1.2331	1.6126	1.1715	1.6246	1.2181
40	1.6227	1.2177	1.61	1.1963	1.6013	1.2079
41	1.5889	1.1872	1.5816	1.1652	1.565	1.1786
42	1.6022	1.1899	1.5761	1.1455	1.5736	1.1836
43	1.5667	1.1738	1.5729	1.1614	1.5502	1.1705
44	1.5404	1.1422	1.5494	1.1246	1.5182	1.1408
45	1.546	1.159	1.5486	1.145	1.531	1.1515
46	1.5162	1.1262	1.527	1.1072	1.4936	1.1227
47	1.5089	1.1283	1.5275	1.1257	1.4944	1.1255
48	1.4967	1.1072	1.5105	1.0897	1.4741	1.1032
49	1.4825	1.0956	1.5123	1.0914	1.4623	1.0938
50	1.4708	1.087	1.4931	1.076	1.4538	1.0857
51	1.4598	1.0804	1.4864	1.0753	1.4445	1.079
52	1.4516	1.0695	1.4865	1.0679	1.4352	1.0698
53	1.454	1.0795	1.4954	1.088	1.4553	1.0843
54	1.4403	1.0672	1.4788	1.0728	1.4378	1.0705
55	1.5008	1.1038	1.5297	1.0908	1.47	1.1028
56	1.4768	1.0845	1.506	1.075	1.4509	1.0853
57	1.453	1.0829	1.4953	1.0968	1.458	1.0882
58	1.4386	1.0677	1.4784	1.0803	1.4471	1.0738
59	1.455	1.0633	1.492	1.0584	1.4333	1.0654
60	1.4091	1.0322	1.4539	1.0368	1.4032	1.0363
61	1.3946	1.0185	1.4467	1.0251	1.3976	1.0262
62	1.3902	1.0143	1.4391	1.0222	1.3847	1.0195
63	1.3949	1.0255	1.4481	1.0431	1.4016	1.037
64	1.375	0.9989	1.4335	1.012	1.3778	1.0085
65	1.4391	1.0546	1.4839	1.0503	1.4215	1.0595
66	1.3836	1.018	1.4368	1.0382	1.3935	1.0262
67	1.3672	0.9931	1.4311	1.0096	1.3717	1.0031
68	1.411	1.035	1.4561	1.0292	1.3997	1.0394
69	1.3658	0.997	1.4327	1.0207	1.3795	1.0127
70	1.3548	0.9816	1.4187	0.9948	1.3561	0.9892
71	1.3621	0.998	1.4285	1.0235	1.3725	1.006
72	1.3426	0.9765	1.4114	1.0025	1.3534	0.9871
73	1.3746	0.9998	1.4375	1.0077	1.3713	1.0083
74	1.3905	1.0342	1.4577	1.0665	1.4195	1.0517
75	1.3408	0.9713	1.4094	0.9865	1.3475	0.9809
76	1.326	0.9589	1.3998	0.9807	1.3366	0.9681
77	1.3343	0.9768	1.4085	1.008	1.3555	0.9881
78	1.3714	0.9983	1.4424	1.0096	1.3712	1.0119
79	1.3795	1.0069	1.4378	1.0143	1.3744	1.0145
80	1.3112	0.9522	1.3879	0.9801	1.3288	0.967
81	1.3284	0.9733	1.4063	1.0058	1.3599	0.9926
82	1.3122	0.9488	1.3899	0.9699	1.3286	0.9618
83	1.2965	0.9387	1.3782	0.9682	1.3179	0.9539
84	1.3082	0.9565	1.3872	0.9893	1.345	0.9798
85	1.2977	0.9361	1.3791	0.9639	1.32	0.956
86	1.2863	0.9344	1.3673	0.9661	1.3112	0.9501
87	1.2741	0.9208	1.3622	0.955	1.3074	0.9426
88	1.2965	0.9402	1.3748	0.9624	1.3152	0.9568
89	1.2611	0.91	1.3499	0.9442	1.2998	0.9354
90	1.3418	0.9816	1.4126	0.996	1.3505	0.9956
91	1.3176	0.9613	1.3917	0.9807	1.3311	0.9738
92	1.2838	0.9361	1.3785	0.9777	1.3386	0.9698
93	1.2954	0.9395	1.3723	0.9586	1.3145	0.9559
94	1.2555	0.9105	1.3378	0.9442	1.2956	0.9369
95	1.2388	0.8905	1.3284	0.9241	1.2778	0.9161
96	1.2453	0.8993	1.3353	0.933	1.2812	0.9219
97	1.2315	0.889	1.3257	0.9268	1.273	0.9132
98	1.2315	0.888	1.3206	0.9203	1.2693	0.9084
99	1.24	0.9004	1.3396	0.9419	1.3018	0.937
100	1.2206	0.8797	1.3156	0.9186	1.2705	0.9052
101	1.2086	0.869	1.3129	0.9107	1.2558	0.8948
102	1.2328	0.9004	1.3233	0.93	1.2712	0.9196
103	1.2066	0.8691	1.314	0.9129	1.2667	0.9033
104	1.1988	0.8684	1.3008	0.9084	1.2542	0.8963
105	1.1992	0.8652	1.3011	0.9011	1.2444	0.8895
106	1.2681	0.9325	1.3633	0.9638	1.2994	0.9532
107	1.2082	0.8835	1.3085	0.9245	1.2645	0.912
108	1.2306	0.8991	1.3266	0.9316	1.2663	0.9188
109	1.2044	0.878	1.3143	0.923	1.2709	0.9118
110	1.1807	0.8595	1.2801	0.8936	1.2346	0.8853
111	1.2946	0.9656	1.3761	0.9825	1.3272	0.9809
112	1.3045	0.9706	1.3858	0.9857	1.328	0.9872
113	1.2436	0.9168	1.3288	0.9383	1.2785	0.9367
114	1.2459	0.9143	1.3321	0.9379	1.2826	0.934
115	1.1711	0.8498	1.2712	0.8869	1.2299	0.8795
116	1.1594	0.8392	1.2675	0.8787	1.2291	0.8728
117	1.1461	0.8276	1.2564	0.862	1.2106	0.856
118	1.1413	0.8258	1.2477	0.8585	1.2038	0.8558
119	1.1421	0.832	1.2528	0.8675	1.2117	0.8631
120	1.1373	0.8256	1.248	0.8616	1.2059	0.8575
121	1.1313	0.8159	1.2448	0.8546	1.1979	0.8474
122	1.1435	0.8289	1.2554	0.8673	1.2211	0.8672
123	1.1347	0.8273	1.2479	0.8625	1.2023	0.8574
124	1.1319	0.8236	1.2498	0.8599	1.1971	0.8542
125	1.1161	0.8058	1.2375	0.8485	1.1987	0.8461
126	1.125	0.8211	1.2428	0.8594	1.1916	0.8509
127	1.1142	0.8031	1.235	0.8431	1.196	0.8413
128	1.1116	0.8041	1.235	0.8464	1.1887	0.8403
129	1.1169	0.8067	1.2384	0.8503	1.1979	0.8482
130	1.1135	0.8059	1.2322	0.843	1.1856	0.8378
131	1.0935	0.7878	1.2209	0.833	1.1752	0.8274
132	1.106	0.8084	1.224	0.8503	1.1818	0.8479
133	1.1178	0.8191	1.2389	0.8534	1.1929	0.8512
134	1.1496	0.8391	1.2688	0.8878	1.2232	0.8787
135	1.1047	0.8026	1.2219	0.8406	1.1706	0.835
136	1.1	0.7992	1.2295	0.8415	1.1907	0.8448
137	1.0959	0.7928	1.2116	0.8304	1.1675	0.8283
138	1.1056	0.8053	1.2287	0.8398	1.1812	0.841
139	1.1063	0.8027	1.2281	0.848	1.197	0.8548
140	1.1392	0.847	1.2541	0.8777	1.2085	0.8775
141	1.102	0.803	1.2241	0.8477	1.1914	0.8557
142	1.091	0.7966	1.2162	0.8372	1.1725	0.8351
143	1.085	0.7908	1.2097	0.829	1.1667	0.829
144	1.0761	0.7765	1.1989	0.8217	1.165	0.8289
145	1.0647	0.7696	1.1947	0.81	1.1546	0.8151
146	1.0779	0.7804	1.1992	0.8241	1.1546	0.8229
147	1.0579	0.7602	1.1896	0.8016	1.1497	0.806
148	1.0873	0.8022	1.2113	0.8412	1.1673	0.8401
149	1.0729	0.776	1.1968	0.818	1.161	0.8229
150	1.0579	0.764	1.1901	0.8089	1.1538	0.8107
151	1.0499	0.7546	1.181	0.8009	1.1342	0.7971
152	1.0515	0.7592	1.1853	0.8039	1.1425	0.8037
153	1.0825	0.7854	1.2099	0.8359	1.1767	0.8436
154	1.0874	0.8042	1.2163	0.8393	1.1714	0.8419
155	1.0605	0.7644	1.198	0.812	1.1636	0.8192
156	1.0404	0.7471	1.1759	0.7927	1.1304	0.7925
157	1.065	0.7821	1.1956	0.8208	1.1529	0.823
158	1.0921	0.7967	1.2245	0.8421	1.1909	0.8504
159	1.0744	0.7873	1.2013	0.8251	1.1497	0.8245
160	1.044	0.7538	1.1884	0.7956	1.1463	0.8032
161	1.0342	0.7407	1.1664	0.7833	1.1218	0.7861
162	1.0263	0.7357	1.1651	0.7829	1.1235	0.7858
163	1.031	0.7436	1.1733	0.7901	1.1342	0.796
164	1.0333	0.7498	1.1757	0.7964	1.1288	0.7962
165	1.0276	0.7355	1.1708	0.7801	1.1322	0.7847
166	1.0222	0.7337	1.1596	0.7812	1.1137	0.7816
167	1.0219	0.7324	1.1695	0.7803	1.1269	0.7858
168	1.0247	0.7369	1.1593	0.7766	1.1134	0.7811
169	1.0208	0.731	1.1732	0.7796	1.1316	0.7846
170	1.0185	0.7315	1.1541	0.7816	1.1101	0.7817
171	1.0104	0.7208	1.1583	0.7674	1.1144	0.7716
172	1.015	0.7264	1.1572	0.7679	1.1044	0.7707
173	1.0208	0.7323	1.1715	0.782	1.1314	0.7885
174	1.0259	0.7468	1.17	0.7836	1.1241	0.7931
175	1.0147	0.733	1.173	0.7801	1.1277	0.7888
176	1.0123	0.7276	1.1536	0.7787	1.1104	0.7857
177	1.0375	0.7481	1.173	0.784	1.1214	0.794
178	1.0238	0.7384	1.1685	0.7916	1.1266	0.7943
179	1.0528	0.7795	1.1938	0.8136	1.1478	0.823
180	1.0137	0.7272	1.1503	0.7808	1.1091	0.7808
181	1.001	0.7192	1.1577	0.7634	1.1068	0.7708
182	1.0152	0.7435	1.1642	0.791	1.1166	0.7941
183	0.9926	0.7112	1.1552	0.7617	1.1096	0.7678
184	1.0145	0.7296	1.152	0.7677	1.1017	0.7763
185	1.0122	0.7295	1.1673	0.7786	1.1266	0.7888
186	1.0186	0.745	1.1659	0.783	1.1191	0.7919
187	0.9914	0.7088	1.1483	0.7577	1.1019	0.761
188	0.9851	0.7028	1.1372	0.7514	1.0852	0.7539
189	0.9821	0.7031	1.1471	0.7502	1.0915	0.7538
190	0.9767	0.6969	1.1337	0.7531	1.085	0.7519
191	0.9761	0.6975	1.1442	0.7503	1.0917	0.7534
192	0.973	0.6945	1.1381	0.7518	1.0809	0.7479
193	0.9808	0.7039	1.1358	0.7501	1.0835	0.7539
194	0.9725	0.6897	1.1287	0.7405	1.0749	0.7387
195	1.0121	0.7469	1.178	0.7877	1.125	0.7963
196	0.9784	0.699	1.1448	0.753	1.0969	0.7581
197	0.9685	0.6901	1.1249	0.7378	1.0727	0.7434
198	0.9625	0.6837	1.1178	0.7345	1.0696	0.7384
199	0.9669	0.6942	1.1447	0.7466	1.087	0.7511
200	0.9744	0.7074	1.1362	0.7534	1.0799	0.7585
201	0.9575	0.6824	1.1212	0.7344	1.0725	0.74
202	0.9831	0.7176	1.1485	0.7572	1.0911	0.7691
203	0.9722	0.6938	1.1465	0.7453	1.0972	0.7534
204	0.9804	0.7084	1.1241	0.7449	1.0746	0.76
205	0.9729	0.6984	1.1424	0.7535	1.0962	0.7633
206	1.0002	0.7219	1.1473	0.7604	1.0856	0.7698
207	0.9839	0.7079	1.1577	0.7606	1.1105	0.77
208	0.9578	0.6919	1.1188	0.7408	1.0697	0.7473
209	0.9524	0.6831	1.1288	0.7282	1.0732	0.7413
210	0.9505	0.6772	1.1112	0.7294	1.0616	0.7329
211	0.9538	0.6827	1.1241	0.7226	1.0697	0.739
212	0.9575	0.6827	1.1281	0.7356	1.079	0.7466
213	0.9374	0.6693	1.119	0.7184	1.0577	0.7257
214	0.9434	0.6716	1.1225	0.7282	1.0649	0.7357
215	0.9524	0.6861	1.1221	0.7257	1.0623	0.7389
216	0.9521	0.6841	1.1347	0.732	1.0754	0.7465
217	0.9405	0.6777	1.1308	0.7297	1.0695	0.7368
218	0.9239	0.656	1.1142	0.7102	1.045	0.7159
219	0.9361	0.6708	1.1222	0.7187	1.0571	0.7291
220	0.9456	0.6789	1.1317	0.7351	1.0723	0.7394
221	0.9383	0.6763	1.1199	0.7249	1.0513	0.7338
222	0.9355	0.6668	1.1203	0.7213	1.0604	0.7299
223	0.9503	0.6926	1.1362	0.7443	1.068	0.7547
224	0.9217	0.6581	1.1065	0.7117	1.0445	0.7193
225	0.9247	0.6596	1.1089	0.7084	1.0398	0.7161
226	0.9177	0.6522	1.1003	0.7075	1.0391	0.7111
227	0.9179	0.6594	1.1052	0.7069	1.0479	0.7216
228	0.9191	0.6572	1.1094	0.7111	1.0514	0.7188
229	0.9307	0.6706	1.1324	0.7216	1.0705	0.7325
230	0.9227	0.6587	1.1088	0.719	1.0399	0.7167
231	0.9146	0.6537	1.1106	0.7067	1.0453	0.7161
232	0.9067	0.6462	1.1162	0.7048	1.0476	0.711
233	0.9037	0.6437	1.1041	0.7004	1.0359	0.7043
234	0.9053	0.6429	1.1204	0.7016	1.0471	0.704
235	0.9201	0.6655	1.1127	0.7209	1.0443	0.7304
236	0.9116	0.6498	1.1255	0.7104	1.0572	0.7131
237	0.9636	0.7037	1.1377	0.7408	1.0765	0.7568
238	0.9272	0.6647	1.1413	0.7259	1.0715	0.7306
239	0.9007	0.6432	1.0966	0.7025	1.0222	0.702
240	0.8985	0.6406	1.1129	0.701	1.0371	0.7045
241	0.8945	0.6378	1.1006	0.6957	1.0211	0.6971
242	0.9207	0.665	1.1152	0.7161	1.0393	0.7238
243	0.9074	0.6484	1.1037	0.7017	1.0384	0.7108
244	0.9047	0.6453	1.1021	0.695	1.0301	0.7075
245	0.902	0.6459	1.1246	0.7087	1.0518	0.7159
246	0.9166	0.6671	1.1302	0.7304	1.05	0.7353
247	0.8876	0.632	1.1055	0.6908	1.0265	0.699
248	0.8927	0.6376	1.0972	0.6919	1.0149	0.6984
249	0.8883	0.629	1.1162	0.6903	1.0436	0.7022
250	0.8989	0.6444	1.1128	0.7059	1.0432	0.7141
251	0.8812	0.6254	1.1044	0.688	1.0271	0.6996
252	0.8883	0.6282	1.1123	0.6869	1.0382	0.7022
253	0.8875	0.6297	1.1234	0.6925	1.0407	0.6955
254	0.8898	0.6322	1.0992	0.689	1.0214	0.6999
255	0.8765	0.6222	1.0995	0.6889	1.0173	0.6891
256	0.8853	0.6321	1.101	0.6961	1.0189	0.6967
257	0.8805	0.6293	1.0984	0.689	1.0192	0.6976
258	0.881	0.6246	1.1034	0.6924	1.0175	0.6924
259	0.8692	0.618	1.0998	0.6831	1.0166	0.6852
260	0.8713	0.6191	1.1048	0.6835	1.0179	0.6898
261	0.8769	0.627	1.102	0.6905	1.012	0.6952
262	0.8753	0.6255	1.1088	0.6938	1.0183	0.6948
263	0.8674	0.6176	1.1039	0.6871	1.0119	0.6881
264	0.8646	0.6116	1.1122	0.6775	1.0213	0.6823
265	0.8779	0.6281	1.0971	0.6862	1.0135	0.694
266	0.863	0.6119	1.1175	0.6837	1.0288	0.6814
267	0.8612	0.6098	1.0934	0.6776	1.0011	0.6783
268	0.8959	0.6468	1.1165	0.6986	1.0284	0.7074
269	0.9222	0.6717	1.1635	0.7444	1.0766	0.7396
270	0.9415	0.7047	1.1583	0.7611	1.069	0.7691
271	0.8625	0.6148	1.1114	0.6826	1.0187	0.6842
272	0.8666	0.6154	1.0955	0.6767	1.0052	0.6801
273	0.863	0.6143	1.1099	0.6797	1.0192	0.6843
274	0.8601	0.6113	1.0891	0.6781	1.0022	0.6812
275	0.8549	0.6025	1.1123	0.6781	1.0258	0.678
276	0.858	0.6079	1.1093	0.6815	1.0251	0.6849
277	0.8653	0.6191	1.1029	0.6815	1.0134	0.6881
278	0.874	0.6256	1.1134	0.6966	1.0266	0.701
279	0.8629	0.6165	1.1093	0.6844	1.0135	0.6824
280	0.8585	0.6068	1.0965	0.6781	1.0093	0.6849
281	0.8478	0.6007	1.0966	0.6732	1.0029	0.6734
282	0.8751	0.6315	1.1077	0.6943	1.0193	0.6988
283	0.8546	0.6068	1.1083	0.682	1.0148	0.6822
284	0.8758	0.6372	1.1125	0.7016	1.0202	0.7021
285	0.8781	0.6228	1.1544	0.7075	1.0641	0.7032
286	0.9579	0.7302	1.1959	0.8009	1.1031	0.798
287	0.8583	0.6119	1.1087	0.6863	1.0196	0.6861
288	0.883	0.6382	1.1003	0.7016	1.0188	0.7018
289	0.8491	0.6037	1.0874	0.6767	0.9936	0.6721
290	0.8537	0.6091	1.0873	0.6769	1.0036	0.6807
291	0.8762	0.6336	1.1081	0.6975	1.0154	0.6992
292	0.8643	0.618	1.1138	0.6946	1.0317	0.6942
293	0.9032	0.6637	1.1409	0.7261	1.0557	0.7336
294	0.8401	0.5943	1.0949	0.6699	0.9983	0.6706
295	0.8386	0.5932	1.1005	0.6684	1.0091	0.6704
296	0.8403	0.5934	1.1038	0.6751	1.0141	0.6759
297	0.8585	0.6158	1.0942	0.6798	0.9979	0.6825
298	0.8335	0.5884	1.0975	0.6658	1.0022	0.6669
299	0.8518	0.6087	1.1134	0.6809	1.0204	0.6881
300	0.8464	0.6032	1.1068	0.6854	0.9987	0.6754
301	0.8614	0.6187	1.1252	0.694	1.0243	0.694
302	0.8389	0.5945	1.1022	0.6778	1.0055	0.673
303	0.8307	0.5904	1.0916	0.6689	1.0008	0.668
304	0.8287	0.5853	1.1023	0.67	1.0021	0.6672
305	0.8561	0.6218	1.135	0.7064	1.0284	0.697
306	0.8405	0.5962	1.1187	0.6806	1.0187	0.6773
307	0.8336	0.5914	1.0936	0.6699	0.9854	0.6608
308	0.8275	0.5848	1.0974	0.6685	0.9955	0.6645
309	0.8284	0.5859	1.1058	0.6681	1.0085	0.6642
310	0.8197	0.578	1.0912	0.662	0.9805	0.6547
311	0.8349	0.5953	1.119	0.6807	1.0175	0.6759
312	0.823	0.5838	1.1099	0.6734	1.0027	0.667
313	0.8602	0.6213	1.1201	0.6947	1.0124	0.6939
314	0.8204	0.5788	1.1109	0.6691	1.0056	0.6614
315	0.8438	0.6049	1.1023	0.6819	1.0012	0.6811
316	0.8167	0.5762	1.1088	0.6657	1.0072	0.6577
317	0.8282	0.5913	1.1032	0.6726	0.9974	0.668
318	0.8169	0.5771	1.0951	0.6613	0.9957	0.6569
319	0.829	0.5928	1.1089	0.6778	1.0059	0.6737
320	0.8196	0.5807	1.0979	0.6677	0.9955	0.6628
321	0.8235	0.5845	1.1073	0.6714	1.0097	0.6691
322	0.8391	0.6019	1.1093	0.6766	0.9972	0.6736
323	0.8215	0.5818	1.0852	0.6681	0.9867	0.6633
324	0.841	0.6051	1.1175	0.6832	1.0178	0.6869
325	0.8165	0.5783	1.0923	0.662	0.9941	0.6615
326	0.8182	0.5795	1.1029	0.6691	1.0046	0.6667
327	0.8322	0.5958	1.103	0.6746	1.0042	0.672
328	0.8261	0.5873	1.1107	0.679	1.0026	0.6699
329	0.8433	0.6074	1.1166	0.6858	1.0146	0.6828
330	0.8223	0.5856	1.1085	0.6788	1.006	0.6717
331	0.8151	0.5766	1.1066	0.662	1.0016	0.6584
332	0.8066	0.566	1.1007	0.6582	0.992	0.6528
333	0.8105	0.5729	1.1063	0.6624	1.0006	0.6568
334	0.8109	0.5779	1.0961	0.6652	0.993	0.6596
335	0.8091	0.5694	1.1063	0.6658	1.0059	0.6555
336	0.806	0.5696	1.0944	0.6636	0.9906	0.6517
337	0.8045	0.5695	1.0922	0.6584	0.9912	0.6535
338	0.8052	0.5686	1.1051	0.6683	0.995	0.6542
339	0.8206	0.5858	1.1097	0.6805	1.0071	0.6673
340	0.7972	0.5593	1.1107	0.6561	1.0053	0.6462
341	0.8085	0.5724	1.0877	0.6634	0.9852	0.6538
342	0.7978	0.5611	1.1099	0.6574	1.0055	0.6488
343	0.822	0.5926	1.1283	0.6877	1.0184	0.6808
344	0.8046	0.5729	1.0981	0.6718	0.9942	0.6601
345	0.8065	0.5691	1.099	0.6647	1.0065	0.6637
346	0.8235	0.5901	1.1015	0.6722	0.9928	0.6664
347	0.8138	0.5785	1.1199	0.6775	1.0136	0.6646
348	0.7956	0.5608	1.0953	0.6552	0.9875	0.6462
349	0.7998	0.5671	1.0998	0.6622	0.9895	0.6525
350	0.7991	0.5663	1.0919	0.6652	0.9757	0.6502
351	0.7928	0.5589	1.1285	0.6648	1.0145	0.6501
352	0.7897	0.5569	1.0976	0.6563	0.9899	0.6468
353	0.7901	0.5561	1.1115	0.662	0.996	0.6475
354	0.7886	0.5542	1.1126	0.659	1.0002	0.6464
355	0.7921	0.5575	1.0989	0.6598	0.9826	0.6464
356	0.8068	0.5773	1.1208	0.6734	1.0056	0.6623
357	0.7874	0.5518	1.1068	0.6558	0.9931	0.6451
358	0.7928	0.5552	1.1146	0.6619	1.0026	0.6489
359	0.8522	0.6234	1.1255	0.7001	1.0171	0.6938
360	0.8617	0.6317	1.1346	0.7269	1.0295	0.7109
361	0.8588	0.6235	1.1189	0.7008	1.0149	0.6899
362	0.8268	0.5983	1.1246	0.697	1.0219	0.6853
363	0.8177	0.5916	1.128	0.6892	1.026	0.6786
364	0.8094	0.5798	1.1295	0.6862	1.025	0.6744
365	0.7808	0.5481	1.0964	0.6526	0.9859	0.638
366	0.7863	0.5553	1.1081	0.6601	1.0009	0.6453
367	0.781	0.5489	1.0968	0.658	0.987	0.6442
368	0.787	0.5511	1.1164	0.6589	1.0109	0.647
369	0.8021	0.5738	1.0945	0.6688	0.9873	0.6581
370	0.8019	0.5742	1.1192	0.6825	1.0127	0.6665
371	0.7841	0.5528	1.0804	0.6508	0.971	0.6345
372	0.7771	0.5456	1.0971	0.6511	0.9906	0.6389
373	0.7883	0.5552	1.1166	0.663	1.0051	0.6451
374	0.8032	0.5773	1.107	0.68	0.9991	0.6661
375	0.7879	0.5532	1.1343	0.6658	1.0176	0.6457
376	0.8189	0.5949	1.1098	0.6873	0.9921	0.6736
377	0.8004	0.5682	1.1259	0.6783	1.0193	0.6616
378	0.7984	0.5705	1.1	0.665	0.9956	0.6528
379	0.8574	0.6287	1.1686	0.7304	1.0655	0.7122
380	0.822	0.6011	1.1388	0.6945	1.0336	0.6825
381	0.8173	0.5825	1.1379	0.6823	1.0192	0.6664
382	0.7988	0.5713	1.1161	0.6721	1.0086	0.659
383	0.8076	0.5784	1.1191	0.6848	1.0141	0.6695
384	0.8038	0.5721	1.1131	0.6672	0.9956	0.6539
385	0.8086	0.5715	1.1236	0.6772	1.02	0.6675
386	0.8379	0.6152	1.1413	0.709	1.0324	0.6966
387	0.7776	0.5454	1.1067	0.6545	0.9944	0.641
388	0.7979	0.5686	1.1264	0.6738	1.0176	0.6627
389	0.7721	0.5416	1.095	0.6482	0.9872	0.6335
390	0.7887	0.5629	1.1017	0.6602	0.9916	0.6499
391	0.7692	0.5393	1.0915	0.6434	0.9792	0.63
392	0.7724	0.5431	1.1076	0.655	0.9901	0.6384
393	0.7783	0.5503	1.1112	0.6566	0.9901	0.6418
394	0.7787	0.5515	1.1084	0.6648	0.9926	0.648
395	0.8087	0.5805	1.1136	0.673	0.9929	0.6597
396	0.763	0.5329	1.0888	0.6444	0.9663	0.6308
397	0.7618	0.5323	1.0855	0.6427	0.9689	0.6278
398	0.7777	0.5532	1.0999	0.6586	0.9823	0.6428
399	0.7779	0.5491	1.1178	0.6665	0.9967	0.6444
400	0.762	0.5364	1.0865	0.6484	0.9585	0.6297
401	0.7909	0.5666	1.13	0.6758	1.0138	0.6615
402	0.7689	0.54	1.1133	0.6571	0.9896	0.638
403	0.8007	0.5791	1.1243	0.6825	0.999	0.6648
404	0.7964	0.5668	1.1275	0.6827	1.0157	0.6636
405	0.7582	0.5277	1.1123	0.647	0.9931	0.6274
406	0.7629	0.5396	1.0953	0.646	0.9813	0.6332
407	0.7586	0.5319	1.1177	0.6541	0.9955	0.6338
408	0.7704	0.5395	1.1368	0.6626	1.017	0.6422
409	0.7608	0.5353	1.1233	0.6577	0.9984	0.6389
410	0.7568	0.5332	1.1141	0.6542	0.9941	0.6331
411	0.755	0.5284	1.098	0.6452	0.9719	0.6258
412	0.7657	0.5416	1.1038	0.6505	0.9804	0.6348
413	0.7519	0.5265	1.1054	0.6457	0.9782	0.6269
414	0.7504	0.5239	1.0966	0.6431	0.9748	0.6283
415	0.7796	0.561	1.1224	0.6731	0.9978	0.6544
416	0.8059	0.5767	1.1576	0.6857	1.0423	0.665
417	0.8118	0.5875	1.131	0.69	1.0231	0.6783
418	0.7729	0.5474	1.1151	0.6635	0.9876	0.6404
419	0.7889	0.5656	1.1258	0.6708	1.0059	0.6558
420	0.7833	0.5572	1.1289	0.6757	1.0074	0.6567
421	0.776	0.5577	1.1246	0.6735	1.0016	0.6546
422	0.7526	0.5261	1.1083	0.6482	0.9913	0.6325
423	0.7511	0.5295	1.1005	0.6467	0.9811	0.6292
424	0.7527	0.5296	1.1196	0.6569	1.0005	0.6335
425	0.7457	0.5236	1.0915	0.6406	0.9722	0.6234
426	0.7437	0.5185	1.0994	0.6373	0.9878	0.6239
427	0.7546	0.5288	1.1178	0.6544	0.9976	0.6343
428	0.7582	0.5368	1.1014	0.6545	0.9816	0.6378
429	0.7662	0.54	1.1225	0.6604	1.0027	0.6397
430	0.7533	0.5305	1.1038	0.6517	0.9841	0.6346
431	0.7423	0.5189	1.1142	0.6443	0.9861	0.6228
432	0.745	0.5234	1.1066	0.6455	0.9789	0.6256
433	0.7498	0.5267	1.1217	0.6587	0.9982	0.6322
434	0.7446	0.5242	1.0916	0.6439	0.9597	0.6219
435	0.7355	0.5107	1.1015	0.6373	0.9693	0.6143
436	0.74	0.517	1.1142	0.6438	0.9833	0.6189
437	0.7414	0.5173	1.1109	0.6441	0.9863	0.6191
438	0.7528	0.5269	1.1212	0.6547	1.0052	0.6346
439	0.7525	0.5341	1.1296	0.6637	0.9931	0.6376
440	0.7452	0.528	1.0959	0.6494	0.9675	0.6316
441	0.7503	0.5289	1.1155	0.6555	0.9926	0.6309
442	0.754	0.5359	1.1062	0.6505	0.985	0.6401
443	0.7375	0.5145	1.1131	0.644	0.9752	0.6192
444	0.7402	0.5201	1.1118	0.6435	0.986	0.6254
445	0.7294	0.5063	1.1106	0.6392	0.9773	0.6183
446	0.7369	0.5184	1.1058	0.645	0.9734	0.6245
447	0.7476	0.5235	1.1277	0.6566	1.0021	0.6368
448	0.7508	0.5321	1.1086	0.6545	0.9696	0.6319
449	0.7291	0.5115	1.0917	0.6408	0.9564	0.6165
450	0.787	0.5686	1.1479	0.7014	1.025	0.6733
451	0.7315	0.5144	1.1144	0.645	0.9767	0.6176
452	0.7282	0.5077	1.1068	0.638	0.9801	0.6169
453	0.7287	0.5091	1.0965	0.6353	0.9688	0.6125
454	0.7474	0.5314	1.1248	0.6615	0.9868	0.6319
455	0.7449	0.5275	1.1176	0.6512	0.9842	0.6297
456	0.7339	0.5175	1.0905	0.6379	0.9538	0.6173
457	0.7731	0.5572	1.1455	0.6956	1.0164	0.6622
458	0.8188	0.5926	1.1171	0.6874	0.9845	0.6712
459	0.7386	0.5219	1.094	0.6423	0.9687	0.624
460	0.7378	0.5181	1.0942	0.6448	0.957	0.6189
461	0.7554	0.5388	1.1158	0.6678	0.9812	0.6439
462	0.7458	0.5281	1.1027	0.651	0.9773	0.6302
463	0.735	0.5194	1.1045	0.645	0.9755	0.6249
464	0.7437	0.5192	1.1485	0.6578	1.0108	0.6262
465	0.7439	0.5261	1.1121	0.6595	0.9838	0.6327
466	0.7333	0.5151	1.1034	0.643	0.9798	0.6292
467	0.7205	0.5007	1.0873	0.6306	0.9701	0.6121
468	0.7435	0.528	1.0933	0.646	0.9703	0.6302
469	0.7294	0.5113	1.1132	0.6464	0.9774	0.6189
470	0.7337	0.5144	1.0867	0.6405	0.9493	0.6149
471	0.7538	0.5404	1.1071	0.6744	0.9875	0.6492
472	0.7267	0.5087	1.1103	0.6449	0.9831	0.6213
473	0.7392	0.5236	1.078	0.6405	0.9593	0.6246
474	0.741	0.5204	1.1243	0.6583	1.0011	0.6291
475	0.7336	0.5192	1.0919	0.648	0.961	0.625
476	0.7568	0.5414	1.1125	0.659	0.9866	0.6406
477	0.7276	0.5074	1.0905	0.636	0.9648	0.6187
478	0.7254	0.5114	1.1039	0.6408	0.9769	0.6207
479	0.7196	0.5008	1.1026	0.6378	0.9728	0.6109
480	0.7219	0.5049	1.1077	0.6383	0.9804	0.616
481	0.7114	0.4947	1.0884	0.6292	0.9643	0.6069
482	0.7135	0.4977	1.0879	0.6303	0.9632	0.6074
483	0.7224	0.5087	1.0911	0.6402	0.969	0.621
484	0.7166	0.5001	1.0923	0.6347	0.9744	0.6103
485	0.7126	0.4973	1.0921	0.6319	0.9633	0.6083
486	0.7091	0.4926	1.1113	0.6394	0.9801	0.6132
487	0.7113	0.4952	1.0942	0.6351	0.9686	0.612
488	0.7224	0.5113	1.0999	0.6419	0.9814	0.6263
489	0.7411	0.5253	1.1407	0.6644	1.0072	0.6379
490	0.7123	0.5001	1.0915	0.6354	0.9582	0.6122
491	0.7243	0.5128	1.1032	0.6428	0.9769	0.6245
492	0.7115	0.4955	1.1039	0.635	0.9866	0.6156
493	0.7129	0.4979	1.0904	0.6345	0.9601	0.6104
494	0.7186	0.5058	1.1055	0.6412	0.981	0.6196
495	0.7261	0.5154	1.1277	0.66	0.9924	0.6306
496	0.7133	0.5019	1.1047	0.6415	0.9732	0.6156
497	0.7118	0.4977	1.1134	0.6427	0.9862	0.6153
498	0.7021	0.4864	1.0957	0.6309	0.9684	0.6041
499	0.7257	0.5142	1.0823	0.635	0.9655	0.6212
500	0.716	0.4997	1.1129	0.6429	0.9899	0.6161
501	0.7027	0.489	1.088	0.6299	0.9622	0.606
502	0.7076	0.4942	1.0849	0.6324	0.9484	0.607
503	0.709	0.4964	1.0992	0.6341	0.9653	0.6089
504	0.7219	0.5089	1.1042	0.6507	0.9781	0.6246
505	0.7059	0.4912	1.0948	0.6339	0.9647	0.6071
506	0.7063	0.4957	1.0913	0.6382	0.9609	0.609
507	0.7208	0.5123	1.1058	0.6448	0.9677	0.6198
508	0.6986	0.4869	1.0917	0.6269	0.9515	0.6039
509	0.7176	0.5031	1.1275	0.6478	0.9975	0.6201
510	0.7054	0.493	1.0995	0.6387	0.9708	0.6139
511	0.7667	0.559	1.124	0.6811	1.001	0.6625
512	0.7856	0.5715	1.1558	0.7073	1.0435	0.6861
513	0.7337	0.5281	1.1068	0.6582	0.982	0.6376
514	0.7158	0.5041	1.1083	0.6515	0.9823	0.6213
515	0.7203	0.509	1.1127	0.6417	0.9852	0.6203
516	0.7045	0.4898	1.0886	0.6303	0.9583	0.6019
517	0.7063	0.4939	1.0977	0.6331	0.9601	0.6114
518	0.6986	0.484	1.1245	0.6355	0.984	0.6039
519	0.7021	0.4874	1.0928	0.6318	0.9611	0.6057
520	0.6994	0.4859	1.1301	0.6391	0.9913	0.6097
521	0.7235	0.517	1.1241	0.6607	0.9902	0.6347
522	0.7052	0.4957	1.1076	0.6392	0.9762	0.6107
523	0.7375	0.5198	1.1524	0.6679	1.0194	0.635
524	0.7426	0.5382	1.1362	0.679	1.0166	0.6548
525	0.7061	0.4916	1.141	0.6469	1.0031	0.6105
526	0.6987	0.4893	1.0773	0.6307	0.9521	0.6059
527	0.7284	0.5119	1.1342	0.6588	1.0145	0.632
528	0.6896	0.4782	1.0861	0.6243	0.9578	0.5998
529	0.7097	0.5	1.1048	0.6348	0.9807	0.618
530	0.6927	0.483	1.0857	0.6227	0.9491	0.6001
531	0.6888	0.4767	1.0941	0.6241	0.9588	0.5966
532	0.6986	0.4883	1.1036	0.6313	0.9778	0.6075
533	0.6989	0.4858	1.1184	0.6384	0.9824	0.6084
534	0.7033	0.4913	1.1192	0.6453	0.9919	0.6174
535	0.7448	0.5456	1.1384	0.6833	1.0108	0.6576
536	0.687	0.4746	1.0937	0.6261	0.9682	0.5993
537	0.7035	0.4952	1.1124	0.6419	0.9803	0.6116
538	0.6907	0.483	1.0853	0.6296	0.9475	0.5978
539	0.702	0.489	1.119	0.6375	0.9897	0.61
540	0.6858	0.4774	1.0755	0.6194	0.9456	0.5918
541	0.6837	0.4733	1.0853	0.6225	0.9614	0.5943
542	0.6872	0.4796	1.088	0.6302	0.957	0.6036
543	0.6974	0.4881	1.1164	0.6436	0.9853	0.61
544	0.702	0.4974	1.0932	0.6405	0.9584	0.6131
545	0.6914	0.4846	1.1083	0.633	0.9779	0.6049
546	0.6962	0.4853	1.0879	0.6316	0.9598	0.6064
547	0.682	0.4725	1.0829	0.6213	0.9632	0.598
548	0.6818	0.4731	1.0881	0.6214	0.9567	0.5976
549	0.69	0.4819	1.0992	0.6276	0.97	0.6039
550	0.6853	0.4772	1.0733	0.6218	0.9462	0.6008
551	0.6888	0.4776	1.1024	0.6333	0.9766	0.6052
552	0.6968	0.492	1.0916	0.6308	0.9635	0.6096
553	0.6798	0.4696	1.0871	0.6199	0.9567	0.599
554	0.687	0.4811	1.1033	0.6319	0.9752	0.6069
555	0.698	0.4912	1.0844	0.636	0.9568	0.6132
556	0.742	0.5323	1.1614	0.6849	1.0371	0.6543
557	0.7058	0.505	1.1059	0.6499	0.9783	0.6241
558	0.7041	0.4974	1.1036	0.6351	0.9785	0.6133
559	0.6783	0.4683	1.0986	0.6208	0.9715	0.5977
560	0.6879	0.4792	1.0892	0.631	0.9706	0.6083
561	0.6766	0.4689	1.0897	0.6214	0.9646	0.5976
562	0.6815	0.473	1.1092	0.6275	0.985	0.6045
563	0.7205	0.5094	1.1106	0.6537	0.986	0.6276
564	0.6938	0.4899	1.1077	0.6366	0.9885	0.6127
565	0.6897	0.4836	1.0976	0.6311	0.9702	0.6099
566	0.6853	0.4765	1.113	0.633	0.9932	0.6046
567	0.6991	0.4885	1.0916	0.6321	0.9683	0.6093
568	0.6811	0.4738	1.1056	0.6292	0.9836	0.6085
569	0.6802	0.476	1.0847	0.6267	0.9595	0.6008
570	0.6783	0.4705	1.1028	0.6282	0.9802	0.601
571	0.7077	0.5128	1.1106	0.6614	0.977	0.631
572	0.681	0.4717	1.1027	0.6253	0.9801	0.5995
573	0.677	0.4685	1.1154	0.634	0.9833	0.602
574	0.7731	0.5644	1.1752	0.7101	1.0538	0.6797
575	0.6887	0.4853	1.0943	0.6275	0.963	0.6053
576	0.6775	0.47	1.0846	0.6191	0.9612	0.5999
577	0.6742	0.466	1.0967	0.6236	0.9716	0.594
578	0.7309	0.5296	1.1159	0.6556	0.9939	0.6392
579	0.7651	0.5667	1.1453	0.7146	1.0274	0.6844
580	0.7795	0.5706	1.1169	0.6801	1.003	0.6655
581	0.7124	0.508	1.0993	0.658	0.9836	0.6305
582	0.682	0.4773	1.0839	0.6274	0.9622	0.6021
583	0.6758	0.4684	1.0748	0.6171	0.9597	0.5966
584	0.7039	0.4956	1.1101	0.6519	0.9926	0.6269
585	0.6994	0.499	1.0941	0.644	0.9764	0.6229
586	0.6661	0.4597	1.0771	0.6153	0.9569	0.59
587	0.6701	0.463	1.0685	0.6151	0.9544	0.5926
588	0.6726	0.4691	1.0699	0.6193	0.958	0.5948
589	0.6712	0.4648	1.0902	0.6274	0.965	0.5973
590	0.6777	0.4758	1.0776	0.6205	0.9653	0.6022
591	0.6735	0.4673	1.0889	0.6251	0.9676	0.599
592	0.6762	0.4724	1.096	0.6298	0.9736	0.6034
593	0.6784	0.4777	1.0794	0.6237	0.955	0.6018
594	0.6909	0.4811	1.117	0.638	0.9921	0.608
595	0.6739	0.4692	1.0738	0.622	0.9361	0.5935
596	0.6895	0.4861	1.0914	0.6293	0.9775	0.6134
597	0.7114	0.5076	1.1226	0.6634	1.0025	0.6361
598	0.678	0.4765	1.0756	0.6187	0.9633	0.6016
599	0.662	0.4548	1.0897	0.6134	0.966	0.5897
600	0.6679	0.4627	1.0907	0.6241	0.9661	0.5982
601	0.6635	0.4556	1.1001	0.6214	0.9711	0.5934
602	0.6578	0.4511	1.1022	0.6198	0.972	0.5912
603	0.665	0.4586	1.1115	0.6296	0.9785	0.596
604	0.7318	0.5379	1.1153	0.6697	0.9901	0.6486
605	0.6806	0.4754	1.099	0.6361	0.9833	0.6121
606	0.6624	0.4579	1.082	0.6192	0.9513	0.5922
607	0.6888	0.489	1.0914	0.6284	0.9634	0.6097
608	0.6879	0.4831	1.1158	0.6455	0.9847	0.6145
609	0.6815	0.4783	1.0725	0.6237	0.9445	0.599
610	0.678	0.4761	1.112	0.6416	0.981	0.6097
611	0.6572	0.4537	1.0824	0.6102	0.9604	0.5898
612	0.6584	0.4545	1.0829	0.6164	0.9485	0.5876
613	0.6705	0.4672	1.1158	0.6372	0.983	0.604
614	0.6881	0.4921	1.0872	0.6407	0.9545	0.6132
615	0.6618	0.4542	1.1107	0.6188	0.975	0.5889
616	0.6724	0.469	1.1012	0.6317	0.9763	0.6082
617	0.702	0.5122	1.1224	0.6617	0.9981	0.6388
618	0.6666	0.465	1.0976	0.6289	0.9593	0.6002
619	0.6548	0.451	1.1011	0.6192	0.9774	0.5913
620	0.6565	0.4523	1.0879	0.6191	0.9702	0.5947
621	0.6688	0.4697	1.0936	0.6202	0.9732	0.5985
622	0.6592	0.457	1.0983	0.6244	0.9706	0.5956
623	0.6605	0.4564	1.1202	0.6272	0.9873	0.5969
624	0.652	0.4508	1.0878	0.6167	0.9514	0.5847
625	0.6681	0.4662	1.0996	0.6339	0.9785	0.6047
626	0.6577	0.4571	1.0752	0.6112	0.9473	0.5888
627	0.6561	0.4504	1.0957	0.6222	0.9596	0.5908
628	0.6574	0.4543	1.104	0.6201	0.9614	0.591
629	0.6617	0.4598	1.0743	0.6238	0.9514	0.5972
630	0.656	0.4522	1.1058	0.6258	0.9752	0.5948
631	0.6503	0.4494	1.072	0.612	0.9449	0.5846
632	0.6831	0.4845	1.0906	0.6337	0.9732	0.6136
633	0.6973	0.4969	1.1214	0.6602	0.999	0.633
634	0.6543	0.4522	1.0914	0.6184	0.9641	0.585
635	0.6735	0.4761	1.0891	0.6234	0.9673	0.604
636	0.6724	0.4717	1.1097	0.6464	0.9833	0.6127
637	0.651	0.4487	1.0823	0.6141	0.9549	0.5872
638	0.646	0.4429	1.0857	0.6067	0.9517	0.5826
639	0.6612	0.4592	1.0948	0.6221	0.9677	0.5986
640	0.6748	0.4754	1.0966	0.6276	0.9783	0.6057
641	0.6591	0.4596	1.059	0.6141	0.9329	0.5885
642	0.6449	0.4416	1.0927	0.6108	0.9707	0.5856
643	0.6452	0.4427	1.0735	0.6108	0.9495	0.5844
644	0.6443	0.4425	1.0983	0.6185	0.9684	0.5874
645	0.6449	0.4446	1.0903	0.6198	0.959	0.5815
646	0.6495	0.4463	1.1025	0.6212	0.9741	0.588
647	0.649	0.4509	1.0874	0.6216	0.9583	0.5909
648	0.6634	0.4586	1.1128	0.6335	0.99	0.6037
649	0.6537	0.4595	1.0947	0.6269	0.9697	0.5987
650	0.6813	0.49	1.1166	0.6504	0.9913	0.6219
651	0.6505	0.4479	1.1105	0.6236	0.9826	0.5901
652	0.6552	0.4519	1.1135	0.625	0.986	0.5951
653	0.6484	0.4517	1.0768	0.6135	0.9526	0.5892
654	0.6495	0.4476	1.102	0.6185	0.9714	0.5897
655	0.6765	0.4732	1.1239	0.6445	0.9969	0.6162
656	0.6491	0.4541	1.0893	0.6158	0.9581	0.5929
657	0.6508	0.4535	1.0881	0.6129	0.9607	0.5929
658	0.7194	0.5216	1.1198	0.675	1.0026	0.6488
659	0.7045	0.5176	1.1178	0.6644	1.0027	0.6449
660	0.7232	0.5218	1.1433	0.6809	1.0368	0.6554
661	0.6501	0.4529	1.0749	0.6158	0.9467	0.5915
662	0.7305	0.5425	1.1531	0.6921	1.0288	0.6725
663	0.6657	0.4636	1.1004	0.6339	0.981	0.6085
664	0.6628	0.4715	1.1085	0.6381	0.9742	0.6079
665	0.6622	0.4579	1.102	0.6254	0.986	0.5982
666	0.6465	0.4496	1.0867	0.6176	0.973	0.5949
667	0.65	0.4464	1.1039	0.622	0.9829	0.5942
668	0.6622	0.4686	1.0977	0.6272	0.9708	0.6055
669	0.6583	0.457	1.1087	0.6306	0.9873	0.6021
670	0.6427	0.4469	1.0839	0.6094	0.9604	0.5908
671	0.6439	0.4476	1.092	0.6172	0.9629	0.59
672	0.6532	0.4505	1.083	0.6174	0.9628	0.5959
673	0.6566	0.46	1.1107	0.6336	0.9817	0.6045
674	0.6686	0.4693	1.1149	0.6422	0.9866	0.6117
675	0.6504	0.4569	1.118	0.6304	0.9873	0.6001
676	0.6364	0.4352	1.1111	0.6081	0.987	0.579
677	0.6341	0.4359	1.0769	0.6033	0.9472	0.5799
678	0.6379	0.4376	1.0917	0.6128	0.9575	0.5833
679	0.6384	0.4383	1.0939	0.6104	0.9659	0.5848
680	0.6464	0.4516	1.0801	0.6112	0.9628	0.5945
681	0.6283	0.4315	1.0761	0.606	0.9446	0.5792
682	0.6424	0.4424	1.109	0.6185	0.9794	0.5887
683	0.6293	0.431	1.0829	0.6058	0.9482	0.5762
684	0.6454	0.4503	1.1059	0.6193	0.981	0.5956
685	0.6775	0.4792	1.1073	0.6486	0.9841	0.6212
686	0.6457	0.4538	1.0875	0.6188	0.9737	0.6027
687	0.6458	0.4469	1.0882	0.6218	0.9705	0.6006
688	0.6509	0.4558	1.0659	0.6195	0.9431	0.5949
689	0.6756	0.4818	1.0894	0.6316	0.9643	0.6156
690	0.6559	0.4637	1.0891	0.6271	0.9645	0.6058
691	0.6649	0.4679	1.0704	0.6187	0.9424	0.5972
692	0.6699	0.4758	1.1033	0.6471	0.9894	0.6197
693	0.6545	0.4628	1.0793	0.6262	0.9571	0.6002
694	0.6324	0.4352	1.0755	0.6081	0.9519	0.5855
695	0.6324	0.4368	1.0848	0.6178	0.9658	0.5906
696	0.6271	0.4319	1.0932	0.6107	0.9586	0.5829
697	0.6345	0.435	1.0907	0.6109	0.9651	0.5868
698	0.6314	0.4386	1.0967	0.6206	0.9633	0.5869
699	0.6422	0.4503	1.0975	0.6183	0.9857	0.6027
700	0.6369	0.4386	1.086	0.6126	0.9604	0.5891
701	0.6462	0.4526	1.1007	0.6157	0.9699	0.5958
702	0.6312	0.4356	1.077	0.607	0.9588	0.5848
703	0.641	0.4444	1.0785	0.6154	0.9447	0.5845
704	0.6292	0.4345	1.0775	0.6076	0.9618	0.5874
705	0.6408	0.444	1.0766	0.6192	0.956	0.5956
706	0.6289	0.4328	1.0898	0.6084	0.9595	0.5811
707	0.6323	0.4373	1.0686	0.6089	0.9487	0.5878
708	0.6287	0.4324	1.092	0.6109	0.9646	0.5848
709	0.6882	0.5045	1.1127	0.6568	0.9845	0.6326
710	0.7209	0.5238	1.1487	0.6869	1.0241	0.6568
711	0.671	0.4852	1.1172	0.6539	0.9956	0.6269
712	0.6958	0.4932	1.15	0.66	1.025	0.6304
713	0.6419	0.4528	1.0874	0.6215	0.96	0.6015
714	0.6292	0.4332	1.1198	0.6235	0.9829	0.5917
715	0.628	0.4316	1.0833	0.606	0.9674	0.5829
716	0.6207	0.4269	1.0814	0.6071	0.9601	0.5796
717	0.6174	0.4215	1.0896	0.6071	0.9599	0.5772
718	0.6213	0.4268	1.0757	0.6051	0.9479	0.5791
719	0.6246	0.4285	1.0892	0.6106	0.9693	0.5853
720	0.6283	0.4346	1.069	0.6123	0.9406	0.5872
721	0.6347	0.4448	1.0785	0.611	0.9584	0.5907
722	0.638	0.445	1.0946	0.6289	0.9715	0.6008
723	0.6267	0.4343	1.0818	0.6122	0.9511	0.5879
724	0.6235	0.4289	1.0712	0.6082	0.9512	0.5832
725	0.6585	0.4664	1.0825	0.6358	0.9677	0.6089
726	0.6328	0.4418	1.0738	0.6103	0.96	0.5942
727	0.6261	0.4333	1.0697	0.6053	0.9536	0.5891
728	0.6308	0.4342	1.0944	0.6146	0.9661	0.5868
729	0.6149	0.4212	1.085	0.6035	0.9576	0.5775
730	0.6154	0.4226	1.0691	0.5959	0.9402	0.5738
731	0.6182	0.4252	1.0983	0.6074	0.9575	0.5772
732	0.6285	0.4342	1.1008	0.6192	0.9678	0.5925
733	0.6253	0.4323	1.1089	0.6174	0.973	0.5859
734	0.6396	0.4426	1.1258	0.6216	0.9897	0.5909
735	0.6361	0.4456	1.0886	0.6266	0.9569	0.5986
736	0.6206	0.4299	1.0996	0.6075	0.972	0.5861
737	0.6191	0.4247	1.1041	0.6101	0.9753	0.5806
738	0.6485	0.457	1.0876	0.632	0.9617	0.6061
739	0.6977	0.5159	1.1213	0.6689	0.9981	0.6521
740	0.7191	0.5278	1.1446	0.6942	1.0339	0.6689
741	0.6904	0.5106	1.1079	0.659	0.9961	0.6428
742	0.6168	0.4211	1.0766	0.6017	0.9564	0.5804
743	0.6288	0.4367	1.0765	0.6153	0.9534	0.5939
744	0.6448	0.4532	1.0737	0.6136	0.9641	0.6036
745	0.6675	0.4747	1.1125	0.6524	0.9974	0.6261
746	0.6262	0.4389	1.0774	0.614	0.9581	0.5941
747	0.6349	0.4452	1.1002	0.6319	0.9824	0.6065
748	0.6105	0.4184	1.0811	0.6006	0.9579	0.5783
749	0.6131	0.4226	1.0776	0.6024	0.9535	0.581
750	0.6183	0.4276	1.0913	0.6108	0.9485	0.5844
751	0.6157	0.4231	1.0907	0.6081	0.9668	0.5853
752	0.6245	0.4342	1.0866	0.6192	0.9545	0.5946
753	0.6549	0.4694	1.0967	0.6347	0.9752	0.6149
754	0.6076	0.417	1.0738	0.6002	0.9454	0.5741
755	0.6206	0.4287	1.0814	0.6135	0.9537	0.5836
756	0.6524	0.4691	1.1101	0.6349	0.9836	0.6099
757	0.6091	0.4167	1.0715	0.601	0.9378	0.5771
758	0.6117	0.4216	1.0998	0.6146	0.9649	0.5829
759	0.614	0.4227	1.1133	0.6205	0.9708	0.5789
760	0.6178	0.4316	1.087	0.6194	0.944	0.5871
761	0.6075	0.4173	1.0899	0.608	0.9538	0.5775
762	0.6146	0.4214	1.1025	0.621	0.9719	0.5896
763	0.614	0.4291	1.0752	0.6127	0.9462	0.5838
764	0.6121	0.4183	1.0837	0.6085	0.9636	0.5826
765	0.6018	0.4127	1.0798	0.6014	0.9433	0.5737
766	0.6398	0.4564	1.087	0.6202	0.9648	0.6028
767	0.6267	0.4346	1.0858	0.617	0.9637	0.5945
768	0.614	0.4283	1.0907	0.6089	0.956	0.5818
769	0.6208	0.4274	1.0944	0.6178	0.9686	0.5866
770	0.6099	0.4202	1.0957	0.6116	0.9684	0.5818
771	0.6205	0.4367	1.0925	0.6129	0.9594	0.5876
772	0.6251	0.4339	1.0903	0.6239	0.9667	0.5959
773	0.6287	0.443	1.0879	0.6155	0.9642	0.5964
774	0.6014	0.4101	1.0915	0.6041	0.958	0.5758
775	0.6011	0.4108	1.069	0.5963	0.9362	0.5718
776	0.6548	0.4699	1.0829	0.6326	0.9703	0.6197
777	0.6498	0.457	1.1259	0.6463	1.0107	0.6173
778	0.6136	0.4317	1.0968	0.6171	0.9682	0.5926
779	0.5969	0.4071	1.0902	0.602	0.964	0.5778
780	0.6293	0.4371	1.1164	0.6244	0.9956	0.5954
781	0.6525	0.4776	1.0974	0.6498	0.9723	0.6255
782	0.6126	0.4209	1.1236	0.6231	0.9874	0.5847
783	0.5941	0.4046	1.0919	0.6033	0.9564	0.5743
784	0.6173	0.4343	1.1003	0.6159	0.9631	0.5905
785	0.6057	0.4179	1.0738	0.6071	0.946	0.5808
786	0.6123	0.4227	1.1064	0.6149	0.9831	0.587
787	0.617	0.4278	1.1046	0.6251	0.9771	0.5913
788	0.6286	0.448	1.0887	0.6205	0.955	0.5987
789	0.6018	0.4134	1.0732	0.6028	0.9625	0.5819
790	0.6026	0.4132	1.08	0.6061	0.9721	0.5815
791	0.6034	0.4175	1.0634	0.6032	0.9457	0.5796
792	0.6334	0.4447	1.1063	0.6357	0.9943	0.6075
793	0.6032	0.4182	1.065	0.5959	0.94	0.5779
794	0.6058	0.4209	1.0896	0.6206	0.968	0.5937
795	0.5935	0.4041	1.0695	0.6028	0.9437	0.5774
796	0.615	0.4279	1.0656	0.6082	0.9376	0.5841
797	0.6055	0.4228	1.075	0.6156	0.954	0.5858
798	0.6139	0.4294	1.0757	0.6089	0.9519	0.5855
799	0.6254	0.4396	1.0862	0.6295	0.9637	0.6008
800	0.5953	0.4088	1.0853	0.6069	0.9642	0.5765
801	0.5922	0.4052	1.079	0.6037	0.9673	0.5764
802	0.6145	0.4376	1.077	0.6201	0.9524	0.5972
803	0.6172	0.4275	1.1095	0.6294	0.985	0.5983
804	0.5993	0.4123	1.0812	0.6077	0.9583	0.581
805	0.6031	0.4216	1.0875	0.6104	0.9592	0.5834
806	0.6066	0.4222	1.0985	0.6205	0.9733	0.5915
807	0.5971	0.4123	1.0656	0.5992	0.9361	0.5749
808	0.5918	0.4034	1.0918	0.6062	0.9658	0.5795
809	0.5926	0.4066	1.0679	0.607	0.9342	0.5755
810	0.5929	0.4076	1.0705	0.6059	0.9565	0.5827
811	0.5956	0.4141	1.0834	0.6044	0.95	0.5752
812	0.5851	0.4008	1.0883	0.6031	0.9495	0.573
813	0.5861	0.4007	1.1023	0.6062	0.9652	0.5753
814	0.5903	0.4094	1.0798	0.6094	0.952	0.5835
815	0.6094	0.4225	1.1102	0.6219	0.9846	0.5905
816	0.595	0.4128	1.071	0.6011	0.9573	0.5819
817	0.5914	0.4093	1.0689	0.6008	0.9462	0.577
818	0.619	0.4332	1.0957	0.6311	0.9757	0.6013
819	0.6017	0.4235	1.091	0.6098	0.9607	0.5867
820	0.584	0.3985	1.0735	0.6033	0.9578	0.5747
821	0.5967	0.4126	1.08	0.6104	0.9629	0.5878
822	0.5822	0.3964	1.0838	0.5966	0.9576	0.5735
823	0.6624	0.4821	1.1293	0.675	1.0073	0.6408
824	0.6166	0.4372	1.087	0.6098	0.9503	0.5953
825	0.6029	0.4186	1.0958	0.6143	0.9687	0.5894
826	0.5874	0.4062	1.084	0.6042	0.9518	0.5801
827	0.6245	0.4425	1.1015	0.6448	0.9809	0.6154
828	0.5924	0.4108	1.0741	0.6056	0.9483	0.5815
829	0.588	0.4044	1.0825	0.6069	0.9627	0.5831
830	0.5865	0.4041	1.0672	0.5973	0.9455	0.579
831	0.5831	0.3991	1.0879	0.6044	0.9608	0.5755
832	0.58	0.3961	1.0865	0.6049	0.9676	0.5808
833	0.5882	0.4082	1.1033	0.6202	0.9705	0.5887
834	0.5851	0.3983	1.0802	0.6009	0.9626	0.58
835	0.589	0.411	1.0855	0.6093	0.9617	0.5861
836	0.6114	0.4268	1.1221	0.6291	0.9951	0.5968
837	0.582	0.4013	1.075	0.6022	0.9556	0.5841
838	0.5898	0.4114	1.1054	0.6165	0.9739	0.5849
839	0.5988	0.4149	1.0943	0.6181	0.9764	0.5951
840	0.5834	0.4011	1.0923	0.6079	0.9608	0.5802
841	0.6051	0.4315	1.0938	0.6262	0.9747	0.6065
842	0.609	0.4215	1.1237	0.6279	0.9863	0.5931
843	0.622	0.4339	1.1219	0.6386	1.0026	0.6041
844	0.6147	0.447	1.1025	0.6419	0.9741	0.6157
845	0.6212	0.4377	1.1164	0.6389	0.9935	0.6067
846	0.5837	0.4038	1.0788	0.6041	0.955	0.5788
847	0.5928	0.4152	1.0659	0.6042	0.9436	0.5864
848	0.6061	0.4186	1.1218	0.6241	1.0054	0.5911
849	0.5779	0.3971	1.0858	0.6023	0.9467	0.5681
850	0.5882	0.4094	1.0824	0.6097	0.9667	0.5878
851	0.5889	0.4094	1.0987	0.6143	0.9769	0.5858
852	0.612	0.4264	1.1001	0.6281	0.9657	0.5929
853	0.5818	0.4017	1.0844	0.6035	0.9666	0.5805
854	0.6098	0.4251	1.1102	0.6316	0.9828	0.5981
855	0.579	0.4007	1.0825	0.6005	0.955	0.5766
856	0.5724	0.3913	1.076	0.595	0.9577	0.5761
857	0.5778	0.3947	1.0945	0.6061	0.9636	0.5772
858	0.5788	0.4032	1.0748	0.6057	0.9593	0.5845
859	0.5908	0.4097	1.0868	0.6128	0.9671	0.5852
860	0.5715	0.3922	1.0866	0.6069	0.9623	0.58
861	0.574	0.3935	1.0778	0.5988	0.9462	0.5766
862	0.5689	0.3889	1.0678	0.5906	0.9396	0.571
863	0.6098	0.4317	1.0992	0.6356	0.9723	0.6047
864	0.5722	0.3927	1.0724	0.5974	0.955	0.5776
865	0.5863	0.4076	1.0867	0.6127	0.9628	0.5902
866	0.5752	0.3954	1.0753	0.6016	0.9564	0.5811
867	0.5718	0.3923	1.0906	0.6022	0.9575	0.5738
868	0.57	0.3876	1.0721	0.6003	0.9505	0.5733
869	0.5691	0.3891	1.0803	0.603	0.9535	0.5736
870	0.5879	0.4179	1.0797	0.6187	0.9568	0.592
871	0.5722	0.3925	1.0941	0.607	0.9695	0.5779
872	0.569	0.3905	1.0732	0.5999	0.9483	0.5772
873	0.5828	0.4045	1.0858	0.6165	0.9593	0.5857
874	0.5727	0.3929	1.093	0.6122	0.964	0.5768
875	0.5676	0.3902	1.097	0.6057	0.9723	0.5763
876	0.6033	0.4374	1.0927	0.6412	0.9792	0.6152
877	0.5921	0.4117	1.1108	0.6316	0.9893	0.5959
878	0.581	0.4058	1.0973	0.6159	0.9727	0.5798
879	0.5726	0.3921	1.0945	0.6044	0.9744	0.5784
880	0.5742	0.3951	1.075	0.6076	0.9642	0.5808
881	0.5788	0.4058	1.082	0.609	0.9625	0.5813
882	0.5627	0.3853	1.0779	0.6008	0.9598	0.5746
883	0.5626	0.3857	1.0757	0.5983	0.9532	0.571
884	0.5912	0.4135	1.0863	0.6232	0.9593	0.5925
885	0.5633	0.3854	1.0687	0.5953	0.9483	0.571
886	0.5811	0.4053	1.0989	0.6155	0.9797	0.5906
887	0.5705	0.3995	1.0813	0.6131	0.9531	0.5813
888	0.6028	0.4191	1.1124	0.6267	0.9883	0.5908
889	0.5708	0.3982	1.082	0.6072	0.9521	0.5802
890	0.5685	0.393	1.069	0.5943	0.9524	0.5774
891	0.5847	0.4083	1.0776	0.6106	0.9625	0.5865
892	0.5614	0.3825	1.0745	0.5987	0.9451	0.5693
893	0.5617	0.3826	1.0869	0.6061	0.9591	0.5704
894	0.5624	0.39	1.0818	0.6091	0.9472	0.5754
895	0.6106	0.4449	1.1154	0.6526	0.9947	0.6209
896	0.5628	0.3876	1.0761	0.6001	0.9525	0.5783
897	0.6193	0.4445	1.1199	0.6508	0.9956	0.6143
898	0.575	0.3972	1.0945	0.6096	0.98	0.5818
899	0.5843	0.4068	1.0432	0.5966	0.9456	0.5846
900	0.5749	0.4015	1.0726	0.6144	0.9647	0.5885
901	0.5819	0.4047	1.0788	0.6114	0.9571	0.5861
902	0.5669	0.392	1.0599	0.5942	0.9477	0.5752
903	0.5705	0.393	1.085	0.613	0.9739	0.5844
904	0.5892	0.4253	1.0914	0.6361	0.9808	0.6112
905	0.5765	0.4004	1.0999	0.6185	0.9892	0.5893
906	0.5714	0.4002	1.0754	0.6086	0.9665	0.5878
907	0.6019	0.4325	1.0806	0.6216	0.9746	0.6052
908	0.5732	0.4018	1.0715	0.6043	0.9605	0.5871
909	0.577	0.3996	1.0873	0.6126	0.9686	0.5838
910	0.5563	0.3819	1.0735	0.5999	0.9559	0.5742
911	0.5578	0.3845	1.0917	0.6079	0.9628	0.576
912	0.557	0.3805	1.0747	0.6032	0.9682	0.579
913	0.5579	0.385	1.0861	0.6078	0.9584	0.577
914	0.5814	0.4028	1.094	0.6138	0.9798	0.5857
915	0.5689	0.3991	1.0933	0.6185	0.9733	0.589
916	0.5737	0.4046	1.087	0.6069	0.9715	0.5925
917	0.5654	0.3903	1.0863	0.6071	0.9556	0.5757
918	0.5597	0.3874	1.0768	0.602	0.9453	0.5756
919	0.5717	0.3954	1.1057	0.6178	0.9687	0.5812
920	0.5594	0.3836	1.0761	0.6025	0.9551	0.5796
921	0.5531	0.3796	1.0876	0.6066	0.9504	0.5758
922	0.5592	0.3884	1.0945	0.6067	0.9591	0.5779
923	0.5525	0.3796	1.0917	0.6098	0.9618	0.5767
924	0.6018	0.4319	1.0881	0.6456	0.9767	0.6158
925	0.5758	0.4037	1.0648	0.6036	0.9512	0.5863
926	0.5637	0.3923	1.0721	0.6019	0.9505	0.5762
927	0.553	0.3792	1.0879	0.6047	0.9603	0.5774
928	0.5513	0.3828	1.0833	0.6046	0.9518	0.5798
929	0.5521	0.3809	1.0872	0.6057	0.9705	0.581
930	0.5563	0.3808	1.0996	0.6104	0.9769	0.5788
931	0.5643	0.3927	1.0854	0.6181	0.9615	0.5837
932	0.5657	0.3905	1.118	0.6113	0.9909	0.5788
933	0.5774	0.4079	1.1159	0.6319	0.9848	0.5983
934	0.5564	0.388	1.0692	0.6036	0.9457	0.5765
935	0.5585	0.3817	1.0905	0.6081	0.9748	0.5786
936	0.5458	0.3741	1.0919	0.6093	0.9636	0.5766
937	0.5759	0.4094	1.0868	0.6131	0.9738	0.5958
938	0.5634	0.3903	1.093	0.6141	0.9684	0.5845
939	0.558	0.3864	1.0847	0.6093	0.9679	0.5809
940	0.6112	0.4348	1.1191	0.6414	0.9907	0.6113
941	0.58	0.4068	1.0872	0.6251	0.9827	0.5996
942	0.5495	0.3805	1.071	0.6007	0.9459	0.5706
943	0.5569	0.3878	1.0715	0.6138	0.9463	0.5816
944	0.5673	0.3954	1.0854	0.6221	0.9669	0.5916
945	0.5599	0.389	1.0818	0.6171	0.9603	0.5828
946	0.58	0.415	1.0633	0.6148	0.9483	0.5932
947	0.5575	0.3882	1.0709	0.605	0.9553	0.5847
948	0.5528	0.3815	1.076	0.6072	0.9486	0.5796
949	0.5695	0.3951	1.1029	0.6195	0.9746	0.5871
950	0.5747	0.4005	1.096	0.6204	0.9689	0.588
951	0.5539	0.3881	1.0805	0.6088	0.9557	0.5862
952	0.561	0.3947	1.115	0.6276	0.9777	0.5945
953	0.5597	0.3884	1.1031	0.6168	0.9634	0.5846
954	0.5703	0.4068	1.1006	0.6217	0.9644	0.5959
955	0.5522	0.3836	1.0738	0.5975	0.9444	0.5757
956	0.6373	0.4725	1.1209	0.6824	1.0085	0.6475
957	0.5866	0.4188	1.0815	0.6169	0.9629	0.5998
958	0.5835	0.4127	1.0579	0.6091	0.9365	0.5822
959	0.6054	0.4363	1.1095	0.6556	0.9964	0.6281
960	0.5642	0.3948	1.0612	0.5976	0.9495	0.5826
961	0.5437	0.3723	1.0633	0.5977	0.9499	0.5725
962	0.5375	0.3664	1.0693	0.5967	0.9487	0.5709
963	0.5405	0.3713	1.0728	0.5932	0.9434	0.5735
964	0.5375	0.3668	1.0869	0.5991	0.9565	0.57
965	0.5431	0.3748	1.0863	0.6081	0.9546	0.5701
966	0.5395	0.3711	1.0839	0.6072	0.9581	0.5733
967	0.5484	0.3794	1.0785	0.6057	0.9576	0.5788
968	0.5393	0.3722	1.0666	0.6026	0.9461	0.5729
969	0.5408	0.376	1.0933	0.6006	0.9617	0.5767
970	0.5374	0.3701	1.0945	0.607	0.9667	0.5714
971	0.5576	0.3883	1.077	0.618	0.9522	0.5833
972	0.547	0.3785	1.0736	0.6056	0.9482	0.5789
973	0.5892	0.4273	1.0973	0.6308	0.9685	0.6062
974	0.5598	0.3879	1.0934	0.6198	0.969	0.5878
975	0.5454	0.3775	1.0998	0.6057	0.9865	0.5859
976	0.5549	0.3899	1.0912	0.622	0.9765	0.59
977	0.5857	0.4131	1.1063	0.6336	0.9763	0.598
978	0.5568	0.3895	1.0705	0.6063	0.9491	0.5832
979	0.5509	0.38	1.0838	0.6127	0.9788	0.5841
980	0.5337	0.3656	1.0646	0.5991	0.9372	0.5629
981	0.5498	0.3825	1.0879	0.6208	0.9622	0.577
982	0.5387	0.3702	1.0779	0.6025	0.9568	0.5748
983	0.5315	0.3665	1.0798	0.5953	0.9396	0.5629
984	0.5355	0.3659	1.0791	0.5996	0.9573	0.5724
985	0.548	0.3786	1.0879	0.6124	0.9709	0.5833
986	0.5335	0.3669	1.0781	0.6038	0.9533	0.5718
987	0.5378	0.37	1.0784	0.6034	0.9692	0.5767
988	0.545	0.3771	1.0881	0.6169	0.9648	0.5839
989	0.5343	0.3679	1.0819	0.6078	0.9636	0.5737
990	0.5318	0.3639	1.0766	0.5966	0.9455	0.5631
991	0.5383	0.3708	1.0836	0.6102	0.9599	0.5795
992	0.5295	0.3661	1.0758	0.5995	0.948	0.5774
993	0.5311	0.3658	1.0678	0.5989	0.9486	0.5722
994	0.5312	0.3682	1.0703	0.6054	0.9556	0.5784
995	0.5386	0.3748	1.0835	0.6131	0.9695	0.5845
996	0.5279	0.3647	1.0885	0.6114	0.9549	0.5715
997	0.538	0.3729	1.0664	0.6052	0.9487	0.5793
998	0.5255	0.361	1.084	0.5989	0.9541	0.5746
999	0.5326	0.3681	1.0819	0.6093	0.9577	0.578
1000	0.5252	0.3609	1.0799	0.5984	0.9556	0.5726
1001	0.5366	0.3685	1.0956	0.6142	0.9659	0.5784
1002	0.5231	0.3597	1.0841	0.5995	0.951	0.5695
1003	0.5226	0.3548	1.0866	0.6016	0.9544	0.5678
1004	0.5189	0.3539	1.0706	0.5947	0.9446	0.5691
1005	0.5196	0.3524	1.0759	0.5995	0.9508	0.5691
1006	0.5169	0.3517	1.0789	0.5991	0.9532	0.5683
1007	0.515	0.3485	1.0751	0.5965	0.9484	0.5658
1008	0.515	0.3487	1.0822	0.5977	0.9571	0.5675
1009	0.5147	0.3484	1.0831	0.5972	0.9548	0.5664
1010	0.5134	0.3483	1.0813	0.5963	0.9518	0.5652
1011	0.5157	0.3503	1.0812	0.5976	0.9511	0.5655
1012	0.5135	0.3489	1.0737	0.5931	0.9449	0.564
1013	0.5159	0.3503	1.0796	0.5981	0.9534	0.566
1014	0.517	0.3507	1.0775	0.5992	0.9521	0.5667
1015	0.5153	0.3515	1.0747	0.5963	0.9502	0.5676
1016	0.5117	0.3468	1.076	0.5943	0.9481	0.5636
1017	0.5128	0.3471	1.0822	0.5967	0.9552	0.5643
1018	0.5118	0.3465	1.076	0.5956	0.9515	0.5654
1019	0.5123	0.3464	1.078	0.5966	0.9525	0.5649
1020	0.5116	0.3457	1.0734	0.5944	0.9483	0.565
1021	0.5132	0.3482	1.0827	0.5989	0.9548	0.5659
1022	0.5192	0.3539	1.0836	0.605	0.9562	0.5713
1023	0.5121	0.3467	1.0813	0.5981	0.9554	0.5685
1024	0.5109	0.346	1.0772	0.5946	0.9493	0.566
1025	0.5108	0.3463	1.0769	0.5941	0.9485	0.5651
1026	0.5132	0.3488	1.0827	0.5995	0.953	0.5665
1027	0.515	0.3502	1.0806	0.6024	0.9505	0.5671
1028	0.5129	0.3483	1.0822	0.6006	0.9568	0.5678
1029	0.5126	0.3486	1.0791	0.5989	0.9553	0.5697
1030	0.512	0.3464	1.084	0.6014	0.9582	0.5679
1031	0.5143	0.3487	1.0836	0.6036	0.9594	0.5689
1032	0.5128	0.3492	1.0774	0.5995	0.9558	0.5709
1033	0.5095	0.3446	1.0744	0.5953	0.9511	0.5654
1034	0.5115	0.3459	1.0759	0.5969	0.9533	0.5646
1035	0.5097	0.3454	1.0769	0.5967	0.9534	0.5642
1036	0.5112	0.3465	1.0748	0.5977	0.9518	0.5653
1037	0.5137	0.3485	1.0814	0.5998	0.9581	0.5671
1038	0.5112	0.3478	1.0673	0.5928	0.944	0.5654
1039	0.5124	0.3492	1.0757	0.6003	0.9545	0.568
1040	0.5106	0.3462	1.0725	0.5979	0.9509	0.5673
1041	0.5123	0.3475	1.0789	0.5995	0.9544	0.5658
1042	0.5121	0.3488	1.0717	0.5988	0.9515	0.5691
1043	0.5083	0.3441	1.0664	0.5958	0.9458	0.5646
1044	0.5124	0.3484	1.0732	0.6007	0.9528	0.5672
1045	0.5111	0.3469	1.0702	0.5964	0.9477	0.5647
1046	0.5154	0.3548	1.0763	0.6037	0.9576	0.5755
1047	0.5087	0.345	1.0722	0.5982	0.9521	0.568
1048	0.5192	0.3552	1.0778	0.6072	0.956	0.5728
1049	0.5099	0.347	1.0727	0.5981	0.9523	0.5688
1050	0.5095	0.346	1.0714	0.595	0.9497	0.5671
1051	0.5092	0.3454	1.0723	0.5953	0.9499	0.5655
1052	0.5109	0.3468	1.0778	0.5985	0.9522	0.5652
1053	0.5126	0.3484	1.08	0.6006	0.9585	0.5678
1054	0.508	0.3446	1.07	0.5938	0.9491	0.5654
1055	0.5082	0.3445	1.072	0.5964	0.9495	0.5654
1056	0.5091	0.3453	1.0764	0.5979	0.951	0.5647
1057	0.508	0.3452	1.0768	0.5965	0.9529	0.5649
1058	0.5078	0.344	1.0728	0.5953	0.9505	0.5656
1059	0.508	0.3442	1.0761	0.5972	0.9534	0.5652
1060	0.5073	0.344	1.0695	0.594	0.9485	0.5656
1061	0.5093	0.3454	1.0763	0.598	0.953	0.5658
1062	0.5089	0.3455	1.0768	0.5977	0.9518	0.565
1063	0.5073	0.3439	1.0754	0.5977	0.9537	0.5673
1064	0.5089	0.3464	1.0786	0.6009	0.9543	0.568
1065	0.5064	0.3439	1.0698	0.594	0.9421	0.5632
1066	0.5081	0.3458	1.0809	0.599	0.9562	0.5674
1067	0.5102	0.3463	1.0817	0.6005	0.9565	0.5672
1068	0.5086	0.3472	1.0776	0.6004	0.9524	0.5679
1069	0.5102	0.3468	1.0763	0.5995	0.9515	0.5659
1070	0.5074	0.3438	1.0738	0.5973	0.9552	0.5667
1071	0.511	0.3494	1.07	0.5964	0.9538	0.5705
1072	0.5084	0.3446	1.0771	0.5979	0.9554	0.5652
1073	0.5064	0.343	1.0719	0.5952	0.9481	0.5639
1074	0.5071	0.3441	1.0776	0.5976	0.9565	0.5673
1075	0.5074	0.3442	1.0791	0.599	0.959	0.5684
1076	0.5067	0.3436	1.0759	0.5985	0.9569	0.5688
1077	0.5071	0.345	1.0721	0.5961	0.9531	0.569
1078	0.5046	0.3413	1.0715	0.594	0.9498	0.5644
1079	0.507	0.3432	1.0704	0.5982	0.9491	0.565
1080	0.5091	0.3455	1.0745	0.6014	0.9568	0.568
1081	0.5062	0.3442	1.0679	0.594	0.9497	0.5656
1082	0.5048	0.3421	1.068	0.5945	0.9514	0.5653
1083	0.5046	0.3417	1.0718	0.5967	0.9551	0.5658
1084	0.5047	0.3416	1.0709	0.5966	0.9515	0.5645
1085	0.5063	0.3439	1.0765	0.6004	0.954	0.5643
1086	0.5056	0.3427	1.0718	0.5978	0.9484	0.5634
1087	0.5052	0.3432	1.0799	0.5986	0.9565	0.5639
1088	0.5058	0.3427	1.0739	0.5963	0.9544	0.565
1089	0.5079	0.3455	1.0683	0.5965	0.9532	0.5678
1090	0.5069	0.3437	1.0675	0.5967	0.9515	0.5664
1091	0.5059	0.3421	1.0737	0.5959	0.9536	0.5636
1092	0.5059	0.3424	1.0747	0.5978	0.9519	0.5645
1093	0.5059	0.3427	1.0774	0.5981	0.9598	0.5695
1094	0.5044	0.3423	1.0754	0.5965	0.9582	0.5688
1095	0.5036	0.3415	1.071	0.5966	0.9496	0.5655
1096	0.5123	0.3491	1.0798	0.6045	0.9569	0.5697
1097	0.5086	0.3453	1.0789	0.6015	0.9551	0.568
1098	0.5036	0.3416	1.0738	0.5941	0.9497	0.5649
1099	0.5062	0.3446	1.0807	0.6006	0.9612	0.5713
1100	0.5114	0.3494	1.0831	0.6075	0.9631	0.5722
1101	0.5062	0.3439	1.08	0.6004	0.9571	0.5652
1102	0.5081	0.3471	1.0699	0.5966	0.9512	0.5683
1103	0.5025	0.3402	1.0733	0.5952	0.9492	0.5617
1104	0.5074	0.3444	1.0801	0.6008	0.9557	0.5639
1105	0.5024	0.3406	1.0738	0.5956	0.9514	0.564
1106	0.5053	0.344	1.0801	0.6005	0.9586	0.5691
1107	0.5072	0.3445	1.0776	0.6026	0.9534	0.5661
1108	0.5051	0.3417	1.0711	0.5998	0.9502	0.5659
1109	0.5046	0.3436	1.0738	0.6002	0.954	0.5682
1110	0.5015	0.3395	1.0733	0.5964	0.9503	0.5638
1111	0.5059	0.3435	1.0763	0.6024	0.9555	0.5661
1112	0.5036	0.343	1.0692	0.5966	0.9516	0.5658
1113	0.504	0.3423	1.074	0.5989	0.957	0.5652
1114	0.5079	0.3457	1.0708	0.6016	0.9527	0.5666
1115	0.5035	0.341	1.0699	0.5975	0.9518	0.5641
1116	0.5017	0.3394	1.0682	0.596	0.9523	0.5648
1117	0.5019	0.3398	1.0703	0.5958	0.9535	0.5665
1118	0.5088	0.345	1.0794	0.6015	0.9631	0.5682
1119	0.5028	0.3402	1.0658	0.5954	0.9512	0.5658
1120	0.503	0.3416	1.0669	0.5957	0.9495	0.564
1121	0.5045	0.3418	1.0712	0.5967	0.9538	0.5635
1122	0.5025	0.3403	1.0713	0.5968	0.9567	0.5649
1123	0.504	0.3449	1.0698	0.5976	0.9542	0.568
1124	0.5012	0.3403	1.0705	0.5957	0.9552	0.5653
1125	0.5037	0.3417	1.0691	0.5985	0.9537	0.566
1126	0.5054	0.3431	1.0728	0.5994	0.9524	0.565
1127	0.5049	0.3451	1.0649	0.5954	0.9496	0.5689
1128	0.5027	0.3414	1.0735	0.5999	0.9585	0.5683
1129	0.5101	0.349	1.0756	0.6056	0.9581	0.572
1130	0.5032	0.3422	1.0711	0.599	0.9541	0.5683
1131	0.5011	0.3392	1.0725	0.5974	0.9535	0.5653
1132	0.5008	0.3392	1.076	0.5976	0.9554	0.565
1133	0.5052	0.3441	1.0748	0.6003	0.9495	0.5654
1134	0.5009	0.3403	1.0762	0.5965	0.9542	0.5654
1135	0.5037	0.3438	1.0794	0.598	0.9587	0.5683
1136	0.5052	0.3429	1.0789	0.6014	0.9588	0.5673
1137	0.5023	0.3415	1.0682	0.5977	0.9477	0.5644
1138	0.5006	0.3402	1.0715	0.5986	0.9498	0.5646
1139	0.5002	0.3385	1.075	0.5982	0.9525	0.5646
1140	0.5003	0.3384	1.0774	0.5991	0.9541	0.564
1141	0.4991	0.3381	1.0732	0.5967	0.9494	0.5626
1142	0.5025	0.3411	1.0827	0.602	0.958	0.5643
1143	0.5035	0.3421	1.078	0.6032	0.9539	0.5661
1144	0.501	0.3395	1.0816	0.6018	0.9565	0.564
1145	0.504	0.344	1.0771	0.6006	0.9587	0.5693
1146	0.499	0.338	1.0709	0.5929	0.9528	0.5643
1147	0.5035	0.3423	1.0742	0.5973	0.9549	0.5647
1148	0.5023	0.3416	1.068	0.5971	0.9495	0.5641
1149	0.5046	0.3439	1.0745	0.601	0.9573	0.5667
1150	0.4996	0.339	1.0667	0.5959	0.9499	0.565
1151	0.5034	0.3453	1.0692	0.5981	0.9538	0.5692
1152	0.5024	0.3408	1.07	0.5986	0.9563	0.5674
1153	0.5041	0.3429	1.0783	0.6012	0.9578	0.5664
1154	0.4998	0.3399	1.0646	0.593	0.9415	0.5629
1155	0.502	0.3429	1.0718	0.6	0.9505	0.5678
1156	0.4994	0.3383	1.0757	0.5989	0.9554	0.5664
1157	0.5065	0.3453	1.0804	0.6063	0.9581	0.5693
1158	0.4994	0.3382	1.0735	0.5993	0.9532	0.5659
1159	0.4987	0.3373	1.0693	0.5954	0.9538	0.5666
1160	0.4991	0.3381	1.0757	0.596	0.9573	0.5646
1161	0.5059	0.3444	1.0792	0.6039	0.9618	0.5686
1162	0.4985	0.3378	1.0731	0.597	0.9512	0.5628
1163	0.5002	0.3405	1.0702	0.5968	0.95	0.5656
1164	0.4988	0.3386	1.0732	0.5968	0.952	0.564
1165	0.4979	0.3369	1.0721	0.595	0.9515	0.5635
1166	0.4982	0.3369	1.0741	0.5965	0.9535	0.5639
1167	0.5008	0.3391	1.0769	0.599	0.9555	0.5643
1168	0.4975	0.3368	1.0713	0.5953	0.952	0.5649
1169	0.5116	0.3497	1.0779	0.6078	0.9583	0.5718
1170	0.5042	0.342	1.0742	0.6015	0.9544	0.5668
1171	0.5053	0.3469	1.0696	0.5981	0.9516	0.5696
1172	0.4989	0.338	1.0759	0.5996	0.9583	0.5658
1173	0.5003	0.3387	1.0702	0.5982	0.952	0.5637
1174	0.4974	0.3366	1.0642	0.595	0.9489	0.5627
1175	0.5036	0.3447	1.0616	0.5972	0.9478	0.5699
1176	0.4985	0.3395	1.0678	0.5988	0.9504	0.5645
1177	0.498	0.3372	1.0733	0.5987	0.957	0.5643
1178	0.5059	0.345	1.0813	0.6054	0.9635	0.569
1179	0.4973	0.3372	1.0745	0.5982	0.9526	0.5646
1180	0.4982	0.3385	1.0752	0.5975	0.9574	0.5678
1181	0.4965	0.3363	1.0717	0.597	0.9525	0.5656
1182	0.5014	0.3405	1.0732	0.6007	0.9541	0.5651
1183	0.5014	0.3406	1.0728	0.6008	0.9567	0.5661
1184	0.4998	0.3415	1.0666	0.5993	0.9491	0.568
1185	0.4966	0.3373	1.0663	0.5982	0.9475	0.5648
1186	0.4972	0.3363	1.0703	0.597	0.9523	0.5632
1187	0.4965	0.3355	1.0721	0.5966	0.9536	0.563
1188	0.4954	0.335	1.0712	0.5957	0.9532	0.5648
1189	0.4988	0.3396	1.0748	0.6018	0.9578	0.5698
1190	0.5006	0.34	1.0801	0.6042	0.9596	0.5669
1191	0.4968	0.3364	1.0762	0.601	0.9567	0.5646
1192	0.4973	0.3383	1.0681	0.5975	0.9538	0.5678
1193	0.4964	0.3369	1.0673	0.5963	0.9535	0.567
1194	0.4983	0.3384	1.0698	0.5973	0.9538	0.5652
1195	0.4963	0.3364	1.0731	0.5983	0.9531	0.5642
1196	0.496	0.3363	1.0773	0.6001	0.9557	0.5656
1197	0.4984	0.3409	1.0735	0.5982	0.9509	0.5675
1198	0.4956	0.3357	1.0715	0.5956	0.9473	0.5631
1199	0.4963	0.3361	1.0752	0.5989	0.9556	0.5654
1200	0.4968	0.3365	1.0734	0.5999	0.9544	0.5649
1201	0.4947	0.3355	1.0746	0.5988	0.9541	0.5637
1202	0.503	0.3461	1.0713	0.6007	0.9542	0.5707
1203	0.4986	0.34	1.0704	0.5994	0.9565	0.5697
1204	0.5094	0.3486	1.079	0.6086	0.9598	0.5703
1205	0.5129	0.3511	1.0821	0.6108	0.9642	0.5725
1206	0.4968	0.3373	1.0672	0.5961	0.9523	0.5674
1207	0.4958	0.3368	1.0667	0.5967	0.9485	0.566
1208	0.5009	0.3411	1.0752	0.6027	0.9569	0.5656
1209	0.5	0.34	1.071	0.6015	0.959	0.5671
1210	0.4972	0.3382	1.0661	0.5976	0.9532	0.567
1211	0.4944	0.3356	1.0751	0.598	0.9544	0.5622
1212	0.4988	0.339	1.0824	0.6034	0.9629	0.5658
1213	0.4989	0.3391	1.0706	0.5993	0.9561	0.5653
1214	0.4956	0.3371	1.0612	0.5922	0.9475	0.5639
1215	0.4949	0.3356	1.068	0.5954	0.9551	0.565
1216	0.4951	0.3351	1.074	0.5978	0.9601	0.5647
1217	0.4951	0.3352	1.0734	0.5983	0.9558	0.5632
1218	0.4945	0.3354	1.0747	0.5971	0.9576	0.5632
1219	0.494	0.3353	1.0685	0.5946	0.9502	0.5639
1220	0.4968	0.3368	1.075	0.6003	0.9565	0.5646
1221	0.4966	0.3369	1.0749	0.6011	0.9545	0.564
1222	0.4945	0.3362	1.0735	0.5962	0.9532	0.5644
1223	0.4938	0.334	1.073	0.5959	0.9529	0.5626
1224	0.4932	0.334	1.0703	0.5963	0.9494	0.5622
1225	0.4921	0.3323	1.0646	0.5936	0.9445	0.5601
1226	0.4966	0.3361	1.0715	0.5991	0.9551	0.5634
1227	0.494	0.334	1.0691	0.5979	0.9505	0.5623
1228	0.4947	0.3363	1.0766	0.6022	0.9548	0.5644
1229	0.4945	0.3358	1.0731	0.5973	0.9537	0.5652
1230	0.4951	0.3369	1.0765	0.6004	0.9587	0.5666
1231	0.4939	0.3349	1.0646	0.5965	0.9517	0.5643
1232	0.4977	0.3382	1.0722	0.6007	0.9571	0.5651
1233	0.4962	0.3367	1.0704	0.5999	0.9561	0.5661
1234	0.4951	0.3368	1.0649	0.5961	0.9494	0.5649
1235	0.4945	0.3354	1.0786	0.6011	0.9585	0.5637
1236	0.4924	0.3331	1.0728	0.5995	0.9528	0.5631
1237	0.4928	0.3348	1.0753	0.5991	0.9549	0.5642
1238	0.4938	0.3349	1.069	0.599	0.9488	0.5632
1239	0.494	0.3346	1.0748	0.5999	0.9566	0.5631
1240	0.4924	0.3333	1.0629	0.5932	0.9487	0.5635
1241	0.4922	0.3331	1.0613	0.5927	0.9461	0.564
1242	0.493	0.3336	1.0727	0.5998	0.9541	0.5641
1243	0.496	0.337	1.0752	0.6027	0.9546	0.5654
1244	0.4935	0.3343	1.0761	0.6003	0.9589	0.5659
1245	0.4943	0.3367	1.0727	0.5998	0.9567	0.5684
1246	0.4928	0.3347	1.07	0.5988	0.9519	0.5657
1247	0.4971	0.3381	1.0762	0.6036	0.958	0.5665
1248	0.4929	0.3344	1.0723	0.5981	0.956	0.5656
1249	0.4913	0.3333	1.0701	0.5974	0.9538	0.5642
1250	0.4954	0.3384	1.0713	0.6	0.9589	0.5699
1251	0.491	0.3326	1.0639	0.5943	0.9493	0.5629
1252	0.4973	0.3383	1.0723	0.6022	0.9575	0.5652
1253	0.4935	0.3339	1.0652	0.5976	0.9504	0.5644
1254	0.4924	0.3341	1.0721	0.5991	0.9542	0.5638
1255	0.4904	0.3318	1.0644	0.592	0.9463	0.5618
1256	0.4905	0.3327	1.0634	0.5927	0.9461	0.5618
1257	0.4979	0.3385	1.0706	0.601	0.9578	0.5663
1258	0.4925	0.3331	1.065	0.5964	0.9509	0.562
1259	0.4913	0.3328	1.0646	0.5973	0.9491	0.5615
1260	0.4914	0.3337	1.0658	0.5981	0.9519	0.5643
1261	0.4919	0.3345	1.0665	0.5968	0.9533	0.5658
1262	0.4925	0.3337	1.0762	0.6013	0.9586	0.5642
1263	0.499	0.3408	1.0753	0.6058	0.9559	0.5664
1264	0.4949	0.3353	1.0703	0.6007	0.962	0.5663
1265	0.4967	0.341	1.059	0.5956	0.9509	0.5687
1266	0.4919	0.3334	1.0649	0.5971	0.9513	0.5628
1267	0.4968	0.3385	1.0748	0.6019	0.9638	0.5675
1268	0.4922	0.3336	1.073	0.5981	0.9597	0.5652
1269	0.4941	0.3373	1.068	0.5976	0.9519	0.5666
1270	0.4914	0.3328	1.0777	0.5989	0.9596	0.5624
1271	0.4902	0.3321	1.076	0.5969	0.9586	0.562
1272	0.4924	0.3342	1.0713	0.6002	0.9544	0.5636
1273	0.4907	0.332	1.0703	0.5972	0.9553	0.5625
1274	0.4894	0.3309	1.0656	0.5925	0.947	0.5615
1275	0.4925	0.3338	1.0711	0.6	0.955	0.5663
1276	0.4895	0.3322	1.0709	0.5972	0.95	0.5622
1277	0.4943	0.3362	1.0776	0.6006	0.9611	0.565
1278	0.4927	0.3346	1.0767	0.5972	0.9627	0.5641
1279	0.489	0.3321	1.0682	0.592	0.9527	0.5617
1280	0.4909	0.3334	1.0642	0.5932	0.952	0.5639
1281	0.491	0.3326	1.0664	0.5951	0.957	0.5646
1282	0.4912	0.3329	1.0705	0.5989	0.9593	0.5644
1283	0.4902	0.3322	1.0664	0.5978	0.9529	0.5638
1284	0.4893	0.3324	1.0679	0.5956	0.955	0.5632
1285	0.491	0.3329	1.0678	0.599	0.9557	0.5654
1286	0.4903	0.3325	1.0674	0.5979	0.953	0.565
1287	0.4899	0.3339	1.0688	0.5969	0.9443	0.5595
1288	0.4901	0.3327	1.0679	0.6001	0.9495	0.5625
1289	0.4898	0.3323	1.0702	0.5997	0.956	0.5647
1290	0.4899	0.333	1.0651	0.597	0.9513	0.5643
1291	0.4895	0.3322	1.0656	0.5986	0.9528	0.5655
1292	0.4893	0.3315	1.0657	0.6	0.9527	0.5655
1293	0.4907	0.333	1.0699	0.602	0.9567	0.5663
1294	0.4892	0.3319	1.0713	0.6007	0.9527	0.5641
1295	0.4899	0.333	1.0751	0.6014	0.9533	0.5627
1296	0.4876	0.3303	1.0647	0.5955	0.9474	0.5621
1297	0.4894	0.3322	1.0688	0.5974	0.9534	0.5634
1298	0.4894	0.3332	1.0628	0.5926	0.9469	0.5651
1299	0.4923	0.3375	1.0767	0.6007	0.9546	0.568
1300	0.4921	0.3351	1.0754	0.6021	0.9511	0.5621
1301	0.4892	0.3317	1.0685	0.5981	0.9496	0.5615
1302	0.4885	0.3317	1.0703	0.598	0.9527	0.5641
1303	0.4901	0.3347	1.0764	0.6001	0.9567	0.5662
1304	0.4879	0.3316	1.0725	0.5984	0.9512	0.5634
1305	0.4875	0.3299	1.0716	0.5997	0.9538	0.5645
1306	0.4887	0.3313	1.0705	0.6017	0.9537	0.5632
1307	0.4959	0.3382	1.0715	0.6045	0.9536	0.5648
1308	0.4887	0.3315	1.067	0.5976	0.951	0.5614
1309	0.4934	0.3389	1.0671	0.5995	0.9531	0.5705
1310	0.4862	0.3296	1.0719	0.5976	0.9553	0.5635
1311	0.4942	0.3369	1.074	0.6046	0.9589	0.5676
1312	0.4923	0.335	1.0723	0.6032	0.9583	0.5655
1313	0.4877	0.3301	1.0769	0.6001	0.9597	0.5617
1314	0.488	0.3311	1.0728	0.598	0.9588	0.5645
1315	0.487	0.3299	1.0654	0.5962	0.9557	0.5645
1316	0.4912	0.3344	1.0698	0.6002	0.9554	0.5636
1317	0.4891	0.3321	1.0669	0.6009	0.9528	0.5642
1318	0.4863	0.3294	1.0676	0.5996	0.9539	0.5641
1319	0.4867	0.3298	1.0663	0.5958	0.9548	0.5645
1320	0.4873	0.3304	1.064	0.5976	0.9531	0.5645
1321	0.4857	0.3286	1.0649	0.5954	0.9538	0.5642
1322	0.4868	0.3299	1.073	0.5999	0.9568	0.5631
1323	0.4875	0.3308	1.0679	0.5987	0.9487	0.562
1324	0.4877	0.3308	1.0729	0.6009	0.9546	0.5637
1325	0.4898	0.3332	1.0751	0.602	0.9541	0.564
1326	0.4857	0.3293	1.0695	0.5981	0.9529	0.5663
1327	0.4868	0.3297	1.0739	0.5991	0.9587	0.5661
1328	0.4874	0.332	1.0681	0.597	0.9516	0.5668
1329	0.4864	0.3295	1.071	0.5996	0.9557	0.5662
1330	0.4857	0.329	1.0717	0.5985	0.9527	0.5632
1331	0.4873	0.331	1.0747	0.6003	0.9561	0.5647
1332	0.4888	0.3319	1.0758	0.601	0.9573	0.5653
1333	0.4855	0.3289	1.0718	0.5961	0.9513	0.5627
1334	0.4888	0.3344	1.0759	0.6	0.9548	0.5692
1335	0.4844	0.3283	1.0727	0.5992	0.9474	0.5631
1336	0.4898	0.3336	1.0827	0.6072	0.9583	0.5672
1337	0.4855	0.3288	1.0747	0.5993	0.9487	0.5633
1338	0.4965	0.3397	1.0793	0.6081	0.9579	0.5685
1339	0.4861	0.3304	1.0677	0.5975	0.9515	0.5668
1340	0.4855	0.3296	1.072	0.6006	0.9575	0.5673
1341	0.4872	0.3315	1.074	0.6028	0.9541	0.5654
1342	0.4886	0.3324	1.0804	0.6042	0.9596	0.5648
1343	0.485	0.3286	1.0747	0.5993	0.9604	0.5669
1344	0.4857	0.3309	1.0705	0.5974	0.9571	0.5674
1345	0.4916	0.3358	1.0734	0.6062	0.9598	0.5688
1346	0.4898	0.3335	1.0738	0.6042	0.9594	0.5666
1347	0.485	0.3285	1.0711	0.5998	0.9609	0.5675
1348	0.4851	0.3299	1.0693	0.5972	0.9557	0.5656
1349	0.4864	0.3311	1.0684	0.5987	0.9584	0.5679
1350	0.4849	0.3288	1.0657	0.5975	0.9573	0.5658
1351	0.4886	0.3326	1.067	0.6008	0.9511	0.5643
1352	0.4837	0.328	1.0685	0.5958	0.9496	0.5618
1353	0.4875	0.3331	1.076	0.6034	0.9586	0.5695
1354	0.483	0.3277	1.0742	0.6004	0.9528	0.5632
1355	0.4882	0.3319	1.0815	0.6061	0.9613	0.5658
1356	0.489	0.3326	1.0727	0.6059	0.9578	0.5687
1357	0.4977	0.3404	1.0778	0.609	0.9638	0.5687
1358	0.4837	0.3276	1.0705	0.5973	0.9529	0.5619
1359	0.4847	0.3288	1.0723	0.5958	0.9589	0.5652
1360	0.4878	0.3313	1.0757	0.5997	0.9625	0.5658
1361	0.4837	0.3281	1.0737	0.5996	0.9566	0.564
1362	0.4844	0.3289	1.0736	0.6009	0.9543	0.5636
1363	0.493	0.3374	1.0812	0.6062	0.9632	0.5673
1364	0.4824	0.3267	1.0696	0.5967	0.9506	0.5616
1365	0.4829	0.3276	1.0713	0.5985	0.953	0.5626
1366	0.4825	0.3269	1.0664	0.5954	0.9524	0.564
1367	0.4859	0.3311	1.0723	0.5987	0.9617	0.5688
1368	0.4835	0.3277	1.0682	0.5969	0.9529	0.5621
1369	0.4842	0.3283	1.0729	0.5982	0.9565	0.563
1370	0.484	0.3277	1.076	0.5974	0.9628	0.5646
1371	0.4833	0.327	1.0721	0.5982	0.9597	0.5641
1372	0.4844	0.3281	1.0687	0.5993	0.9568	0.5647
1373	0.4826	0.3274	1.0658	0.5972	0.954	0.5643
1374	0.4825	0.3267	1.0696	0.5982	0.9567	0.5643
1375	0.4835	0.3281	1.0746	0.5992	0.9591	0.5631
1376	0.4836	0.3279	1.071	0.599	0.9561	0.5639
1377	0.4827	0.3276	1.0705	0.5978	0.9557	0.5656
1378	0.4828	0.329	1.0708	0.5966	0.9503	0.5626
1379	0.4828	0.3272	1.0634	0.596	0.949	0.5656
1380	0.4954	0.3396	1.0823	0.6091	0.9662	0.5704
1381	0.4816	0.3262	1.0715	0.5968	0.9543	0.5637
1382	0.4848	0.3308	1.0735	0.601	0.9534	0.5635
1383	0.4844	0.329	1.0656	0.5999	0.9482	0.5614
1384	0.4877	0.332	1.0699	0.6028	0.9553	0.5628
1385	0.4824	0.327	1.0738	0.5997	0.9585	0.563
1386	0.482	0.3272	1.0757	0.5997	0.9551	0.5627
1387	0.4809	0.326	1.07	0.5961	0.9493	0.5615
1388	0.4844	0.3303	1.0692	0.5998	0.9556	0.5676
1389	0.4812	0.3252	1.0659	0.5968	0.9554	0.5639
1390	0.4877	0.3311	1.0726	0.602	0.9611	0.5666
1391	0.4826	0.3265	1.0707	0.6006	0.9575	0.5645
1392	0.4833	0.328	1.0691	0.6029	0.9537	0.5646
1393	0.4827	0.3284	1.0695	0.6037	0.955	0.5657
1394	0.4816	0.3265	1.07	0.6016	0.9582	0.5674
1395	0.4859	0.3322	1.0688	0.5989	0.9586	0.5699
1396	0.4844	0.3287	1.0606	0.5968	0.9518	0.5654
1397	0.4837	0.3287	1.0618	0.5978	0.9496	0.5628
1398	0.4821	0.3275	1.0638	0.5999	0.9512	0.5629
1399	0.4805	0.326	1.0663	0.5979	0.9549	0.5642
1400	0.4814	0.3266	1.0713	0.6004	0.9583	0.5648
1401	0.4825	0.3272	1.0696	0.6018	0.956	0.5667
1402	0.4813	0.3269	1.0664	0.5972	0.9495	0.5649
1403	0.4821	0.3273	1.0716	0.598	0.9611	0.5683
1404	0.4804	0.3267	1.0694	0.5967	0.9527	0.565
1405	0.4814	0.328	1.0696	0.5987	0.9535	0.5664
1406	0.486	0.3319	1.0782	0.6083	0.965	0.5691
1407	0.4929	0.3383	1.0795	0.6109	0.9661	0.5704
1408	0.4812	0.3265	1.0648	0.5979	0.9506	0.5653
1409	0.4842	0.3295	1.0745	0.6032	0.9626	0.5677
1410	0.4793	0.3251	1.0654	0.5969	0.9504	0.5633
1411	0.4888	0.3344	1.0733	0.6054	0.9592	0.5669
1412	0.4864	0.3312	1.0662	0.6006	0.9563	0.5662
1413	0.4796	0.3259	1.0619	0.5948	0.9484	0.5624
1414	0.4807	0.3261	1.0715	0.6014	0.9576	0.5648
1415	0.4864	0.331	1.0743	0.6033	0.9577	0.5661
1416	0.4818	0.3269	1.0796	0.6017	0.9626	0.5648
1417	0.4802	0.3256	1.0698	0.5981	0.9526	0.5627
1418	0.4791	0.3252	1.0749	0.5989	0.954	0.5607
1419	0.48	0.3261	1.0722	0.5984	0.9564	0.5645
1420	0.4807	0.3267	1.0686	0.5975	0.9556	0.5659
1421	0.479	0.3245	1.0653	0.5966	0.9519	0.5625
1422	0.4815	0.3262	1.0717	0.6008	0.9565	0.5639
1423	0.4849	0.3298	1.0697	0.603	0.9539	0.5664
1424	0.4803	0.3259	1.0661	0.6005	0.9532	0.5654
1425	0.4806	0.326	1.0669	0.6005	0.9534	0.5647
1426	0.4789	0.325	1.0654	0.5967	0.9484	0.5632
1427	0.4793	0.3253	1.0699	0.5986	0.9517	0.562
1428	0.478	0.3241	1.0679	0.5975	0.9516	0.562
1429	0.4776	0.3233	1.0681	0.5985	0.9508	0.5609
1430	0.4841	0.3295	1.0719	0.6039	0.9578	0.5647
1431	0.4818	0.3276	1.069	0.601	0.9536	0.5633
1432	0.4802	0.3266	1.0713	0.5999	0.9568	0.5634
1433	0.4809	0.3284	1.0596	0.5964	0.9475	0.5659
1434	0.4808	0.3262	1.0601	0.5961	0.9479	0.5629
1435	0.4821	0.3267	1.0675	0.5984	0.9525	0.5627
1436	0.4833	0.3289	1.0763	0.6033	0.9593	0.5637
1437	0.4792	0.3254	1.0661	0.5996	0.9523	0.5646
1438	0.4787	0.325	1.0678	0.5982	0.9512	0.5622
1439	0.4818	0.3278	1.0815	0.6061	0.9615	0.5651
1440	0.4798	0.3255	1.0707	0.5997	0.9522	0.5634
1441	0.4783	0.3249	1.0717	0.5978	0.9542	0.5629
1442	0.477	0.3235	1.067	0.5937	0.9484	0.5608
1443	0.4815	0.3282	1.0669	0.5986	0.9514	0.5679
1444	0.4786	0.3256	1.0714	0.5994	0.9552	0.5637
1445	0.4781	0.3247	1.0634	0.596	0.9477	0.5611
1446	0.48	0.3258	1.0635	0.5983	0.9536	0.564
1447	0.4776	0.3239	1.0707	0.5974	0.96	0.5628
1448	0.4779	0.3247	1.0699	0.5971	0.9604	0.5651
1449	0.4782	0.3242	1.0727	0.5992	0.9595	0.5639
1450	0.4793	0.3253	1.0707	0.5992	0.9545	0.5624
1451	0.478	0.3235	1.07	0.5971	0.9555	0.5619
1452	0.479	0.3256	1.0716	0.6029	0.9587	0.5666
1453	0.4764	0.3226	1.066	0.5976	0.9529	0.5625
1454	0.4774	0.3233	1.0662	0.599	0.9554	0.5638
1455	0.4797	0.3268	1.0662	0.5987	0.9548	0.5664
1456	0.4805	0.3286	1.0656	0.6017	0.9558	0.5679
1457	0.48	0.3266	1.0594	0.5989	0.9523	0.5674
1458	0.4957	0.3414	1.0773	0.6097	0.9632	0.5694
1459	0.4855	0.3312	1.0783	0.6066	0.9631	0.5656
1460	0.4768	0.3233	1.0663	0.5979	0.9524	0.5622
1461	0.477	0.324	1.0631	0.5978	0.9489	0.562
1462	0.4769	0.3221	1.0634	0.5973	0.9549	0.563
1463	0.4922	0.338	1.0682	0.6067	0.9615	0.5697
1464	0.4838	0.3297	1.0668	0.6004	0.9546	0.5636
1465	0.4785	0.3261	1.0646	0.5961	0.954	0.5643
1466	0.4785	0.3267	1.0659	0.6003	0.9554	0.5668
1467	0.4753	0.3223	1.0643	0.5975	0.9516	0.5623
1468	0.4778	0.3241	1.0692	0.5991	0.9591	0.5638
1469	0.4778	0.3246	1.0701	0.5999	0.9607	0.5644
1470	0.4774	0.325	1.0651	0.5972	0.9525	0.5649
1471	0.4771	0.3246	1.0666	0.5998	0.952	0.5621
1472	0.4787	0.3255	1.0667	0.6002	0.9524	0.5616
1473	0.476	0.3226	1.0668	0.5973	0.9504	0.56
1474	0.4747	0.3219	1.0662	0.5984	0.9464	0.5583
1475	0.4745	0.3217	1.0678	0.5991	0.952	0.5626
1476	0.4796	0.3265	1.0704	0.6031	0.9585	0.5663
1477	0.4752	0.3224	1.0634	0.5994	0.9497	0.5627
1478	0.4755	0.3224	1.0659	0.5967	0.9535	0.5635
1479	0.4747	0.3214	1.0698	0.5988	0.9551	0.5625
1480	0.4751	0.3216	1.0728	0.6014	0.9547	0.5624
1481	0.4796	0.326	1.0731	0.6042	0.9556	0.5641
1482	0.477	0.3234	1.0696	0.6028	0.954	0.5641
1483	0.4753	0.3226	1.063	0.5996	0.9488	0.5632
1484	0.475	0.3225	1.062	0.5975	0.9459	0.561
1485	0.4829	0.3303	1.0777	0.6068	0.962	0.5662
1486	0.4758	0.3242	1.0712	0.6012	0.9518	0.5651
1487	0.4761	0.324	1.07	0.6013	0.9505	0.5648
1488	0.4751	0.322	1.0701	0.6007	0.9525	0.5629
1489	0.4737	0.3208	1.0654	0.5993	0.946	0.5618
1490	0.4775	0.3249	1.0716	0.6038	0.9512	0.5626
1491	0.4785	0.3251	1.0698	0.6022	0.9533	0.5648
1492	0.4744	0.3219	1.0718	0.6001	0.9524	0.5618
1493	0.4763	0.3247	1.0651	0.5976	0.9445	0.5611
1494	0.475	0.322	1.0665	0.5998	0.9456	0.559
1495	0.4876	0.3353	1.0699	0.6112	0.9503	0.5669
1496	0.4766	0.3239	1.065	0.6007	0.9446	0.5593
1497	0.4755	0.3239	1.0643	0.5987	0.9483	0.5637
1498	0.4742	0.3215	1.069	0.597	0.9529	0.561
1499	0.4759	0.3222	1.0709	0.599	0.9564	0.5632
