epoch:	train_RMSD:	train_MAE:	val_RMSD:	val_MAE:	test_RMSD:	test_MAE:
0	6.2999	5.6691	6.4547	5.8522	6.4243	5.8014
1	4.4906	3.6911	4.6325	3.8569	4.5703	3.79
2	4.3854	3.5019	4.352	3.4478	4.2814	3.452
3	3.4819	2.782	3.556	2.8567	3.4896	2.8143
4	3.2447	2.6156	3.3114	2.6816	3.2456	2.6616
5	3.0721	2.48	3.0935	2.4856	3.0158	2.4827
6	3.0418	2.4891	3.081	2.5027	2.994	2.498
7	2.9984	2.4457	3.0346	2.458	2.9472	2.4526
8	2.9147	2.3427	2.9355	2.3451	2.849	2.3403
9	2.7556	2.1966	2.7766	2.2036	2.6937	2.2058
10	2.544	1.9904	2.5545	1.9864	2.4816	1.987
11	2.4192	1.8298	2.4089	1.8055	2.3542	1.8051
12	2.3862	1.804	2.3731	1.7834	2.3355	1.7793
13	2.3741	1.7896	2.3561	1.7635	2.3237	1.7632
14	2.3625	1.7748	2.3424	1.7484	2.3047	1.7458
15	2.3502	1.7853	2.3388	1.7656	2.2937	1.7604
16	2.3419	1.7873	2.3389	1.7716	2.2889	1.7656
17	2.3293	1.7737	2.3299	1.7597	2.2748	1.7529
18	2.3293	1.722	2.311	1.6984	2.2579	1.6961
19	2.2975	1.7283	2.2921	1.7114	2.2349	1.708
20	2.288	1.7508	2.2976	1.7428	2.2361	1.7376
21	2.2635	1.7214	2.2756	1.714	2.2088	1.7118
22	2.2423	1.6758	2.2513	1.665	2.1792	1.6628
23	2.2226	1.6506	2.2374	1.6417	2.1578	1.6371
24	2.1839	1.6321	2.207	1.6322	2.1226	1.6245
25	2.1463	1.5911	2.1713	1.5904	2.0821	1.5782
26	2.1025	1.5457	2.127	1.5417	2.0342	1.5262
27	2.0546	1.5263	2.0822	1.5294	1.9899	1.5087
28	2.0127	1.4917	2.0256	1.4817	1.9452	1.4655
29	1.9745	1.4502	1.9685	1.423	1.9026	1.419
30	1.9699	1.4423	1.9573	1.4157	1.8963	1.4166
31	1.9186	1.3963	1.8857	1.3547	1.8499	1.3712
32	1.8898	1.416	1.8712	1.3997	1.8354	1.3905
33	1.8632	1.4109	1.8547	1.3967	1.8156	1.3924
34	1.8401	1.352	1.7947	1.299	1.7816	1.3291
35	1.7781	1.3357	1.7556	1.3112	1.7362	1.3171
36	1.7359	1.2855	1.704	1.2421	1.6827	1.2618
37	1.6922	1.2628	1.6662	1.2244	1.6517	1.2418
38	1.6712	1.2486	1.6547	1.2147	1.6299	1.2266
39	1.637	1.2301	1.6267	1.2032	1.6084	1.2161
40	1.6667	1.2354	1.6449	1.1823	1.6193	1.2139
41	1.6016	1.2072	1.5978	1.1855	1.577	1.1954
42	1.5994	1.2076	1.5907	1.184	1.5821	1.1984
43	1.5536	1.1588	1.5527	1.127	1.5258	1.1471
44	1.6107	1.2319	1.6265	1.2372	1.6097	1.234
45	1.543	1.1581	1.541	1.137	1.5207	1.1479
46	1.5437	1.1421	1.5448	1.1153	1.5144	1.1332
47	1.5234	1.1461	1.5332	1.1289	1.5172	1.1447
48	1.509	1.1198	1.5188	1.1	1.4877	1.1129
49	1.49	1.1128	1.5077	1.1	1.4779	1.1094
50	1.481	1.1039	1.498	1.0885	1.4709	1.1016
51	1.4809	1.1097	1.5059	1.1034	1.4762	1.1101
52	1.5232	1.1219	1.5437	1.1043	1.493	1.1186
53	1.5252	1.1218	1.5433	1.1059	1.4979	1.119
54	1.4775	1.1066	1.5075	1.1045	1.4791	1.111
55	1.4578	1.0876	1.4933	1.0871	1.4569	1.0903
56	1.4426	1.0632	1.4811	1.0615	1.4264	1.0611
57	1.4457	1.0799	1.4859	1.0877	1.4464	1.0831
58	1.4249	1.0531	1.4719	1.0558	1.4199	1.0548
59	1.4789	1.1119	1.514	1.116	1.4843	1.1159
60	1.4326	1.0668	1.479	1.0779	1.4399	1.0738
61	1.4142	1.0358	1.4688	1.0433	1.4072	1.0392
62	1.4214	1.0506	1.47	1.0567	1.423	1.0553
63	1.4214	1.0537	1.4778	1.0715	1.424	1.0571
64	1.404	1.0377	1.4645	1.0524	1.4094	1.0446
65	1.3966	1.0262	1.4525	1.0368	1.3981	1.0345
66	1.3907	1.0173	1.4529	1.0312	1.3911	1.0239
67	1.4213	1.0615	1.4773	1.0817	1.4425	1.0765
68	1.4014	1.0211	1.4602	1.0308	1.3937	1.0268
69	1.387	1.0202	1.4483	1.0375	1.3988	1.0314
70	1.3957	1.0171	1.4576	1.0289	1.3926	1.023
71	1.371	1.0011	1.436	1.0187	1.3738	1.0104
72	1.4057	1.0485	1.4731	1.0747	1.4302	1.0659
73	1.364	0.9926	1.4299	1.0084	1.367	1.0004
74	1.3619	0.9992	1.432	1.0258	1.3794	1.0118
75	1.3526	0.987	1.4267	1.0116	1.3658	0.9974
76	1.3551	0.9855	1.4235	1.0052	1.3642	0.9943
77	1.3459	0.9814	1.4222	1.0018	1.3662	0.9926
78	1.3511	0.9926	1.4231	1.022	1.3742	1.0065
79	1.3487	0.9767	1.4215	0.9948	1.3569	0.9845
80	1.3631	1.0067	1.4363	1.037	1.3886	1.0225
81	1.3318	0.9661	1.4095	0.9891	1.3514	0.9779
82	1.3286	0.964	1.4032	0.9865	1.3491	0.9758
83	1.3291	0.9686	1.4105	1.0	1.3586	0.9874
84	1.3312	0.9635	1.4035	0.9853	1.3455	0.9766
85	1.3426	0.9884	1.4162	1.0188	1.3737	1.0043
86	1.3206	0.955	1.3969	0.9791	1.3435	0.9702
87	1.3153	0.9563	1.3892	0.9828	1.344	0.9735
88	1.3164	0.9578	1.3953	0.9886	1.3492	0.9783
89	1.3128	0.951	1.3892	0.9778	1.335	0.9627
90	1.3072	0.9507	1.3922	0.9853	1.3405	0.9674
91	1.3067	0.9498	1.3846	0.9852	1.3405	0.968
92	1.308	0.9452	1.3883	0.9712	1.3342	0.9604
93	1.3274	0.9775	1.4066	1.011	1.3739	1.0021
94	1.3025	0.9365	1.3807	0.9659	1.3212	0.9503
95	1.2955	0.9374	1.3825	0.9723	1.3322	0.9586
96	1.2865	0.9313	1.3693	0.9644	1.3238	0.9488
97	1.2873	0.9304	1.3728	0.9671	1.3224	0.9533
98	1.2848	0.9315	1.3673	0.9657	1.3271	0.9526
99	1.2847	0.9274	1.365	0.9622	1.3123	0.9437
100	1.2754	0.9183	1.367	0.9544	1.3163	0.9379
101	1.276	0.9222	1.3567	0.9562	1.3152	0.9431
102	1.2889	0.9355	1.3754	0.9691	1.3341	0.9583
103	1.2693	0.9148	1.3524	0.9476	1.3087	0.9326
104	1.2807	0.9219	1.364	0.9534	1.3165	0.9429
105	1.2825	0.9329	1.3699	0.9711	1.3348	0.9588
106	1.2648	0.9149	1.3497	0.9526	1.3079	0.9363
107	1.2718	0.9122	1.3636	0.9466	1.306	0.9277
108	1.2587	0.9086	1.3462	0.9501	1.3031	0.9312
109	1.2588	0.9095	1.3517	0.9507	1.3096	0.9343
110	1.2484	0.8975	1.3391	0.9334	1.2934	0.9164
111	1.2455	0.8932	1.3366	0.936	1.287	0.9154
112	1.2398	0.8891	1.338	0.9311	1.2902	0.9143
113	1.2483	0.9032	1.3367	0.9416	1.3011	0.9287
114	1.2377	0.8885	1.3322	0.9336	1.282	0.9143
115	1.2628	0.9223	1.3609	0.9688	1.3271	0.957
116	1.2351	0.8886	1.3277	0.9317	1.275	0.9091
117	1.2284	0.8846	1.3253	0.9283	1.2845	0.911
118	1.2294	0.8847	1.3213	0.9271	1.2774	0.9109
119	1.2213	0.8724	1.3175	0.9116	1.2665	0.8937
120	1.2174	0.8742	1.3155	0.9177	1.2773	0.9043
121	1.223	0.8797	1.3204	0.9222	1.2654	0.9007
122	1.2244	0.8873	1.3219	0.9372	1.285	0.9216
123	1.2277	0.8876	1.3257	0.9255	1.2751	0.9056
124	1.2645	0.9278	1.357	0.9718	1.3225	0.9533
125	1.1965	0.8581	1.2921	0.9017	1.2396	0.8774
126	1.1864	0.8465	1.2946	0.8936	1.24	0.8721
127	1.1922	0.859	1.2959	0.9092	1.2518	0.8867
128	1.1827	0.8443	1.2914	0.888	1.2384	0.8692
129	1.2388	0.9009	1.3319	0.9343	1.265	0.9143
130	1.3126	0.9827	1.4054	1.0176	1.3809	1.0102
131	1.3582	1.0478	1.4524	1.1031	1.4321	1.0853
132	1.1909	0.8562	1.2924	0.8966	1.2288	0.8741
133	1.2013	0.8701	1.3108	0.9158	1.2707	0.9026
134	1.2023	0.8743	1.3039	0.913	1.2377	0.8902
135	1.2316	0.9106	1.3388	0.9543	1.3041	0.9435
136	1.1653	0.8357	1.271	0.8825	1.217	0.8633
137	1.1737	0.8494	1.282	0.8924	1.2175	0.8699
138	1.1835	0.8636	1.2941	0.9077	1.255	0.895
139	1.1626	0.8348	1.2635	0.8747	1.2075	0.8581
140	1.1421	0.8213	1.2616	0.8668	1.2133	0.8502
141	1.1384	0.8257	1.2552	0.8736	1.1947	0.8466
142	1.14	0.8231	1.2648	0.8731	1.2231	0.8592
143	1.1408	0.8243	1.2534	0.873	1.2047	0.8534
144	1.1363	0.8203	1.2546	0.8654	1.1868	0.8438
145	1.1688	0.8584	1.2882	0.8971	1.2513	0.8916
146	1.1509	0.8336	1.2629	0.8726	1.1966	0.8545
147	1.1243	0.8093	1.2457	0.8616	1.1973	0.842
148	1.1066	0.8021	1.2353	0.8498	1.1823	0.8303
149	1.1046	0.797	1.2287	0.8427	1.1803	0.8275
150	1.097	0.7891	1.2186	0.8339	1.1761	0.825
151	1.0917	0.7826	1.2219	0.8311	1.1713	0.8183
152	1.0927	0.7907	1.2228	0.8406	1.1691	0.8237
153	1.1013	0.7979	1.223	0.8465	1.1816	0.8376
154	1.0845	0.7826	1.2175	0.8261	1.1653	0.8165
155	1.0921	0.7917	1.2202	0.8413	1.1633	0.8227
156	1.1232	0.826	1.2446	0.8749	1.2092	0.8637
157	1.0803	0.7773	1.2137	0.8245	1.1566	0.81
158	1.0719	0.7734	1.2031	0.8215	1.158	0.81
159	1.0671	0.7632	1.1986	0.8099	1.1556	0.8024
160	1.0946	0.7977	1.2222	0.8504	1.1863	0.8417
161	1.0627	0.7686	1.1975	0.8152	1.1501	0.8047
162	1.0791	0.7824	1.2135	0.8298	1.1641	0.8143
163	1.1153	0.8226	1.2445	0.8776	1.2068	0.8654
164	1.093	0.7921	1.2193	0.8348	1.1639	0.822
165	1.055	0.7607	1.1908	0.8056	1.1445	0.8009
166	1.1778	0.8927	1.2945	0.9374	1.2749	0.9407
167	1.1261	0.8358	1.2482	0.8841	1.2193	0.8805
168	1.0668	0.7695	1.2018	0.8132	1.1495	0.8033
169	1.1015	0.8097	1.2271	0.8542	1.1994	0.8576
170	1.0449	0.7467	1.1826	0.7935	1.1405	0.7895
171	1.0731	0.7821	1.2117	0.827	1.1647	0.8161
172	1.0461	0.7524	1.182	0.8	1.1442	0.7974
173	1.0333	0.7391	1.1764	0.787	1.1286	0.7811
174	1.0457	0.7554	1.1882	0.8047	1.132	0.7887
175	1.0737	0.7862	1.2136	0.8351	1.1832	0.8367
176	1.0284	0.7373	1.1733	0.7856	1.1301	0.782
177	1.0252	0.7317	1.1754	0.7853	1.129	0.7756
178	1.0243	0.7357	1.1721	0.788	1.1275	0.7804
179	1.0243	0.7281	1.1735	0.773	1.1274	0.7715
180	1.0256	0.7375	1.1668	0.7872	1.1329	0.7863
181	1.0153	0.7217	1.164	0.7704	1.1168	0.7666
182	1.0183	0.7299	1.1665	0.785	1.1285	0.7812
183	1.0457	0.7591	1.1994	0.8086	1.1464	0.7967
184	1.0553	0.773	1.1966	0.8262	1.1723	0.8267
185	1.0087	0.7157	1.1537	0.7681	1.1046	0.757
186	1.0094	0.7211	1.1664	0.7714	1.1317	0.7751
187	1.0028	0.7162	1.1642	0.7695	1.1234	0.7659
188	1.0018	0.7127	1.1538	0.7595	1.1072	0.7562
189	0.9931	0.7087	1.1522	0.762	1.1131	0.7614
190	1.0524	0.7671	1.2148	0.8221	1.1525	0.8069
191	0.999	0.7156	1.1468	0.767	1.1066	0.7613
192	1.1203	0.8401	1.2575	0.8782	1.2372	0.891
193	1.0412	0.7619	1.1895	0.8144	1.1592	0.8158
194	1.0587	0.7695	1.1982	0.8112	1.1483	0.807
195	1.0446	0.7635	1.1983	0.81	1.1514	0.8058
196	1.0	0.716	1.1572	0.7689	1.1163	0.7666
197	0.9844	0.6993	1.1409	0.7511	1.1017	0.7501
198	1.0015	0.7135	1.1518	0.7591	1.1049	0.7548
199	0.9977	0.7157	1.1591	0.7676	1.126	0.7704
200	0.9819	0.701	1.1488	0.756	1.0959	0.7433
201	0.9738	0.6919	1.1351	0.7467	1.0971	0.743
202	0.9713	0.6858	1.1414	0.7365	1.0957	0.7336
203	0.9735	0.6957	1.1391	0.7558	1.0906	0.7446
204	0.9709	0.6894	1.1522	0.7485	1.1054	0.7434
205	0.9661	0.6835	1.1298	0.7432	1.0848	0.7345
206	0.9637	0.6803	1.142	0.7386	1.0915	0.7344
207	0.9601	0.6849	1.1352	0.7437	1.0898	0.7371
208	0.9558	0.6736	1.1372	0.7358	1.0875	0.7267
209	0.9723	0.6894	1.1316	0.741	1.0907	0.7414
210	0.9529	0.6746	1.1238	0.7304	1.0779	0.7234
211	0.9566	0.6813	1.131	0.7417	1.0838	0.7339
212	0.9765	0.7037	1.1502	0.7611	1.1145	0.7626
213	0.96	0.6786	1.1308	0.7303	1.078	0.7283
214	0.991	0.7213	1.154	0.7785	1.1261	0.7808
215	0.9514	0.6716	1.1267	0.7265	1.0726	0.718
216	0.9558	0.6791	1.1421	0.7373	1.0959	0.7325
217	0.9446	0.6694	1.116	0.7215	1.0727	0.7191
218	0.9429	0.6635	1.1258	0.7209	1.0789	0.7202
219	0.974	0.7019	1.1402	0.7612	1.103	0.756
220	0.9869	0.7129	1.1586	0.7633	1.1118	0.7668
221	0.9886	0.7142	1.1596	0.769	1.1271	0.7721
222	0.9554	0.681	1.1383	0.7356	1.0919	0.7355
223	0.9809	0.7118	1.1404	0.7678	1.1092	0.7661
224	0.9503	0.6772	1.1238	0.7299	1.0784	0.7299
225	0.9612	0.6896	1.1332	0.7483	1.0948	0.744
226	0.9307	0.6583	1.1132	0.7224	1.0681	0.7157
227	0.9375	0.6658	1.1265	0.7259	1.0766	0.715
228	0.9358	0.6622	1.1071	0.7202	1.061	0.7167
229	0.9233	0.6517	1.118	0.7127	1.0676	0.7062
230	0.9277	0.6567	1.1093	0.7232	1.0625	0.7136
231	0.9303	0.6619	1.1238	0.7209	1.0752	0.7177
232	0.923	0.651	1.1072	0.7144	1.0555	0.7039
233	0.9299	0.6606	1.1113	0.726	1.0675	0.7171
234	0.923	0.6553	1.1089	0.7147	1.0597	0.7104
235	0.9567	0.6876	1.1516	0.7449	1.1105	0.7457
236	0.9156	0.6493	1.1059	0.7127	1.0647	0.7073
237	0.9184	0.6525	1.1098	0.7165	1.0669	0.7093
238	0.9118	0.6429	1.0968	0.7074	1.0473	0.6971
239	0.9099	0.6425	1.1075	0.7082	1.0605	0.7008
240	0.9123	0.6444	1.1034	0.7082	1.0627	0.7051
241	0.9138	0.6464	1.1236	0.71	1.0724	0.7078
242	0.9232	0.6548	1.1028	0.7119	1.0532	0.7114
243	0.9192	0.6521	1.098	0.7186	1.0583	0.7122
244	0.9081	0.6409	1.1094	0.7046	1.0525	0.6945
245	0.9548	0.6975	1.1277	0.7555	1.0956	0.7596
246	0.9121	0.6517	1.1209	0.7163	1.0621	0.7098
247	0.9177	0.6526	1.1262	0.7229	1.0799	0.714
248	0.9127	0.6495	1.1066	0.7146	1.0495	0.706
249	0.9133	0.6525	1.0974	0.7164	1.0543	0.7106
250	0.9008	0.6356	1.1041	0.7076	1.0498	0.6924
251	0.9054	0.6426	1.1128	0.7173	1.0589	0.7048
252	0.8939	0.6305	1.0969	0.6975	1.0409	0.6903
253	0.8991	0.6354	1.0918	0.6975	1.041	0.6898
254	0.9354	0.6749	1.1334	0.7388	1.0935	0.7374
255	0.9165	0.6546	1.105	0.7172	1.0471	0.7117
256	0.8908	0.6288	1.106	0.6935	1.0542	0.69
257	0.8881	0.6279	1.0953	0.6962	1.0444	0.6868
258	0.8895	0.629	1.1049	0.6995	1.0463	0.6908
259	0.8915	0.6288	1.0943	0.6945	1.0471	0.6942
260	0.9259	0.669	1.1197	0.7341	1.0801	0.73
261	0.8896	0.6301	1.103	0.6981	1.0461	0.6927
262	0.8869	0.628	1.0903	0.6942	1.0397	0.6886
263	0.9066	0.6507	1.1116	0.7214	1.0672	0.7116
264	0.8838	0.6275	1.0989	0.6973	1.0466	0.6898
265	0.8826	0.6237	1.0846	0.6932	1.0279	0.6846
266	0.8895	0.6282	1.1126	0.6906	1.057	0.6944
267	0.8776	0.6197	1.0873	0.693	1.028	0.6836
268	0.9785	0.7233	1.1758	0.7748	1.109	0.7811
269	0.9572	0.6942	1.1656	0.7552	1.1136	0.7527
270	0.8878	0.6311	1.0995	0.6985	1.0475	0.6965
271	0.8941	0.6317	1.0907	0.6962	1.0294	0.6892
272	0.8922	0.6343	1.1001	0.7003	1.0471	0.6986
273	0.8764	0.6183	1.0829	0.6836	1.0245	0.6786
274	0.8795	0.6213	1.1086	0.6901	1.0459	0.6874
275	0.8815	0.6242	1.0977	0.6942	1.036	0.6913
276	0.8905	0.6376	1.1188	0.7068	1.0496	0.7009
277	0.8966	0.6406	1.1164	0.7087	1.0637	0.705
278	0.8711	0.6169	1.0931	0.6851	1.0283	0.677
279	0.905	0.6558	1.1181	0.7288	1.0653	0.7232
280	0.8873	0.629	1.1027	0.6926	1.0384	0.6927
281	0.8751	0.6213	1.0898	0.6946	1.0275	0.6881
282	0.8701	0.6162	1.1062	0.6886	1.0424	0.6819
283	0.8715	0.6173	1.1034	0.6932	1.0392	0.6878
284	0.8729	0.6216	1.0984	0.694	1.0397	0.689
285	0.8703	0.6152	1.1009	0.6831	1.0315	0.6864
286	0.8695	0.6171	1.0985	0.693	1.0389	0.6847
287	0.8889	0.6353	1.1147	0.7027	1.0424	0.7013
288	0.868	0.6164	1.1058	0.6896	1.0406	0.6815
289	0.8618	0.6102	1.0973	0.6849	1.036	0.6775
290	0.8997	0.6484	1.1219	0.7133	1.0503	0.7179
291	0.9453	0.6977	1.1533	0.7658	1.0974	0.7567
292	0.9095	0.6528	1.1077	0.7103	1.0447	0.7144
293	0.9909	0.7463	1.1866	0.7972	1.1235	0.8063
294	0.8915	0.6365	1.1123	0.7049	1.0581	0.7021
295	0.8741	0.6216	1.0979	0.6917	1.0329	0.6824
296	0.8743	0.6231	1.0873	0.6901	1.0265	0.6866
297	0.8579	0.6065	1.1001	0.6859	1.0303	0.6774
298	0.856	0.6065	1.1063	0.6847	1.038	0.6793
299	0.8529	0.6013	1.098	0.6777	1.0276	0.6757
300	0.8657	0.6163	1.1123	0.6928	1.043	0.6831
301	0.8693	0.6209	1.0989	0.6935	1.0222	0.69
302	0.8491	0.5983	1.0933	0.6772	1.0247	0.6687
303	0.8571	0.6068	1.0793	0.6814	1.0119	0.675
304	0.8522	0.6008	1.0925	0.6788	1.0148	0.6675
305	0.8481	0.5978	1.0798	0.6745	1.0151	0.6708
306	0.8586	0.6103	1.1091	0.6887	1.0348	0.6777
307	0.8666	0.6207	1.1054	0.6931	1.038	0.6928
308	0.8774	0.6255	1.1353	0.7054	1.0631	0.6911
309	0.8882	0.642	1.1039	0.7092	1.0372	0.7119
310	0.8562	0.6097	1.1075	0.6882	1.0394	0.6777
311	0.8494	0.6009	1.0781	0.6727	1.0117	0.6724
312	0.8491	0.6032	1.1035	0.6793	1.0342	0.6735
313	0.8461	0.5986	1.105	0.676	1.0321	0.671
314	0.841	0.5924	1.081	0.6685	1.008	0.6654
315	0.8468	0.5982	1.0843	0.6721	1.0194	0.67
316	0.8354	0.587	1.0864	0.6681	1.0139	0.6617
317	0.8455	0.5967	1.1051	0.6773	1.0387	0.6707
318	0.8448	0.6007	1.0902	0.6798	1.0196	0.6728
319	0.8366	0.5875	1.0988	0.6642	1.0228	0.6622
320	0.8411	0.5971	1.0839	0.6753	1.0157	0.6697
321	0.845	0.601	1.112	0.6851	1.0366	0.6777
322	0.8314	0.5878	1.0849	0.669	1.0135	0.6616
323	0.8532	0.6119	1.1118	0.6909	1.0412	0.6814
324	0.8638	0.6212	1.1078	0.6882	1.0352	0.6941
325	0.8333	0.5901	1.0926	0.6696	1.0151	0.6609
326	0.8308	0.5858	1.0873	0.6698	1.0067	0.6594
327	0.841	0.5952	1.0765	0.6725	1.0057	0.6668
328	0.8545	0.61	1.1124	0.6876	1.0387	0.6803
329	0.8351	0.59	1.0954	0.6668	1.0201	0.6658
330	0.8304	0.5869	1.0808	0.6672	1.0046	0.6596
331	0.858	0.6118	1.0875	0.6805	1.0104	0.6794
332	0.8691	0.6275	1.1307	0.7088	1.06	0.6989
333	0.8943	0.6572	1.1335	0.7254	1.0632	0.7319
334	0.8762	0.6374	1.1265	0.714	1.0589	0.7058
335	0.8335	0.5934	1.0746	0.6735	1.0089	0.6645
336	0.8435	0.6014	1.0939	0.6764	1.0171	0.6756
337	0.8261	0.5834	1.0824	0.6641	0.9999	0.6544
338	0.833	0.5892	1.1017	0.6726	1.0212	0.6684
339	0.8253	0.5842	1.0856	0.6707	1.0033	0.6586
340	0.8353	0.5939	1.1098	0.681	1.0375	0.6735
341	0.8284	0.5853	1.0772	0.6618	1.0038	0.6591
342	0.845	0.6029	1.1086	0.687	1.0329	0.6778
343	0.8477	0.6094	1.129	0.6936	1.0457	0.6896
344	0.8611	0.6186	1.1282	0.6991	1.0492	0.6891
345	0.8236	0.5858	1.0806	0.6636	1.01	0.6612
346	0.8255	0.5832	1.0982	0.668	1.0236	0.6637
347	0.8163	0.5745	1.0813	0.6547	1.0084	0.6532
348	0.8397	0.5991	1.1016	0.6758	1.0295	0.6786
349	0.8392	0.5986	1.1195	0.6822	1.046	0.6748
350	0.824	0.5844	1.0921	0.6684	1.0097	0.6633
351	0.8228	0.5844	1.0976	0.6685	1.0214	0.6639
352	0.8204	0.5784	1.0861	0.6624	1.0035	0.6555
353	0.8264	0.5881	1.1035	0.6747	1.0201	0.6643
354	0.831	0.5869	1.1218	0.6763	1.0434	0.6693
355	0.833	0.5948	1.1185	0.6848	1.0295	0.6663
356	0.8227	0.5835	1.0952	0.6699	1.0106	0.6596
357	0.8215	0.5856	1.0737	0.6598	0.9996	0.6589
358	0.8324	0.5961	1.0968	0.6808	1.0204	0.6744
359	0.8144	0.5771	1.0988	0.665	1.0225	0.6593
360	0.8125	0.5734	1.0968	0.6611	1.0036	0.656
361	0.8078	0.5722	1.0955	0.662	1.006	0.6529
362	0.8091	0.5692	1.0979	0.6615	1.009	0.6495
363	0.8046	0.5669	1.0794	0.6556	0.9931	0.6476
364	0.8145	0.5794	1.0887	0.6608	1.0072	0.6586
365	0.8357	0.6016	1.1015	0.6839	1.0255	0.6796
366	0.8048	0.5669	1.086	0.6549	0.9957	0.6466
367	0.8043	0.5688	1.085	0.6549	1.0011	0.6507
368	0.8152	0.5762	1.111	0.6696	1.0269	0.6632
369	0.8022	0.5647	1.0969	0.6603	1.0049	0.6524
370	0.8204	0.5834	1.1026	0.6684	1.0186	0.6687
371	0.8094	0.5749	1.0822	0.6595	1.0027	0.6535
372	0.8094	0.5727	1.1042	0.6628	1.0209	0.6561
373	0.8223	0.5885	1.1002	0.6807	1.0137	0.6706
374	0.7981	0.5605	1.0897	0.6522	1.0081	0.6469
375	0.8179	0.5797	1.1265	0.6774	1.0403	0.6622
376	0.8108	0.5778	1.1151	0.6762	1.0237	0.6638
377	0.8269	0.595	1.1117	0.6843	1.0265	0.6742
378	0.8156	0.5774	1.0857	0.6595	0.9997	0.6553
379	0.7987	0.5632	1.0921	0.6534	1.0054	0.6448
380	0.8219	0.5866	1.1101	0.6748	1.0169	0.6709
381	0.7935	0.5587	1.0972	0.6546	1.0086	0.6448
382	0.793	0.5578	1.0875	0.6549	1.002	0.6447
383	0.8098	0.5792	1.0932	0.6715	1.0193	0.6651
384	0.7943	0.5581	1.074	0.6457	0.9916	0.6442
385	0.8129	0.5806	1.0758	0.6676	0.9996	0.6607
386	0.8002	0.5639	1.0831	0.6525	1.0011	0.648
387	0.8065	0.5721	1.1137	0.6678	1.0331	0.6556
388	0.801	0.5648	1.107	0.6615	1.0174	0.649
389	0.8097	0.5729	1.1054	0.6699	1.0253	0.6568
390	0.7879	0.5515	1.0976	0.6444	1.0076	0.6373
391	0.8013	0.5661	1.0858	0.6582	1.0009	0.6506
392	0.7999	0.5629	1.1102	0.6626	1.0204	0.6478
393	0.8156	0.5773	1.1182	0.676	1.0325	0.6592
394	0.7936	0.5602	1.0936	0.655	1.0024	0.6465
395	0.8238	0.5967	1.0966	0.6875	1.0234	0.68
396	0.8125	0.5752	1.11	0.6631	1.027	0.6623
397	0.8863	0.6541	1.1593	0.7372	1.0915	0.7297
398	0.8266	0.5999	1.1042	0.6815	1.0174	0.6811
399	0.8127	0.5795	1.1086	0.6698	1.0272	0.66
400	0.8278	0.5965	1.0977	0.6753	1.0135	0.6744
401	0.8039	0.5701	1.1012	0.6604	1.0127	0.6484
402	0.7929	0.5595	1.0764	0.6506	0.9965	0.643
403	0.7914	0.5592	1.1007	0.6563	1.018	0.645
404	0.7838	0.5503	1.0891	0.6507	0.998	0.6393
405	0.8025	0.5673	1.0928	0.656	1.0035	0.6518
406	0.788	0.5557	1.0927	0.6528	1.0054	0.6385
407	0.7948	0.5659	1.0903	0.6628	1.0034	0.6557
408	0.7877	0.5571	1.0786	0.6536	0.9883	0.6406
409	0.7802	0.5481	1.1045	0.6492	1.0142	0.6387
410	0.826	0.5941	1.1244	0.6871	1.0417	0.6725
411	0.8968	0.6734	1.1681	0.7496	1.0867	0.7533
412	0.8261	0.5986	1.0951	0.6903	1.0107	0.6727
413	0.8395	0.5992	1.0917	0.6751	1.0004	0.6718
414	0.8434	0.6128	1.1305	0.7015	1.0488	0.6872
415	0.7991	0.5707	1.0912	0.6638	1.0028	0.6561
416	0.7923	0.56	1.1054	0.6627	1.0236	0.6462
417	0.7751	0.5445	1.0779	0.6425	0.9872	0.6331
418	0.7971	0.5712	1.1052	0.6685	1.0093	0.6584
419	0.7895	0.559	1.0718	0.6532	0.9882	0.6444
420	0.7804	0.5492	1.0921	0.6422	1.004	0.6375
421	0.7768	0.5481	1.0838	0.6438	0.9997	0.6377
422	0.7852	0.5546	1.1089	0.66	1.0163	0.6461
423	0.7757	0.5463	1.0648	0.642	0.9819	0.6322
424	0.7834	0.5564	1.081	0.6509	0.9906	0.6426
425	0.7726	0.5419	1.0782	0.6416	0.999	0.6341
426	0.7703	0.54	1.0709	0.6383	0.9865	0.6298
427	0.7679	0.5375	1.0769	0.6368	0.9919	0.6292
428	0.8121	0.5858	1.1041	0.681	1.0266	0.6691
429	0.7953	0.5656	1.1008	0.6559	1.0142	0.654
430	0.7675	0.5375	1.0612	0.64	0.9743	0.631
431	0.8013	0.5699	1.1244	0.675	1.0409	0.6589
432	0.7766	0.5494	1.0675	0.6403	0.9832	0.6343
433	0.7892	0.5579	1.1054	0.658	1.0199	0.6503
434	0.7766	0.5462	1.1023	0.6532	1.0109	0.6356
435	0.7795	0.5498	1.0946	0.6581	1.0072	0.6416
436	0.7637	0.5327	1.0893	0.639	0.9998	0.6288
437	0.7646	0.5366	1.0781	0.6402	0.9883	0.6291
438	0.7667	0.5399	1.0976	0.6457	1.0098	0.6304
439	0.7762	0.5501	1.0948	0.6575	1.005	0.6418
440	0.7771	0.5496	1.0836	0.646	0.9912	0.6401
441	0.7743	0.5496	1.1058	0.6572	1.0154	0.6428
442	0.7667	0.5427	1.0789	0.6488	0.9921	0.6368
443	0.7622	0.5312	1.0944	0.6361	1.0067	0.6301
444	0.7759	0.5494	1.0783	0.6532	0.9939	0.641
445	0.7964	0.5661	1.1069	0.6585	1.0231	0.6616
446	0.764	0.5374	1.0909	0.6423	1.0017	0.6302
447	0.7558	0.5282	1.0762	0.6336	0.9917	0.6267
448	0.7536	0.5268	1.0769	0.6344	0.9832	0.6234
449	0.7564	0.529	1.0812	0.6391	0.9898	0.6257
450	0.7551	0.5275	1.0781	0.6372	0.9897	0.6239
451	0.7542	0.5274	1.073	0.6324	0.9812	0.6234
452	0.7579	0.5323	1.0721	0.6347	0.9751	0.629
453	0.7674	0.541	1.0795	0.6369	0.9846	0.6325
454	0.7636	0.5357	1.0874	0.6394	0.9891	0.632
455	0.7536	0.5275	1.0786	0.6302	0.981	0.6223
456	0.7626	0.5365	1.0852	0.6442	0.9946	0.6279
457	0.7559	0.5298	1.0948	0.6399	1.0065	0.6249
458	0.7768	0.552	1.0918	0.6519	1.0136	0.6501
459	0.7544	0.5276	1.0851	0.6366	0.9954	0.6251
460	0.7677	0.5419	1.095	0.65	1.0092	0.6365
461	0.7597	0.5336	1.081	0.6429	0.987	0.6364
462	0.754	0.5295	1.0908	0.6376	1.0039	0.6247
463	0.7622	0.5405	1.0702	0.6489	0.9816	0.6361
464	0.7722	0.5531	1.0883	0.6595	1.0056	0.6503
465	0.7833	0.5652	1.0953	0.6716	1.0113	0.6594
466	0.7604	0.5371	1.0811	0.6409	0.9874	0.6323
467	0.777	0.5524	1.1115	0.6594	1.0187	0.6545
468	0.7834	0.5547	1.1326	0.6726	1.0351	0.6438
469	0.7512	0.527	1.0747	0.6343	0.9877	0.6249
470	0.7553	0.535	1.0789	0.6476	0.999	0.6368
471	0.7447	0.5189	1.0831	0.6325	0.9929	0.6204
472	0.7831	0.5617	1.096	0.6576	1.0085	0.6549
473	0.7447	0.5187	1.0877	0.6287	0.9909	0.6174
474	0.7612	0.5355	1.0999	0.6518	1.0084	0.6301
475	0.7493	0.525	1.0865	0.6394	0.9931	0.6246
476	0.765	0.5469	1.0976	0.6622	1.0103	0.6434
477	0.7624	0.5402	1.0933	0.6507	1.0048	0.6392
478	0.7885	0.5646	1.0883	0.6556	1.0018	0.6536
479	0.803	0.5887	1.1134	0.6971	1.0272	0.6808
480	0.7773	0.5551	1.0928	0.6566	0.9934	0.6466
481	0.761	0.5381	1.0926	0.6525	1.0007	0.6356
482	0.7488	0.5211	1.1082	0.6382	1.006	0.6212
483	0.7503	0.5246	1.0722	0.6355	0.9755	0.6269
484	0.7619	0.541	1.0929	0.6512	1.0031	0.6382
485	0.7632	0.5376	1.0619	0.6395	0.9641	0.6307
486	0.7464	0.5242	1.0851	0.633	0.993	0.6237
487	0.7537	0.533	1.0942	0.6447	0.9973	0.6341
488	0.7679	0.5412	1.1223	0.6607	1.0233	0.6366
489	0.7515	0.529	1.0972	0.6454	0.9858	0.6311
490	0.762	0.5408	1.0876	0.6509	0.9876	0.6344
491	0.7369	0.5117	1.0923	0.6293	0.9923	0.6157
492	0.7745	0.554	1.0769	0.6543	0.9848	0.6482
493	0.7706	0.5507	1.1077	0.6661	1.0175	0.6492
494	0.7851	0.563	1.078	0.6584	0.9812	0.6499
495	0.7399	0.5156	1.0884	0.6313	0.9979	0.6194
496	0.7378	0.5181	1.0706	0.6319	0.9799	0.6213
497	0.7629	0.5442	1.1002	0.656	1.0003	0.6434
498	0.7445	0.5236	1.0858	0.6408	0.9881	0.6238
499	0.7364	0.5133	1.0844	0.6331	0.987	0.6138
500	0.7296	0.5079	1.0725	0.6279	0.9701	0.6109
501	0.7447	0.522	1.1063	0.6483	1.0016	0.6268
502	0.759	0.5353	1.1101	0.657	1.0077	0.6294
503	0.7282	0.5082	1.0745	0.63	0.9711	0.6113
504	0.7335	0.514	1.0715	0.6258	0.9747	0.617
505	0.777	0.5596	1.1254	0.6737	1.0294	0.6546
506	0.7327	0.5135	1.067	0.6272	0.9716	0.6148
507	0.7445	0.5186	1.1052	0.6398	1.011	0.6198
508	0.7701	0.5539	1.104	0.6665	1.0005	0.6491
509	0.7655	0.5493	1.0979	0.6629	1.012	0.6415
510	0.7492	0.5283	1.0604	0.6359	0.9691	0.6253
511	0.7324	0.5118	1.0787	0.6311	0.9844	0.6169
512	0.7315	0.5113	1.0687	0.6321	0.9736	0.6132
513	0.74	0.5159	1.0888	0.6351	0.9889	0.6165
514	0.7414	0.5189	1.0811	0.6409	0.9868	0.6158
515	0.7471	0.5257	1.0797	0.6339	0.981	0.6237
516	0.7233	0.5024	1.0764	0.6231	0.9781	0.6071
517	0.7233	0.5045	1.0708	0.625	0.9757	0.6115
518	0.722	0.5013	1.0807	0.6239	0.987	0.6109
519	0.7833	0.5718	1.1043	0.6881	1.0199	0.6681
520	0.7256	0.5053	1.084	0.6278	0.9838	0.6112
521	0.7331	0.5147	1.0805	0.6324	0.9829	0.6206
522	0.7282	0.5069	1.0789	0.6318	0.9758	0.6087
523	0.7471	0.5274	1.0901	0.6426	0.9874	0.6217
524	0.7315	0.5122	1.0591	0.6238	0.9694	0.6156
525	0.7346	0.5107	1.1028	0.6337	0.9997	0.6137
526	0.7227	0.5029	1.0688	0.6235	0.9754	0.613
527	0.7552	0.535	1.1176	0.6578	1.0182	0.6358
528	0.7465	0.5293	1.0846	0.6502	0.9848	0.6328
529	0.7516	0.5405	1.093	0.6561	0.994	0.6374
530	0.7252	0.5057	1.0481	0.6177	0.9424	0.6026
531	0.733	0.5151	1.0729	0.6269	0.97	0.6141
532	0.7222	0.5017	1.0823	0.6263	0.9763	0.6099
533	0.7256	0.5045	1.0828	0.6275	0.989	0.6123
534	0.718	0.4968	1.0798	0.6197	0.9778	0.6071
535	0.7186	0.4998	1.0669	0.616	0.9721	0.6068
536	0.7253	0.5039	1.0963	0.6324	0.9944	0.6135
537	0.7417	0.5253	1.0824	0.6402	0.9739	0.6289
538	0.7499	0.5312	1.1222	0.6585	1.0199	0.6331
539	0.7207	0.506	1.0693	0.6234	0.9585	0.6108
540	0.736	0.5167	1.0887	0.6289	0.9861	0.6196
541	0.7951	0.5811	1.1273	0.6951	1.0302	0.6715
542	0.7242	0.5077	1.0999	0.6314	0.9958	0.6183
543	0.7233	0.507	1.0825	0.6338	0.9779	0.6192
544	0.7455	0.5252	1.1267	0.6579	1.0202	0.6286
545	0.7224	0.505	1.0978	0.6378	0.9911	0.6116
546	0.7199	0.5014	1.0784	0.6232	0.979	0.6071
547	0.731	0.512	1.1012	0.6401	0.9877	0.6111
548	0.7236	0.5067	1.0594	0.624	0.9518	0.6099
549	0.7266	0.5119	1.0895	0.6375	0.9926	0.6175
550	0.7095	0.4925	1.0683	0.6167	0.9655	0.5979
551	0.7073	0.4886	1.0684	0.6124	0.9634	0.5973
552	0.7118	0.4952	1.0647	0.6209	0.966	0.6024
553	0.7108	0.4929	1.0776	0.6164	0.9772	0.6039
554	0.7397	0.5259	1.0727	0.6361	0.9645	0.6288
555	0.7775	0.563	1.1387	0.6847	1.0394	0.656
556	0.71	0.493	1.0734	0.6185	0.9673	0.6018
557	0.7087	0.4924	1.0692	0.6188	0.9629	0.6013
558	0.7363	0.5196	1.1057	0.6476	1.0014	0.6237
559	0.753	0.5405	1.1032	0.6549	1.0052	0.6467
560	0.7207	0.5032	1.0899	0.6313	0.9855	0.6084
561	0.7334	0.5128	1.1113	0.642	0.9969	0.6112
562	0.7247	0.508	1.076	0.628	0.9754	0.616
563	0.7335	0.5196	1.0851	0.6403	0.991	0.6236
564	0.7202	0.5042	1.0662	0.6155	0.9553	0.6043
565	0.7076	0.4918	1.0711	0.6187	0.9708	0.5977
566	0.7116	0.4968	1.082	0.6286	0.9795	0.6085
567	0.7119	0.495	1.0957	0.628	0.9911	0.6047
568	0.7054	0.4886	1.0803	0.615	0.9717	0.5979
569	0.7288	0.5131	1.0889	0.6403	0.9819	0.6192
570	0.7739	0.5674	1.1293	0.6842	1.0232	0.6728
571	0.7128	0.5007	1.0662	0.621	0.9684	0.6092
572	0.8043	0.5964	1.1542	0.716	1.0531	0.6895
573	0.7852	0.574	1.107	0.6761	0.9908	0.6652
574	0.7308	0.5136	1.1039	0.6402	0.9946	0.6172
575	0.7112	0.4962	1.0725	0.6202	0.9691	0.6055
576	0.7379	0.5232	1.1164	0.6491	1.0139	0.6273
577	0.7171	0.5026	1.07	0.6257	0.9554	0.6094
578	0.7146	0.4969	1.0832	0.6231	0.9846	0.6053
579	0.7044	0.4891	1.071	0.6164	0.9658	0.5976
580	0.7064	0.4919	1.0871	0.6216	0.9816	0.601
581	0.7107	0.4936	1.0923	0.6268	0.984	0.6051
582	0.7069	0.4923	1.0964	0.6299	0.9892	0.6039
583	0.7048	0.4906	1.0784	0.6242	0.965	0.6007
584	0.7004	0.4839	1.0872	0.6216	0.9817	0.5983
585	0.703	0.4901	1.0759	0.6268	0.9624	0.6013
586	0.7071	0.4902	1.0899	0.6299	0.9838	0.6023
587	0.7014	0.487	1.0857	0.6242	0.9739	0.601
588	0.7128	0.5004	1.1079	0.6393	0.9938	0.6102
589	0.7633	0.5482	1.1409	0.6757	1.0248	0.6423
590	0.702	0.4905	1.0673	0.6194	0.9432	0.5973
591	0.7	0.4833	1.0923	0.6147	0.9777	0.5972
592	0.7391	0.5308	1.0932	0.656	0.9947	0.6393
593	0.6977	0.4822	1.0762	0.6163	0.9626	0.5937
594	0.707	0.4921	1.0785	0.6241	0.9721	0.5982
595	0.704	0.4858	1.1086	0.6279	0.9924	0.5977
596	0.7109	0.5007	1.1024	0.6419	0.982	0.6108
597	0.7022	0.4899	1.0722	0.6224	0.9561	0.5972
598	0.7172	0.504	1.0622	0.623	0.954	0.6083
599	0.7282	0.5187	1.0939	0.6493	0.9926	0.627
600	0.7188	0.5092	1.0797	0.6387	0.9686	0.6131
601	0.7154	0.5056	1.0803	0.6342	0.9823	0.6131
602	0.7509	0.5439	1.0853	0.6543	0.9894	0.6463
603	0.8012	0.5895	1.1491	0.7064	1.0561	0.6804
604	0.7473	0.5389	1.0872	0.6539	0.9903	0.6446
605	0.8252	0.6063	1.1712	0.7138	1.0724	0.6889
606	0.7205	0.5094	1.0854	0.633	0.9773	0.6164
607	0.7035	0.4907	1.0626	0.6143	0.9696	0.6011
608	0.7004	0.4888	1.0534	0.6117	0.9534	0.6005
609	0.701	0.4859	1.0674	0.6146	0.9644	0.5971
610	0.699	0.4848	1.0829	0.6214	0.9799	0.6002
611	0.6967	0.4841	1.0734	0.6197	0.9672	0.5972
612	0.6952	0.4803	1.075	0.6184	0.9725	0.5927
613	0.6949	0.4822	1.0751	0.6182	0.9665	0.5924
614	0.6969	0.4815	1.0885	0.6196	0.9866	0.5966
615	0.6905	0.4771	1.0745	0.6134	0.9596	0.5893
616	0.6955	0.4843	1.0599	0.6107	0.9558	0.5965
617	0.6927	0.4816	1.0588	0.6112	0.9479	0.5898
618	0.6923	0.4814	1.0607	0.6151	0.9496	0.5963
619	0.6953	0.4824	1.0767	0.6157	0.9636	0.5961
620	0.7082	0.4948	1.0889	0.6268	0.9789	0.6022
621	0.7016	0.4877	1.0815	0.6177	0.9717	0.5968
622	0.6916	0.4807	1.0765	0.6167	0.9605	0.5902
623	0.6912	0.4786	1.0795	0.6195	0.9631	0.5908
624	0.7235	0.5096	1.1105	0.6442	0.9945	0.6151
625	0.7114	0.4996	1.0847	0.6282	0.9679	0.6084
626	0.7132	0.4995	1.0919	0.6363	0.9852	0.6092
627	0.6889	0.4768	1.072	0.6175	0.9592	0.5915
628	0.7228	0.5105	1.1029	0.6449	0.9935	0.6152
629	0.7249	0.5182	1.0916	0.6472	0.9763	0.6282
630	0.7096	0.5006	1.0791	0.628	0.9705	0.6111
631	0.6889	0.4772	1.0579	0.6056	0.9525	0.5926
632	0.6905	0.4797	1.0474	0.6037	0.9514	0.5931
633	0.6876	0.4774	1.056	0.6083	0.9562	0.5934
634	0.6887	0.4774	1.0587	0.6127	0.9603	0.5952
635	0.737	0.5257	1.1053	0.656	1.0128	0.6334
636	0.7367	0.5267	1.1003	0.6482	0.9973	0.6358
637	0.7037	0.4949	1.0631	0.6222	0.964	0.6067
638	0.6856	0.4722	1.0708	0.6085	0.962	0.5897
639	0.7246	0.5107	1.1007	0.6427	0.9997	0.6159
640	0.694	0.4826	1.0792	0.6231	0.9654	0.5963
641	0.7041	0.4923	1.088	0.6292	0.9741	0.6006
642	0.7081	0.4991	1.0794	0.6261	0.9633	0.6077
643	0.6995	0.4936	1.0763	0.6271	0.9711	0.6074
644	0.696	0.4857	1.0884	0.6271	0.9701	0.6
645	0.7061	0.4937	1.087	0.6332	0.9783	0.6052
646	0.694	0.482	1.1026	0.6273	0.9849	0.5958
647	0.7005	0.4865	1.0971	0.6345	0.9776	0.5995
648	0.6907	0.481	1.0859	0.6265	0.9732	0.5984
649	0.699	0.4923	1.0744	0.6287	0.9628	0.602
650	0.688	0.4802	1.0541	0.6107	0.9434	0.5914
651	0.6848	0.472	1.0621	0.6095	0.9434	0.5826
652	0.6896	0.4796	1.0781	0.6139	0.9676	0.5951
653	0.7311	0.522	1.1069	0.6525	0.9912	0.6224
654	0.6981	0.4869	1.1003	0.6308	0.9827	0.5965
655	0.6868	0.476	1.0971	0.6242	0.9753	0.5907
656	0.6877	0.4801	1.0885	0.624	0.9731	0.5965
657	0.678	0.4694	1.0564	0.6076	0.9355	0.5851
658	0.6791	0.4664	1.0859	0.6116	0.9697	0.5848
659	0.6833	0.4751	1.0802	0.6178	0.9596	0.5885
660	0.688	0.4758	1.0975	0.6236	0.9806	0.5912
661	0.6929	0.4847	1.0695	0.6212	0.9639	0.5982
662	0.6795	0.4698	1.0732	0.6004	0.9509	0.5857
663	0.6908	0.484	1.0543	0.6184	0.9433	0.6014
664	0.6807	0.4724	1.0687	0.6122	0.9584	0.5903
665	0.7037	0.5	1.0777	0.633	0.9544	0.6104
666	0.6933	0.4853	1.0752	0.6256	0.9682	0.6002
667	0.675	0.4636	1.0735	0.6112	0.9505	0.5825
668	0.6744	0.465	1.0735	0.6116	0.9579	0.5833
669	0.6815	0.4735	1.0678	0.6148	0.9507	0.588
670	0.6992	0.4957	1.0784	0.6336	0.9687	0.6091
671	0.7064	0.5011	1.088	0.6299	0.9796	0.618
672	0.7089	0.4958	1.1077	0.6416	0.989	0.607
673	0.683	0.4739	1.0797	0.6128	0.9563	0.5857
674	0.6803	0.4682	1.0902	0.6131	0.9786	0.5875
675	0.6727	0.4626	1.0698	0.6009	0.9607	0.5856
676	0.676	0.4667	1.0708	0.6074	0.9461	0.5847
677	0.6724	0.4655	1.0658	0.6061	0.9517	0.5849
678	0.7046	0.4942	1.115	0.6393	0.9964	0.6038
679	0.6844	0.4766	1.1053	0.6282	0.9825	0.5967
680	0.6837	0.4725	1.0954	0.6245	0.9769	0.5912
681	0.6737	0.4645	1.0872	0.6151	0.9644	0.5825
682	0.6736	0.4672	1.0683	0.605	0.9465	0.5834
683	0.7035	0.4978	1.074	0.6336	0.9621	0.6098
684	0.6735	0.4668	1.068	0.6045	0.9477	0.5875
685	0.6845	0.4785	1.0903	0.625	0.9723	0.5979
686	0.6684	0.4634	1.0786	0.613	0.9567	0.5858
687	0.6717	0.4663	1.0771	0.6089	0.9524	0.5868
688	0.6776	0.4725	1.0762	0.6173	0.9598	0.5905
689	0.6674	0.463	1.0671	0.6056	0.9523	0.5803
690	0.6707	0.4635	1.0651	0.6025	0.9421	0.5839
691	0.6821	0.473	1.086	0.6241	0.9725	0.5948
692	0.6712	0.4642	1.0727	0.613	0.9493	0.5797
693	0.678	0.4713	1.0889	0.6185	0.9588	0.5894
694	0.7191	0.5113	1.1021	0.6477	0.9848	0.6176
695	0.6641	0.4564	1.0743	0.6052	0.9555	0.5773
696	0.6873	0.4825	1.0683	0.6189	0.9486	0.5985
697	0.7015	0.4951	1.0924	0.6332	0.9812	0.6074
698	0.6679	0.4632	1.0508	0.6017	0.9317	0.5827
699	0.6719	0.4613	1.0817	0.6082	0.967	0.5826
700	0.6732	0.4687	1.0555	0.6054	0.9383	0.5873
701	0.672	0.4622	1.0952	0.6122	0.9701	0.5842
702	0.6726	0.4693	1.0625	0.6185	0.9399	0.5837
703	0.6814	0.4797	1.0847	0.6247	0.96	0.5942
704	0.6742	0.4707	1.0643	0.6121	0.9358	0.5853
705	0.6787	0.4706	1.087	0.6183	0.9808	0.5922
706	0.6663	0.4595	1.0851	0.6091	0.9795	0.583
707	0.6776	0.4703	1.089	0.6193	0.9826	0.5913
708	0.6778	0.472	1.0746	0.6188	0.9645	0.5899
709	0.6671	0.4606	1.0816	0.6156	0.9758	0.5846
710	0.6586	0.4539	1.0675	0.6003	0.9525	0.5778
711	0.673	0.4675	1.0832	0.6186	0.9713	0.5907
712	0.6638	0.4622	1.0591	0.6039	0.9436	0.5814
713	0.6646	0.4553	1.0845	0.6093	0.9704	0.5758
714	0.7041	0.501	1.0803	0.6419	0.9832	0.6153
715	0.6762	0.4736	1.0804	0.6146	0.9668	0.5954
716	0.6593	0.4551	1.0709	0.6071	0.959	0.582
717	0.6581	0.451	1.0772	0.6065	0.9672	0.5801
718	0.6625	0.4578	1.0726	0.61	0.96	0.5814
719	0.6679	0.4616	1.0917	0.614	0.9789	0.5848
720	0.6602	0.4594	1.0714	0.6101	0.9523	0.5806
721	0.667	0.4615	1.0766	0.6098	0.9585	0.5856
722	0.6672	0.4599	1.0799	0.6151	0.9556	0.5827
723	0.6598	0.4553	1.0662	0.5985	0.9508	0.5799
724	0.6569	0.4553	1.0457	0.597	0.9344	0.5769
725	0.6643	0.4615	1.0765	0.6147	0.9605	0.5854
726	0.6549	0.4479	1.0807	0.6046	0.9635	0.5742
727	0.6759	0.4714	1.0839	0.6242	0.9685	0.5912
728	0.7152	0.5086	1.1163	0.6508	1.0043	0.6203
729	0.6525	0.4465	1.0694	0.5949	0.9578	0.5729
730	0.6658	0.4645	1.056	0.6081	0.9425	0.5884
731	0.6547	0.448	1.0728	0.6011	0.952	0.5739
732	0.663	0.4643	1.0637	0.6063	0.9356	0.5851
733	0.6563	0.4577	1.0737	0.6083	0.9418	0.5769
734	0.6544	0.4526	1.0682	0.6013	0.9415	0.576
735	0.6653	0.4662	1.0574	0.6044	0.9295	0.5846
736	0.6655	0.4641	1.0744	0.6108	0.9525	0.5879
737	0.7556	0.5572	1.1416	0.6921	1.0365	0.6613
738	0.7257	0.5294	1.0943	0.6493	0.9805	0.6384
739	0.7787	0.5836	1.1393	0.7106	1.0351	0.6835
740	0.7575	0.5567	1.0955	0.6621	0.9817	0.6519
741	0.7686	0.5745	1.1166	0.7042	1.0246	0.6809
742	0.6791	0.478	1.0505	0.6052	0.9338	0.5921
743	0.6694	0.4683	1.0313	0.602	0.9277	0.5864
744	0.6574	0.4517	1.0677	0.5999	0.963	0.5766
745	0.662	0.4614	1.0673	0.6105	0.9459	0.5846
746	0.6568	0.4535	1.0662	0.6024	0.9581	0.5767
747	0.6621	0.4586	1.0706	0.6056	0.9631	0.5824
748	0.662	0.4621	1.0537	0.5981	0.9385	0.5795
749	0.6675	0.4664	1.067	0.6105	0.9531	0.5849
750	0.6492	0.4473	1.0553	0.5911	0.9457	0.5732
751	0.6517	0.4502	1.0623	0.598	0.9359	0.5743
752	0.648	0.4439	1.0612	0.5965	0.9525	0.5731
753	0.6517	0.448	1.0606	0.5964	0.9318	0.5717
754	0.6499	0.4486	1.0658	0.6005	0.9464	0.5775
755	0.6474	0.4461	1.0534	0.5944	0.9314	0.572
756	0.6511	0.4481	1.0644	0.6006	0.9519	0.5769
757	0.6573	0.4581	1.0702	0.6009	0.948	0.5811
758	0.6582	0.4614	1.0657	0.6113	0.9458	0.5827
759	0.6706	0.4702	1.0796	0.6203	0.9634	0.5895
760	0.6454	0.444	1.0673	0.6	0.9206	0.5658
761	0.6505	0.4485	1.0749	0.6	0.9452	0.5729
762	0.6502	0.4495	1.0743	0.6042	0.9432	0.5739
763	0.6677	0.4672	1.0831	0.6198	0.9636	0.5854
764	0.6507	0.4503	1.0733	0.6097	0.9426	0.5793
765	0.6798	0.4773	1.1047	0.6312	0.9898	0.6001
766	0.6658	0.4675	1.1026	0.6248	0.9777	0.5908
767	0.6623	0.4605	1.0784	0.6163	0.9503	0.583
768	0.651	0.447	1.0699	0.5992	0.9446	0.5715
769	0.6735	0.4769	1.0775	0.6203	0.9591	0.5971
770	0.6419	0.4413	1.0638	0.5964	0.9364	0.5734
771	0.6546	0.4566	1.0805	0.604	0.9598	0.5823
772	0.651	0.4479	1.087	0.6088	0.9705	0.5744
773	0.7048	0.4947	1.1256	0.6477	1.0089	0.6077
774	0.6872	0.4961	1.1003	0.6512	0.9674	0.6147
775	0.6574	0.4554	1.0867	0.6126	0.9679	0.5825
776	0.6821	0.475	1.118	0.6357	0.9852	0.5913
777	0.6615	0.4553	1.1016	0.6161	0.9768	0.576
778	0.646	0.4455	1.0684	0.6006	0.9295	0.5696
779	0.6572	0.4583	1.0845	0.609	0.9518	0.5804
780	0.646	0.4462	1.0465	0.5935	0.9169	0.5725
781	0.641	0.4409	1.071	0.592	0.9475	0.5747
782	0.6548	0.4558	1.0659	0.6065	0.9526	0.5872
783	0.6593	0.4622	1.073	0.6158	0.9545	0.5866
784	0.6409	0.4404	1.0697	0.592	0.9434	0.5716
785	0.6405	0.4398	1.0661	0.5984	0.9441	0.5699
786	0.643	0.4445	1.0601	0.5991	0.9297	0.5737
787	0.6606	0.4614	1.0841	0.6169	0.9527	0.5887
788	0.6629	0.4678	1.0597	0.61	0.9311	0.5903
789	0.6825	0.4873	1.1169	0.6417	0.9916	0.6102
790	0.7364	0.5355	1.1356	0.6734	1.0235	0.6449
791	0.7278	0.5408	1.1291	0.6777	1.0078	0.6534
792	0.7459	0.5437	1.1432	0.6768	1.0287	0.6455
793	0.7108	0.5173	1.0894	0.6429	0.9767	0.6296
794	0.7184	0.5236	1.1082	0.6635	0.9949	0.6365
795	0.6982	0.5051	1.0805	0.6338	0.9644	0.621
796	0.6801	0.4827	1.0792	0.6286	0.9707	0.6047
797	0.6779	0.4818	1.0615	0.6134	0.9407	0.6016
798	0.6709	0.4745	1.0894	0.6257	0.9805	0.5978
799	0.6405	0.4433	1.0568	0.5939	0.9319	0.5697
800	0.6392	0.4373	1.0704	0.5982	0.953	0.569
801	0.6481	0.4446	1.084	0.6071	0.9639	0.5717
802	0.6355	0.4347	1.0681	0.5954	0.9439	0.5643
803	0.6335	0.4328	1.0563	0.5906	0.9374	0.5664
804	0.6366	0.4383	1.0673	0.5906	0.9379	0.5692
805	0.6323	0.4335	1.0618	0.5886	0.9384	0.5656
806	0.6306	0.4313	1.0581	0.5866	0.9279	0.5631
807	0.6847	0.4955	1.0857	0.6438	0.9679	0.6157
808	0.6334	0.4353	1.0645	0.5902	0.9327	0.5668
809	0.6416	0.4431	1.069	0.6004	0.9482	0.575
810	0.6333	0.4352	1.0685	0.5941	0.9407	0.5675
811	0.6391	0.4417	1.068	0.5979	0.9502	0.5714
812	0.6428	0.4418	1.0806	0.6071	0.9556	0.5697
813	0.635	0.436	1.0796	0.5955	0.9534	0.5683
814	0.667	0.4726	1.0814	0.6223	0.9518	0.5964
815	0.6667	0.4696	1.0815	0.606	0.9511	0.5971
816	0.6835	0.4849	1.0798	0.6295	0.9588	0.6073
817	0.6377	0.4376	1.0712	0.594	0.9446	0.5725
818	0.6476	0.4513	1.0519	0.604	0.9314	0.5781
819	0.673	0.4788	1.0501	0.6077	0.9405	0.5973
820	0.6418	0.4453	1.047	0.596	0.9277	0.5706
821	0.6373	0.4379	1.064	0.5936	0.9454	0.5667
822	0.6533	0.4598	1.0816	0.6131	0.9541	0.5888
823	0.6704	0.4748	1.0747	0.6252	0.9563	0.5998
824	0.6758	0.4802	1.0588	0.6173	0.9398	0.6059
825	0.6448	0.4497	1.0632	0.5971	0.9428	0.5764
826	0.633	0.4358	1.0478	0.5861	0.9227	0.5705
827	0.6338	0.4366	1.0499	0.5927	0.9235	0.5683
828	0.6683	0.4703	1.0919	0.6233	0.9745	0.5924
829	0.6307	0.4316	1.0537	0.5867	0.9319	0.5636
830	0.6285	0.4321	1.0425	0.5863	0.9252	0.5631
831	0.628	0.4305	1.0696	0.5944	0.9349	0.5617
832	0.6344	0.4347	1.0871	0.6052	0.9602	0.5679
833	0.6227	0.4256	1.0668	0.5858	0.9285	0.5594
834	0.6312	0.4374	1.0434	0.5912	0.9205	0.569
835	0.6265	0.4297	1.0707	0.5935	0.9332	0.5625
836	0.6304	0.4353	1.0551	0.5896	0.9235	0.5668
837	0.6229	0.4258	1.0644	0.5901	0.9364	0.5591
838	0.625	0.4285	1.0445	0.5867	0.9144	0.5619
839	0.6216	0.4261	1.0497	0.5845	0.932	0.5623
840	0.6445	0.446	1.088	0.6112	0.9635	0.5765
841	0.6239	0.4291	1.0522	0.5923	0.9296	0.5636
842	0.6268	0.4303	1.0681	0.5969	0.9463	0.5621
843	0.6204	0.4241	1.0398	0.5878	0.9165	0.5592
844	0.6293	0.4314	1.0708	0.5981	0.9553	0.5666
845	0.6208	0.4254	1.0506	0.5846	0.9354	0.5663
846	0.6459	0.45	1.0943	0.6104	0.9727	0.5856
847	0.6316	0.437	1.0553	0.6022	0.9316	0.5728
848	0.7033	0.5148	1.1051	0.6509	0.9871	0.6334
849	0.6911	0.4958	1.0949	0.6444	0.9851	0.6178
850	0.6598	0.4718	1.0852	0.6289	0.9675	0.6057
851	0.626	0.4314	1.0508	0.5891	0.9279	0.5651
852	0.6346	0.4363	1.0655	0.5972	0.9575	0.5713
853	0.6402	0.4505	1.0668	0.6152	0.9333	0.5793
854	0.6488	0.447	1.0932	0.6128	0.9814	0.5792
855	0.6493	0.4499	1.0738	0.6152	0.9572	0.5817
856	0.6306	0.4318	1.0776	0.6005	0.9542	0.565
857	0.6286	0.4357	1.0547	0.5944	0.9294	0.5717
858	0.6299	0.4329	1.0607	0.5966	0.9419	0.5692
859	0.6358	0.4433	1.0542	0.5905	0.9257	0.5671
860	0.6304	0.4395	1.0501	0.6009	0.9386	0.5769
861	0.6609	0.4676	1.0884	0.6253	0.9734	0.5996
862	0.6894	0.5022	1.088	0.638	0.9646	0.6236
863	0.6443	0.4462	1.0797	0.6133	0.9588	0.5747
864	0.6637	0.464	1.1054	0.6322	0.9748	0.5935
865	0.632	0.4357	1.0719	0.6104	0.9497	0.5733
866	0.6287	0.4316	1.0615	0.5991	0.9356	0.5646
867	0.6271	0.4352	1.0489	0.5873	0.9325	0.5689
868	0.624	0.4301	1.0695	0.5939	0.9456	0.5667
869	0.623	0.4287	1.0603	0.5915	0.9439	0.5648
870	0.6177	0.4234	1.058	0.5838	0.9292	0.5582
871	0.6166	0.4234	1.0511	0.5819	0.928	0.5604
872	0.6144	0.4201	1.0607	0.589	0.9324	0.5565
873	0.6137	0.4191	1.0656	0.5894	0.9399	0.5574
874	0.628	0.4337	1.0647	0.601	0.9411	0.5684
875	0.6134	0.4201	1.0586	0.5865	0.9314	0.5562
876	0.625	0.4344	1.0639	0.5944	0.9247	0.5678
877	0.6403	0.4431	1.0897	0.6114	0.9678	0.5729
878	0.6107	0.4153	1.0584	0.5854	0.9346	0.5552
879	0.6217	0.428	1.0694	0.5976	0.9476	0.5683
880	0.6428	0.4495	1.0628	0.61	0.9603	0.5881
881	0.6381	0.4486	1.0514	0.6019	0.9304	0.5782
882	0.6115	0.4172	1.0438	0.5838	0.9267	0.5575
883	0.6195	0.4287	1.0417	0.5887	0.9267	0.5695
884	0.6231	0.4298	1.05	0.5895	0.9195	0.5655
885	0.611	0.4177	1.0519	0.5801	0.9259	0.5576
886	0.6803	0.4917	1.0837	0.639	0.9749	0.6181
887	0.6459	0.4599	1.0722	0.6113	0.9371	0.5907
888	0.6409	0.4449	1.0825	0.6112	0.9533	0.5769
889	0.6152	0.4227	1.0652	0.5923	0.9421	0.5646
890	0.6178	0.4239	1.0589	0.5936	0.9343	0.5639
891	0.612	0.4165	1.0598	0.5866	0.9462	0.5559
892	0.6253	0.435	1.053	0.5887	0.9298	0.5675
893	0.614	0.4206	1.0477	0.5842	0.9336	0.5604
894	0.6233	0.4303	1.0569	0.5958	0.9426	0.5665
895	0.6077	0.4145	1.0503	0.5797	0.9289	0.5533
896	0.6122	0.4196	1.0526	0.5826	0.9425	0.5615
897	0.6104	0.4185	1.0512	0.5898	0.9259	0.558
898	0.6116	0.4185	1.0664	0.5914	0.9486	0.5616
899	0.6511	0.4581	1.0753	0.6163	0.9517	0.5917
900	0.612	0.4187	1.069	0.5861	0.9387	0.5595
901	0.6232	0.4319	1.0831	0.605	0.9583	0.5722
902	0.6252	0.4319	1.0797	0.6116	0.9541	0.5678
903	0.6034	0.4106	1.0594	0.5786	0.9176	0.5506
904	0.6064	0.4163	1.0499	0.5782	0.9118	0.5555
905	0.614	0.4233	1.07	0.5943	0.9382	0.5613
906	0.6106	0.4196	1.0489	0.5794	0.915	0.5563
907	0.617	0.4273	1.0677	0.5933	0.945	0.5637
908	0.6057	0.4169	1.0499	0.5769	0.9138	0.5555
909	0.6036	0.4143	1.0526	0.5822	0.924	0.5572
910	0.6476	0.4597	1.0885	0.6221	0.9641	0.596
911	0.6087	0.4197	1.0484	0.581	0.9214	0.5589
912	0.6452	0.4559	1.0705	0.6106	0.9437	0.5932
913	0.6684	0.4816	1.1005	0.6422	0.9823	0.6121
914	0.6021	0.4114	1.0394	0.5813	0.9177	0.556
915	0.6114	0.4227	1.0596	0.5866	0.9322	0.5648
916	0.6089	0.4172	1.0702	0.592	0.9475	0.5567
917	0.6971	0.5031	1.1166	0.6548	1.0097	0.6291
918	0.6219	0.4336	1.0729	0.6057	0.9418	0.5769
919	0.603	0.413	1.0521	0.5842	0.9241	0.5583
920	0.6705	0.4816	1.0929	0.6439	0.9744	0.6129
921	0.6152	0.4251	1.0687	0.5919	0.9205	0.559
922	0.614	0.4248	1.0537	0.5927	0.9225	0.5636
923	0.6029	0.4135	1.0434	0.5804	0.9056	0.5529
924	0.6118	0.4233	1.0522	0.587	0.9088	0.5604
925	0.6121	0.4224	1.0575	0.5904	0.9376	0.5671
926	0.6019	0.4123	1.0429	0.5823	0.9146	0.555
927	0.5988	0.4083	1.0457	0.5774	0.9289	0.5534
928	0.6231	0.4329	1.0631	0.5996	0.9463	0.5707
929	0.6055	0.4166	1.0478	0.5838	0.9188	0.5591
930	0.6043	0.4166	1.0626	0.59	0.9286	0.561
931	0.6101	0.4208	1.063	0.5924	0.9326	0.56
932	0.604	0.4158	1.0602	0.5857	0.9241	0.5555
933	0.597	0.4086	1.0499	0.5787	0.9171	0.5511
934	0.6083	0.4176	1.0549	0.5843	0.9357	0.5603
935	0.6005	0.4127	1.0463	0.5753	0.9068	0.5489
936	0.6094	0.419	1.0657	0.5865	0.9306	0.56
937	0.6085	0.4207	1.0542	0.5881	0.9251	0.5626
938	0.6102	0.4195	1.0721	0.5953	0.9371	0.5611
939	0.6116	0.4226	1.0732	0.5968	0.9399	0.5613
940	0.598	0.4087	1.0489	0.5762	0.9217	0.5484
941	0.6221	0.4329	1.0673	0.6028	0.9362	0.5674
942	0.6007	0.4128	1.0546	0.5854	0.9278	0.5544
943	0.6144	0.4293	1.0448	0.5912	0.9185	0.5666
944	0.6007	0.4112	1.0506	0.5828	0.9232	0.5503
945	0.6042	0.414	1.0431	0.5858	0.9195	0.5545
946	0.619	0.4323	1.0579	0.5924	0.9435	0.5767
947	0.5996	0.4106	1.0381	0.5818	0.9193	0.5553
948	0.5983	0.4096	1.0568	0.58	0.936	0.5546
949	0.6259	0.4437	1.0634	0.6143	0.9392	0.5802
950	0.6059	0.4198	1.0556	0.586	0.9292	0.5597
951	0.6241	0.4354	1.0862	0.6095	0.9556	0.5713
952	0.6047	0.4145	1.0842	0.5964	0.9515	0.5554
953	0.5996	0.4139	1.0643	0.5911	0.9369	0.5581
954	0.5952	0.4047	1.0685	0.5864	0.942	0.551
955	0.6602	0.4754	1.0847	0.6354	0.9673	0.605
956	0.5948	0.4053	1.037	0.5775	0.9181	0.5505
957	0.5956	0.4078	1.0465	0.5791	0.9122	0.5516
958	0.6273	0.4393	1.0772	0.6086	0.9472	0.5791
959	0.5985	0.412	1.0647	0.5908	0.9235	0.5539
960	0.5971	0.4106	1.073	0.5943	0.9338	0.5531
961	0.6093	0.419	1.0848	0.6009	0.9565	0.5598
962	0.6214	0.4331	1.0731	0.6049	0.9453	0.5769
963	0.6321	0.448	1.0891	0.6215	0.9595	0.5865
964	0.6029	0.4141	1.0442	0.5852	0.9141	0.554
965	0.6073	0.422	1.0522	0.5899	0.9397	0.5673
966	0.6673	0.4865	1.0845	0.6408	0.9556	0.6218
967	0.695	0.5104	1.1149	0.6665	0.9941	0.6377
968	0.6838	0.508	1.1068	0.6561	0.9671	0.6317
969	0.66	0.472	1.0875	0.6263	0.9789	0.6027
970	0.6046	0.4186	1.0527	0.5864	0.9227	0.5601
971	0.6044	0.4147	1.0613	0.5909	0.9376	0.559
972	0.5978	0.4096	1.0439	0.5842	0.909	0.5518
973	0.6043	0.416	1.0722	0.5869	0.9427	0.5558
974	0.604	0.415	1.0693	0.5886	0.9323	0.555
975	0.6128	0.426	1.0624	0.5932	0.9239	0.5684
976	0.602	0.418	1.0684	0.5908	0.9324	0.5613
977	0.6047	0.4203	1.0689	0.5936	0.9417	0.5617
978	0.6051	0.4178	1.0478	0.5827	0.9152	0.5586
979	0.5997	0.4126	1.0573	0.5918	0.9267	0.5566
980	0.601	0.4138	1.0844	0.5989	0.9511	0.5613
981	0.6004	0.4149	1.0639	0.5948	0.9229	0.5581
982	0.5876	0.3994	1.0523	0.5776	0.9279	0.547
983	0.5915	0.4067	1.0527	0.5856	0.9217	0.5527
984	0.5871	0.4	1.0446	0.5794	0.9121	0.5488
985	0.5873	0.3999	1.0699	0.585	0.93	0.544
986	0.5967	0.4105	1.062	0.5894	0.9338	0.5563
987	0.6161	0.4339	1.0611	0.6093	0.9235	0.5738
988	0.6119	0.4238	1.0743	0.6013	0.9483	0.564
989	0.5844	0.3978	1.0531	0.581	0.9201	0.5465
990	0.6424	0.4637	1.0782	0.6288	0.959	0.6023
991	0.5897	0.4035	1.0534	0.5791	0.9349	0.5523
992	0.5894	0.4063	1.0433	0.5827	0.9167	0.5529
993	0.5933	0.4069	1.058	0.5877	0.9432	0.557
994	0.5843	0.3987	1.0516	0.5797	0.9201	0.549
995	0.5854	0.4001	1.0531	0.5797	0.9215	0.5527
996	0.5855	0.401	1.0574	0.5837	0.9091	0.5486
997	0.5901	0.4018	1.0781	0.5855	0.9507	0.5493
998	0.5965	0.4148	1.0479	0.5976	0.9088	0.5581
999	0.5907	0.4044	1.0738	0.5935	0.9348	0.5507
1000	0.5778	0.3935	1.041	0.5768	0.9041	0.5444
1001	0.586	0.3999	1.0663	0.5886	0.9303	0.5475
1002	0.5759	0.3904	1.0571	0.5772	0.9171	0.5429
1003	0.5781	0.392	1.0672	0.5811	0.9291	0.5436
1004	0.5766	0.3917	1.0571	0.5777	0.9187	0.5444
1005	0.5796	0.3939	1.0608	0.5813	0.9244	0.5456
1006	0.5781	0.3923	1.0611	0.582	0.9239	0.544
1007	0.5762	0.392	1.0527	0.5763	0.9132	0.5441
1008	0.5817	0.3964	1.0615	0.5847	0.9247	0.5465
1009	0.5751	0.3898	1.0627	0.5807	0.9229	0.5417
1010	0.5742	0.3892	1.0598	0.5783	0.9183	0.5409
1011	0.5835	0.3979	1.0688	0.5879	0.9294	0.5474
1012	0.5735	0.3878	1.0567	0.5773	0.9165	0.5417
1013	0.5766	0.3913	1.0632	0.5805	0.9238	0.5441
1014	0.5759	0.3906	1.0592	0.5786	0.9211	0.5437
1015	0.5737	0.3888	1.0577	0.5772	0.918	0.5414
1016	0.5743	0.3893	1.061	0.5801	0.9212	0.5409
1017	0.5736	0.389	1.0572	0.5776	0.9164	0.542
1018	0.5778	0.392	1.0665	0.5834	0.9267	0.5436
1019	0.5739	0.389	1.0553	0.5764	0.9153	0.5425
1020	0.5772	0.3917	1.0695	0.5832	0.9315	0.5428
1021	0.5741	0.3893	1.0617	0.5783	0.9233	0.5425
1022	0.5729	0.3883	1.06	0.5764	0.9204	0.5419
1023	0.5749	0.39	1.0599	0.5787	0.9215	0.5435
1024	0.5733	0.3883	1.0548	0.5782	0.9155	0.5412
1025	0.5732	0.3896	1.0503	0.576	0.9119	0.5428
1026	0.5759	0.3906	1.0595	0.5804	0.9249	0.5433
1027	0.5758	0.3912	1.0553	0.5793	0.9203	0.5436
1028	0.5716	0.3871	1.0531	0.5762	0.9159	0.5405
1029	0.5719	0.3877	1.0532	0.5764	0.9165	0.542
1030	0.572	0.3874	1.0518	0.5753	0.9166	0.5424
1031	0.5737	0.3887	1.0571	0.5791	0.9212	0.5423
1032	0.5729	0.3884	1.0552	0.5784	0.9189	0.5419
1033	0.5725	0.388	1.0544	0.5779	0.9185	0.5421
1034	0.5795	0.3948	1.0584	0.5833	0.9243	0.5477
1035	0.5726	0.3889	1.0495	0.5771	0.9138	0.5436
1036	0.5808	0.3952	1.0624	0.5871	0.9278	0.5469
1037	0.5723	0.3875	1.0553	0.5787	0.9204	0.5411
1038	0.5707	0.3869	1.0511	0.5761	0.9152	0.5407
1039	0.5726	0.3884	1.0534	0.5786	0.9186	0.5425
1040	0.571	0.3872	1.0486	0.5757	0.9132	0.5422
1041	0.5848	0.3996	1.0649	0.5905	0.9318	0.5498
1042	0.5722	0.3888	1.0425	0.5758	0.9066	0.5418
1043	0.575	0.3915	1.0556	0.5834	0.9171	0.545
1044	0.5703	0.3867	1.0505	0.5748	0.9145	0.542
1045	0.5717	0.3869	1.0576	0.5775	0.9252	0.5429
1046	0.573	0.3884	1.0589	0.5791	0.9271	0.5443
1047	0.5762	0.3924	1.0595	0.5827	0.9265	0.5465
1048	0.5717	0.3879	1.057	0.5796	0.9221	0.5436
1049	0.57	0.3863	1.052	0.5765	0.9156	0.5411
1050	0.5727	0.388	1.0572	0.5793	0.9247	0.5427
1051	0.5717	0.387	1.053	0.5769	0.9231	0.5436
1052	0.5733	0.389	1.0549	0.5787	0.9251	0.5444
1053	0.5723	0.3889	1.0533	0.5785	0.9208	0.5432
1054	0.5722	0.3895	1.0507	0.5785	0.9156	0.544
1055	0.5731	0.3885	1.059	0.5818	0.9261	0.5426
1056	0.5719	0.388	1.0512	0.5781	0.9207	0.5438
1057	0.57	0.3855	1.052	0.5765	0.9208	0.5409
1058	0.5703	0.3865	1.0548	0.5766	0.9218	0.5411
1059	0.5742	0.3903	1.0614	0.5803	0.9289	0.5452
1060	0.5697	0.386	1.0547	0.5759	0.9242	0.5442
1061	0.5702	0.3871	1.0523	0.578	0.9201	0.5453
1062	0.575	0.3913	1.0572	0.5825	0.9286	0.5472
1063	0.5746	0.3907	1.0617	0.5833	0.9327	0.5457
1064	0.5693	0.3855	1.0511	0.5778	0.9215	0.5428
1065	0.5693	0.386	1.0487	0.5768	0.92	0.5438
1066	0.5689	0.3855	1.0498	0.5757	0.918	0.5435
1067	0.5684	0.385	1.0481	0.5758	0.9155	0.5424
1068	0.5711	0.3879	1.0508	0.5793	0.9194	0.5445
1069	0.5686	0.3852	1.0481	0.5768	0.9142	0.5426
1070	0.5801	0.3968	1.063	0.5879	0.9288	0.5496
1071	0.5697	0.3863	1.0527	0.5776	0.9182	0.543
1072	0.5718	0.3886	1.0579	0.5788	0.9223	0.5452
1073	0.5729	0.3897	1.0534	0.5786	0.919	0.546
1074	0.5782	0.394	1.0606	0.5833	0.9262	0.5478
1075	0.5686	0.3857	1.0518	0.5732	0.9144	0.5415
1076	0.5709	0.3872	1.0594	0.5785	0.9236	0.5417
1077	0.5689	0.385	1.0567	0.5764	0.9216	0.5407
1078	0.5681	0.3847	1.0549	0.5756	0.9199	0.5412
1079	0.5683	0.385	1.0555	0.5764	0.9214	0.5431
1080	0.5724	0.3886	1.057	0.58	0.9263	0.5462
1081	0.5726	0.3881	1.0597	0.5804	0.931	0.5442
1082	0.5679	0.3843	1.0535	0.5756	0.9246	0.5416
1083	0.5741	0.3913	1.0565	0.5811	0.9283	0.5461
1084	0.5838	0.4046	1.0639	0.5936	0.9326	0.5578
1085	0.5678	0.3846	1.0503	0.5751	0.9192	0.5416
1086	0.578	0.3952	1.0576	0.5853	0.9294	0.5485
1087	0.5743	0.3913	1.0553	0.5822	0.9223	0.5434
1088	0.5677	0.3846	1.0484	0.5741	0.9133	0.5407
1089	0.569	0.3859	1.056	0.5766	0.9201	0.5421
1090	0.5677	0.3846	1.0515	0.5745	0.9187	0.5409
1091	0.5732	0.3899	1.0575	0.5807	0.9268	0.5452
1092	0.5681	0.3849	1.057	0.5774	0.9261	0.5421
1093	0.567	0.3839	1.0523	0.5753	0.9207	0.5418
1094	0.5751	0.392	1.0567	0.5826	0.9257	0.5475
1095	0.5725	0.3889	1.0565	0.5803	0.9237	0.5451
1096	0.5713	0.3889	1.0556	0.5788	0.9215	0.5445
1097	0.5667	0.3836	1.0531	0.5729	0.9201	0.5401
1098	0.5815	0.3994	1.0641	0.5857	0.9315	0.551
1099	0.5702	0.3879	1.0607	0.5809	0.9217	0.5416
1100	0.5676	0.3849	1.0557	0.5758	0.9146	0.5394
1101	0.5763	0.3932	1.0638	0.5848	0.9298	0.5457
1102	0.5677	0.3847	1.0534	0.5773	0.9218	0.5414
1103	0.5666	0.3834	1.0547	0.5764	0.9211	0.541
1104	0.568	0.3842	1.059	0.5784	0.9254	0.5411
1105	0.5678	0.3848	1.0559	0.5762	0.9233	0.5425
1106	0.5699	0.3873	1.054	0.5764	0.9223	0.5451
1107	0.5681	0.3861	1.0517	0.5775	0.9148	0.5421
1108	0.5662	0.3837	1.0519	0.5741	0.9173	0.5407
1109	0.5723	0.3886	1.0635	0.5801	0.9301	0.5441
1110	0.5707	0.3883	1.0585	0.5793	0.9251	0.5436
1111	0.5653	0.3827	1.053	0.575	0.9185	0.5397
1112	0.5679	0.3864	1.0512	0.5768	0.9176	0.5432
1113	0.5693	0.3868	1.0569	0.5797	0.9214	0.5434
1114	0.5698	0.3871	1.055	0.5796	0.9195	0.5435
1115	0.5688	0.3857	1.0608	0.5789	0.927	0.5411
1116	0.5675	0.3853	1.0553	0.576	0.9198	0.541
1117	0.5652	0.3834	1.0491	0.5717	0.9109	0.5398
1118	0.5657	0.3835	1.0536	0.5748	0.9153	0.5396
1119	0.5699	0.3869	1.0642	0.5795	0.929	0.5418
1120	0.5695	0.3871	1.0557	0.5779	0.9235	0.5443
1121	0.5692	0.3861	1.057	0.5789	0.9229	0.5425
1122	0.565	0.3828	1.0502	0.5741	0.9137	0.5408
1123	0.5682	0.3853	1.0564	0.5793	0.9207	0.5427
1124	0.5667	0.3853	1.0543	0.5765	0.9167	0.5431
1125	0.5654	0.3824	1.0565	0.5759	0.9191	0.5404
1126	0.5653	0.3828	1.055	0.5767	0.9178	0.5399
1127	0.5678	0.3852	1.0561	0.5777	0.9208	0.5408
1128	0.5673	0.3846	1.0574	0.5776	0.9229	0.541
1129	0.5656	0.3831	1.0602	0.5764	0.9241	0.5401
1130	0.5709	0.3915	1.0582	0.5819	0.9179	0.5463
1131	0.5654	0.3843	1.0522	0.5753	0.9149	0.5411
1132	0.6034	0.4241	1.0782	0.6081	0.9507	0.5729
1133	0.5642	0.3819	1.0551	0.5754	0.9209	0.5394
1134	0.565	0.3836	1.0543	0.5755	0.9172	0.5412
1135	0.5645	0.3823	1.0549	0.5754	0.9173	0.5392
1136	0.5651	0.3821	1.0562	0.5756	0.9207	0.5397
1137	0.571	0.3887	1.0586	0.5805	0.9253	0.5443
1138	0.5643	0.382	1.0535	0.5746	0.9178	0.539
1139	0.5649	0.3823	1.0549	0.5766	0.9193	0.5387
1140	0.5649	0.3824	1.0529	0.5756	0.9164	0.5388
1141	0.5693	0.3866	1.0573	0.5788	0.9242	0.5435
1142	0.5644	0.3829	1.0519	0.574	0.917	0.5417
1143	0.5648	0.3825	1.0551	0.5761	0.919	0.5402
1144	0.5674	0.3851	1.0573	0.5781	0.9223	0.5424
1145	0.5647	0.3816	1.0573	0.5767	0.9229	0.5411
1146	0.5648	0.3821	1.0529	0.5753	0.9184	0.5414
1147	0.5632	0.3808	1.0531	0.5743	0.9156	0.5393
1148	0.5637	0.3813	1.0571	0.5755	0.9181	0.5389
1149	0.566	0.3838	1.0514	0.576	0.9158	0.5415
1150	0.5646	0.383	1.0502	0.5769	0.9161	0.5418
1151	0.5635	0.3818	1.0509	0.575	0.9148	0.5414
1152	0.5641	0.381	1.0567	0.5769	0.9206	0.5397
1153	0.5664	0.3837	1.0592	0.579	0.9228	0.5403
1154	0.5672	0.3853	1.0532	0.5772	0.9156	0.542
1155	0.5704	0.3879	1.0597	0.5817	0.9235	0.5429
1156	0.564	0.3821	1.0557	0.5769	0.9192	0.541
1157	0.5688	0.3882	1.0577	0.5812	0.9205	0.5464
1158	0.5754	0.3934	1.0709	0.5876	0.9349	0.5482
1159	0.5737	0.3919	1.0655	0.5848	0.9317	0.5486
1160	0.5633	0.3815	1.0575	0.5771	0.9208	0.5408
1161	0.5685	0.3867	1.0578	0.5803	0.9195	0.5438
1162	0.5625	0.3807	1.0568	0.5752	0.9174	0.5402
1163	0.5631	0.3807	1.059	0.5764	0.9214	0.541
1164	0.564	0.3816	1.063	0.5787	0.9256	0.5405
1165	0.5646	0.383	1.0583	0.5788	0.9228	0.5415
1166	0.5669	0.387	1.0572	0.5812	0.9208	0.5467
1167	0.5623	0.3803	1.0547	0.5734	0.918	0.5401
1168	0.5646	0.3821	1.0601	0.5779	0.9238	0.5402
1169	0.5611	0.3787	1.0509	0.5728	0.9174	0.5399
1170	0.5627	0.3803	1.0535	0.5768	0.9208	0.5417
1171	0.5624	0.3805	1.0572	0.5755	0.9249	0.5405
1172	0.5678	0.3857	1.0584	0.5787	0.9268	0.5447
1173	0.5621	0.3801	1.056	0.5754	0.9225	0.5395
1174	0.5613	0.3791	1.0548	0.5735	0.9225	0.5399
1175	0.5626	0.3808	1.0565	0.5759	0.9205	0.5408
1176	0.5627	0.3806	1.0593	0.5766	0.9223	0.5409
1177	0.5631	0.3809	1.0602	0.5768	0.9243	0.5409
1178	0.5625	0.3802	1.0629	0.5768	0.9244	0.5399
1179	0.5647	0.3828	1.059	0.5774	0.9211	0.5413
1180	0.567	0.3845	1.0628	0.5815	0.9247	0.5409
1181	0.5616	0.3796	1.0572	0.5741	0.9202	0.5393
1182	0.5644	0.3824	1.0611	0.5769	0.9244	0.5394
1183	0.5629	0.3811	1.0601	0.5775	0.9215	0.5376
1184	0.5604	0.3793	1.0515	0.574	0.9148	0.5382
1185	0.562	0.3813	1.0523	0.5775	0.9164	0.5406
1186	0.5613	0.3802	1.0542	0.576	0.9194	0.5396
1187	0.5611	0.3797	1.0579	0.576	0.9218	0.5389
1188	0.564	0.3826	1.0545	0.5782	0.9201	0.5414
1189	0.5631	0.3812	1.0593	0.5781	0.9224	0.5396
1190	0.5663	0.3844	1.0626	0.5787	0.9255	0.5429
1191	0.5645	0.3827	1.0624	0.578	0.9274	0.5431
1192	0.5624	0.3804	1.0614	0.5792	0.9264	0.5398
1193	0.5611	0.3795	1.0541	0.5773	0.9188	0.5393
1194	0.5626	0.3809	1.0582	0.5775	0.9247	0.5409
1195	0.5643	0.382	1.064	0.5789	0.9301	0.5418
1196	0.5602	0.3792	1.0516	0.5732	0.9134	0.5399
1197	0.5644	0.3836	1.0584	0.5816	0.9221	0.5424
1198	0.564	0.3832	1.0579	0.5781	0.9213	0.5423
1199	0.5661	0.3841	1.0645	0.5801	0.9324	0.5422
1200	0.5676	0.3864	1.0573	0.5809	0.9269	0.5461
1201	0.5642	0.3831	1.0536	0.5771	0.9203	0.5427
1202	0.5653	0.3845	1.0652	0.5821	0.9301	0.5435
1203	0.5664	0.3859	1.0575	0.5788	0.9232	0.5439
1204	0.5631	0.3814	1.0595	0.5796	0.9242	0.541
1205	0.5609	0.3799	1.0567	0.5747	0.9194	0.54
1206	0.5614	0.3796	1.0589	0.5766	0.922	0.5397
1207	0.5663	0.3847	1.0603	0.579	0.9253	0.543
1208	0.5616	0.3798	1.0612	0.5767	0.9243	0.5403
1209	0.5611	0.3795	1.0621	0.5762	0.9225	0.5391
1210	0.5604	0.3793	1.0594	0.576	0.9205	0.5386
1211	0.5639	0.3828	1.0522	0.5767	0.9178	0.5425
1212	0.5621	0.3804	1.0536	0.5763	0.9207	0.5401
1213	0.5604	0.3788	1.0561	0.5755	0.9212	0.5385
1214	0.5604	0.3792	1.0546	0.5765	0.9192	0.5399
1215	0.5636	0.3819	1.0544	0.5788	0.9196	0.541
1216	0.5613	0.3793	1.0508	0.5762	0.9164	0.5394
1217	0.56	0.378	1.0503	0.5739	0.9174	0.5392
1218	0.559	0.3774	1.0503	0.5734	0.9176	0.5397
1219	0.5617	0.3802	1.0524	0.5762	0.9191	0.5422
1220	0.5637	0.3812	1.054	0.5777	0.9252	0.5432
1221	0.5607	0.3786	1.0517	0.5752	0.919	0.5402
1222	0.5599	0.3793	1.052	0.5754	0.9153	0.5393
1223	0.5617	0.3801	1.0564	0.577	0.9216	0.5408
1224	0.5622	0.3808	1.0656	0.5813	0.9292	0.5406
1225	0.5594	0.3786	1.0485	0.5755	0.9142	0.5405
1226	0.5613	0.3797	1.0593	0.5816	0.9249	0.5423
1227	0.5603	0.379	1.0564	0.5779	0.9229	0.5422
1228	0.5605	0.379	1.0573	0.5776	0.925	0.5413
1229	0.5654	0.3843	1.06	0.5816	0.9283	0.5439
1230	0.5596	0.3788	1.0538	0.5763	0.9186	0.5386
1231	0.5598	0.3794	1.0557	0.5782	0.9166	0.5406
1232	0.5593	0.3783	1.0547	0.5752	0.9158	0.5404
1233	0.5592	0.3775	1.0587	0.5763	0.9195	0.5396
1234	0.5597	0.3783	1.0609	0.5795	0.922	0.5399
1235	0.5588	0.3776	1.0547	0.5765	0.9193	0.5405
1236	0.559	0.3777	1.0606	0.5782	0.9234	0.5394
1237	0.5609	0.3796	1.0627	0.5797	0.9259	0.5406
1238	0.5577	0.3776	1.0518	0.5753	0.9163	0.5398
1239	0.5593	0.3783	1.0571	0.5777	0.9214	0.5394
1240	0.5582	0.3775	1.0556	0.5765	0.9187	0.5388
1241	0.5637	0.383	1.0614	0.5825	0.9273	0.5426
1242	0.5646	0.3842	1.0614	0.5834	0.9268	0.5436
1243	0.5649	0.3844	1.0597	0.5823	0.924	0.5438
1244	0.5584	0.3775	1.0556	0.5756	0.9175	0.5376
1245	0.5583	0.3778	1.0555	0.5763	0.9144	0.5368
1246	0.5577	0.3768	1.0549	0.5741	0.9182	0.5377
1247	0.5609	0.3795	1.06	0.5783	0.9266	0.5413
1248	0.559	0.3779	1.061	0.5783	0.9275	0.54
1249	0.5572	0.3764	1.0554	0.5743	0.9211	0.5403
1250	0.5581	0.377	1.0589	0.5774	0.9246	0.5411
1251	0.5586	0.3776	1.0597	0.5772	0.923	0.5407
1252	0.5579	0.3775	1.0568	0.5755	0.9174	0.5384
1253	0.5627	0.3819	1.0608	0.5799	0.9204	0.5412
1254	0.5615	0.3816	1.0529	0.577	0.9137	0.5421
1255	0.5585	0.377	1.0587	0.5773	0.9201	0.5384
1256	0.556	0.3755	1.0523	0.5741	0.911	0.5383
1257	0.559	0.3781	1.0566	0.5789	0.9161	0.5399
1258	0.5559	0.3758	1.0546	0.5758	0.9136	0.5384
1259	0.5581	0.3776	1.0601	0.579	0.9238	0.5398
1260	0.5595	0.3784	1.0617	0.5793	0.926	0.5404
1261	0.5583	0.3774	1.0552	0.5766	0.9194	0.54
1262	0.5572	0.3771	1.0543	0.5761	0.9179	0.5397
1263	0.5603	0.3799	1.0532	0.577	0.919	0.5418
1264	0.5602	0.3795	1.0576	0.5793	0.9237	0.5406
1265	0.5573	0.3773	1.0549	0.575	0.9206	0.5404
1266	0.5619	0.3813	1.0683	0.5824	0.9333	0.5424
1267	0.5596	0.3793	1.0602	0.5766	0.9238	0.5415
1268	0.5633	0.3822	1.0702	0.5822	0.9343	0.5428
1269	0.5561	0.3757	1.0515	0.5737	0.9179	0.5396
1270	0.5572	0.3773	1.0506	0.5755	0.9177	0.5401
1271	0.5567	0.3765	1.0536	0.5744	0.9202	0.539
1272	0.5572	0.3776	1.0579	0.5764	0.9225	0.5403
1273	0.5564	0.3761	1.0578	0.575	0.9233	0.5386
1274	0.5591	0.3794	1.0509	0.5764	0.9179	0.541
1275	0.5571	0.3769	1.0487	0.5738	0.916	0.54
1276	0.5558	0.3757	1.0541	0.5717	0.9191	0.5393
1277	0.5577	0.3778	1.0568	0.574	0.9205	0.5398
1278	0.5577	0.3777	1.0563	0.575	0.9216	0.5396
1279	0.5635	0.3827	1.0689	0.5824	0.9343	0.5417
1280	0.5566	0.3763	1.0593	0.5747	0.9233	0.5388
1281	0.5564	0.3763	1.0533	0.5754	0.9152	0.5394
1282	0.5558	0.3766	1.0544	0.5757	0.9134	0.5386
1283	0.5575	0.3775	1.0627	0.5777	0.9255	0.5379
1284	0.562	0.3826	1.0606	0.5793	0.9297	0.5438
1285	0.5572	0.3776	1.0568	0.5766	0.9229	0.5404
1286	0.558	0.3788	1.0576	0.5769	0.9216	0.542
1287	0.5558	0.3767	1.0558	0.5748	0.9194	0.5398
1288	0.5562	0.3772	1.0571	0.5748	0.9207	0.5396
1289	0.5566	0.3777	1.0588	0.5771	0.9193	0.539
1290	0.5558	0.3762	1.0566	0.5743	0.9202	0.5391
1291	0.5584	0.3791	1.0641	0.5791	0.9273	0.5404
1292	0.5564	0.3774	1.0563	0.5739	0.9205	0.5413
1293	0.5546	0.3741	1.0561	0.5718	0.9203	0.539
1294	0.5575	0.3778	1.0543	0.576	0.92	0.5411
1295	0.5615	0.3823	1.052	0.5776	0.92	0.5443
1296	0.5581	0.3771	1.0567	0.5758	0.9242	0.5396
1297	0.5546	0.3752	1.0485	0.5719	0.9116	0.5384
1298	0.5549	0.3747	1.0536	0.5731	0.9164	0.538
1299	0.556	0.3755	1.0557	0.5731	0.9193	0.5391
1300	0.5563	0.3761	1.0571	0.5743	0.9209	0.5394
1301	0.5555	0.376	1.0555	0.575	0.9187	0.5394
1302	0.5545	0.3749	1.0563	0.5754	0.9202	0.5385
1303	0.5594	0.3803	1.0632	0.5801	0.9254	0.5418
1304	0.557	0.378	1.0605	0.5777	0.9202	0.5391
1305	0.5598	0.3805	1.0666	0.582	0.9261	0.5409
1306	0.5569	0.3785	1.0554	0.5759	0.916	0.5415
1307	0.5568	0.3782	1.0643	0.5795	0.925	0.5411
1308	0.5542	0.3758	1.0514	0.5727	0.9135	0.5392
1309	0.5564	0.3782	1.0581	0.5787	0.9212	0.54
1310	0.5582	0.3799	1.062	0.5788	0.9238	0.5393
1311	0.556	0.3775	1.0587	0.5772	0.9192	0.5393
1312	0.5533	0.3752	1.0528	0.5754	0.9124	0.5388
1313	0.5551	0.3756	1.0629	0.5762	0.9239	0.5388
1314	0.5567	0.3768	1.0663	0.577	0.9279	0.5405
1315	0.5603	0.3805	1.0594	0.5784	0.9284	0.5464
1316	0.5581	0.3779	1.0635	0.5792	0.9283	0.5432
1317	0.5553	0.3759	1.0632	0.5763	0.9233	0.5408
1318	0.5566	0.3768	1.0685	0.5785	0.9296	0.5404
1319	0.5565	0.3776	1.0611	0.5766	0.9252	0.5414
1320	0.5565	0.377	1.066	0.58	0.928	0.5394
1321	0.5551	0.3757	1.0609	0.5759	0.9184	0.5376
1322	0.5539	0.3752	1.0545	0.5747	0.9145	0.5392
1323	0.5565	0.377	1.0557	0.5771	0.9186	0.5411
1324	0.5627	0.383	1.0677	0.5845	0.9301	0.5446
1325	0.5532	0.3745	1.0534	0.5734	0.9144	0.5388
1326	0.5549	0.3759	1.0588	0.5783	0.922	0.5411
1327	0.566	0.3877	1.0661	0.5864	0.9314	0.5496
1328	0.5678	0.3896	1.0676	0.5888	0.9325	0.5497
1329	0.5524	0.3739	1.0556	0.5759	0.9177	0.5389
1330	0.5526	0.3739	1.0573	0.5761	0.9203	0.5388
1331	0.5556	0.3764	1.0623	0.5805	0.9235	0.5393
1332	0.5536	0.3746	1.0562	0.5773	0.9171	0.5388
1333	0.5558	0.3764	1.0605	0.5779	0.9244	0.5399
1334	0.5563	0.377	1.0607	0.5773	0.926	0.5395
1335	0.5552	0.3759	1.0588	0.5761	0.9264	0.5403
1336	0.5538	0.3741	1.0572	0.5745	0.9211	0.5394
1337	0.5519	0.3722	1.0579	0.5739	0.919	0.5378
1338	0.5544	0.3744	1.0612	0.5772	0.9219	0.5381
1339	0.5537	0.3743	1.0578	0.5756	0.9154	0.5364
1340	0.5564	0.3768	1.0604	0.577	0.9211	0.5376
1341	0.5563	0.3772	1.0576	0.5774	0.9206	0.5397
1342	0.5539	0.3746	1.0557	0.5768	0.9216	0.5392
1343	0.5512	0.3724	1.0525	0.5725	0.9155	0.5365
1344	0.5543	0.376	1.0582	0.5748	0.9228	0.5387
1345	0.5517	0.3728	1.0554	0.5735	0.9201	0.5368
1346	0.5603	0.3816	1.0608	0.5815	0.9235	0.5435
1347	0.5558	0.3771	1.0526	0.5767	0.914	0.5398
1348	0.5551	0.376	1.0615	0.5785	0.9221	0.538
1349	0.5534	0.3741	1.0589	0.5769	0.9217	0.5389
1350	0.5533	0.3746	1.061	0.5767	0.9259	0.5391
1351	0.5527	0.3745	1.0515	0.574	0.9189	0.5402
1352	0.5516	0.3735	1.0513	0.5758	0.9148	0.538
1353	0.557	0.3791	1.0579	0.5801	0.9187	0.5406
1354	0.5521	0.3739	1.0566	0.5751	0.9175	0.5382
1355	0.5535	0.3744	1.0595	0.5768	0.9248	0.5394
1356	0.5512	0.3721	1.0545	0.5735	0.9179	0.5372
1357	0.5537	0.3751	1.0587	0.5767	0.9227	0.5392
1358	0.5521	0.3728	1.0531	0.5718	0.9207	0.5396
1359	0.5539	0.3746	1.0568	0.5769	0.9235	0.5399
1360	0.554	0.3743	1.0573	0.5754	0.926	0.5384
1361	0.5544	0.3748	1.0544	0.5739	0.9241	0.5402
1362	0.5583	0.3781	1.0615	0.5784	0.9275	0.5427
1363	0.5513	0.3726	1.048	0.5687	0.911	0.5391
1364	0.5538	0.3754	1.056	0.5757	0.9205	0.5409
1365	0.5521	0.373	1.0551	0.5754	0.9217	0.5377
1366	0.552	0.3731	1.0502	0.5735	0.9179	0.5401
1367	0.5651	0.3852	1.067	0.5852	0.9367	0.5501
1368	0.56	0.3815	1.0646	0.5825	0.9296	0.5452
1369	0.5525	0.3736	1.0537	0.5746	0.9188	0.5394
1370	0.552	0.3729	1.0542	0.5763	0.9211	0.5392
1371	0.5516	0.372	1.0544	0.5743	0.9219	0.5395
1372	0.5527	0.3733	1.0554	0.5751	0.9232	0.5412
1373	0.5517	0.3723	1.0542	0.5757	0.9237	0.541
1374	0.5512	0.3724	1.0559	0.5741	0.9254	0.5413
1375	0.5516	0.3729	1.0579	0.5755	0.9234	0.5405
1376	0.5498	0.3721	1.0534	0.573	0.9174	0.5391
1377	0.5553	0.3764	1.0642	0.5804	0.9272	0.5423
1378	0.5523	0.374	1.0548	0.5761	0.9174	0.5429
1379	0.5515	0.3733	1.0568	0.5766	0.9207	0.5414
1380	0.5538	0.375	1.0582	0.5786	0.9235	0.5412
1381	0.5513	0.3729	1.057	0.5765	0.9221	0.5402
1382	0.5547	0.3786	1.0572	0.5786	0.9206	0.5444
1383	0.5526	0.3741	1.0567	0.577	0.9212	0.5424
1384	0.5614	0.3836	1.0621	0.5852	0.9262	0.5481
1385	0.5528	0.3743	1.0548	0.5771	0.9206	0.5423
1386	0.5532	0.3751	1.0642	0.5771	0.9295	0.5415
1387	0.5504	0.373	1.0537	0.5734	0.9176	0.5398
1388	0.558	0.3809	1.0582	0.5832	0.9217	0.5456
1389	0.5538	0.3763	1.0601	0.5787	0.9229	0.5433
1390	0.5552	0.3765	1.071	0.5809	0.9364	0.5419
1391	0.554	0.3757	1.0613	0.5785	0.9279	0.5427
1392	0.5488	0.3711	1.0561	0.5739	0.917	0.5389
1393	0.5512	0.3738	1.0632	0.5784	0.9253	0.5414
1394	0.5529	0.3772	1.0596	0.5784	0.9221	0.5434
1395	0.5505	0.3729	1.0618	0.5767	0.9281	0.5404
1396	0.5539	0.3767	1.0603	0.5782	0.9255	0.5432
1397	0.5545	0.3763	1.0591	0.5776	0.922	0.5421
1398	0.5503	0.3718	1.0592	0.5739	0.9199	0.5377
1399	0.5497	0.3717	1.0534	0.5718	0.9144	0.5383
1400	0.5497	0.3717	1.0534	0.5737	0.918	0.5392
1401	0.5593	0.3819	1.0587	0.5825	0.9283	0.5469
1402	0.5535	0.3758	1.0569	0.5783	0.9246	0.5409
1403	0.5489	0.3705	1.054	0.5734	0.9192	0.5378
1404	0.5495	0.372	1.0519	0.5726	0.9148	0.5401
1405	0.5508	0.3729	1.0526	0.5742	0.9162	0.5408
1406	0.5496	0.3716	1.0568	0.5749	0.9205	0.5388
1407	0.5498	0.3725	1.0592	0.575	0.9236	0.5406
1408	0.5566	0.3792	1.0598	0.5809	0.9263	0.5453
1409	0.557	0.3793	1.0605	0.5821	0.9262	0.5441
1410	0.5519	0.3733	1.0635	0.578	0.9268	0.5382
1411	0.5496	0.3717	1.0517	0.5724	0.9164	0.5391
1412	0.5494	0.3716	1.0511	0.5725	0.9152	0.5393
1413	0.5527	0.3743	1.0576	0.5777	0.9226	0.5404
1414	0.5477	0.3711	1.0459	0.573	0.9076	0.5381
1415	0.5503	0.3727	1.0522	0.5759	0.9154	0.5395
1416	0.5576	0.3794	1.0614	0.5821	0.9281	0.545
1417	0.5486	0.3706	1.0528	0.5729	0.9193	0.5384
1418	0.5494	0.3722	1.0575	0.5757	0.9214	0.5385
1419	0.5493	0.372	1.0538	0.5749	0.9159	0.5387
1420	0.554	0.376	1.0615	0.5789	0.9264	0.5399
1421	0.5575	0.3802	1.0621	0.5811	0.9281	0.5428
1422	0.5495	0.3722	1.0529	0.5752	0.9161	0.5397
1423	0.5472	0.3704	1.0497	0.5717	0.9117	0.5379
1424	0.5551	0.3768	1.0632	0.581	0.9262	0.5429
1425	0.5579	0.3815	1.058	0.5811	0.9228	0.5473
1426	0.5575	0.3795	1.0655	0.5822	0.9333	0.5459
1427	0.5477	0.3703	1.0536	0.5716	0.9197	0.5396
1428	0.5484	0.3713	1.0563	0.5747	0.9194	0.5401
1429	0.5484	0.3703	1.0554	0.574	0.9173	0.5393
1430	0.5589	0.3808	1.0635	0.5823	0.9308	0.5461
1431	0.5476	0.3703	1.0518	0.5727	0.9152	0.5388
1432	0.5493	0.3733	1.0554	0.5754	0.9175	0.5415
1433	0.5496	0.3736	1.059	0.5769	0.923	0.5424
1434	0.5519	0.3743	1.0608	0.5792	0.9255	0.5419
1435	0.5561	0.3788	1.0638	0.5821	0.9297	0.5458
1436	0.5517	0.3743	1.0605	0.5786	0.924	0.5426
1437	0.5476	0.3708	1.0576	0.5745	0.92	0.5397
1438	0.5492	0.3715	1.0562	0.5761	0.92	0.5398
1439	0.5469	0.3703	1.0514	0.5739	0.9136	0.5381
1440	0.5476	0.3713	1.056	0.5748	0.9196	0.5404
1441	0.5545	0.3765	1.0702	0.5811	0.9352	0.5424
1442	0.5498	0.3723	1.0632	0.577	0.9261	0.5387
1443	0.5464	0.3692	1.0545	0.5733	0.9164	0.5381
1444	0.5477	0.3701	1.056	0.5759	0.918	0.5392
1445	0.5467	0.3693	1.0541	0.574	0.9152	0.5384
1446	0.5478	0.3703	1.0552	0.5757	0.9168	0.5368
1447	0.5486	0.3713	1.0643	0.5766	0.9266	0.538
1448	0.5476	0.3715	1.0558	0.5749	0.9161	0.5411
1449	0.5484	0.3715	1.0595	0.5781	0.9145	0.5392
1450	0.5487	0.3706	1.0627	0.578	0.9185	0.5388
1451	0.5484	0.3707	1.0611	0.5774	0.9207	0.5412
1452	0.5468	0.3692	1.0602	0.5768	0.9179	0.5384
1453	0.5507	0.3727	1.064	0.5794	0.9239	0.5408
1454	0.5469	0.3693	1.0568	0.5747	0.9186	0.5387
1455	0.5478	0.3707	1.0587	0.5755	0.9205	0.5392
1456	0.5468	0.3692	1.0539	0.5754	0.9185	0.5388
1457	0.5517	0.3742	1.0532	0.578	0.919	0.5433
1458	0.5571	0.3785	1.0647	0.582	0.9311	0.5463
1459	0.5485	0.371	1.0537	0.5753	0.9164	0.5387
1460	0.5496	0.3747	1.056	0.5791	0.9142	0.5409
1461	0.5475	0.3712	1.0593	0.5767	0.9172	0.5385
1462	0.5475	0.3695	1.0626	0.5763	0.924	0.5387
1463	0.5472	0.3688	1.0604	0.5766	0.9244	0.5387
1464	0.5533	0.3757	1.0604	0.581	0.9257	0.5438
1465	0.5548	0.3778	1.0606	0.5817	0.9245	0.5444
1466	0.546	0.3692	1.056	0.5747	0.9179	0.538
1467	0.5463	0.3689	1.0612	0.5734	0.9226	0.5366
1468	0.5467	0.3693	1.0593	0.5736	0.9241	0.5387
1469	0.5456	0.3683	1.0548	0.5737	0.9201	0.5382
1470	0.5509	0.3743	1.0569	0.5791	0.9221	0.5421
1471	0.5488	0.3715	1.0568	0.5776	0.9219	0.5407
1472	0.5475	0.372	1.0543	0.5764	0.9174	0.5402
1473	0.5494	0.3738	1.0594	0.5806	0.9228	0.5423
1474	0.5508	0.3747	1.059	0.5803	0.9227	0.5432
1475	0.5548	0.3779	1.0707	0.5834	0.9343	0.5454
1476	0.5455	0.3687	1.0566	0.5748	0.9178	0.5386
1477	0.5462	0.3705	1.0569	0.5774	0.9156	0.5385
1478	0.545	0.3688	1.0545	0.5749	0.9182	0.5381
1479	0.547	0.3703	1.0583	0.5762	0.9272	0.5416
1480	0.5486	0.3709	1.0617	0.578	0.9307	0.5413
1481	0.5456	0.369	1.0519	0.5735	0.9183	0.5401
1482	0.5476	0.3713	1.0589	0.5775	0.923	0.5394
1483	0.5472	0.371	1.0521	0.5747	0.9185	0.5392
1484	0.5453	0.3687	1.0547	0.5749	0.9192	0.5378
1485	0.5475	0.3711	1.0567	0.5766	0.9217	0.5407
1486	0.5514	0.3751	1.056	0.5796	0.9229	0.5448
1487	0.5452	0.3691	1.0561	0.5738	0.9222	0.5401
1488	0.5454	0.3689	1.0567	0.573	0.9216	0.5392
1489	0.5512	0.3746	1.0642	0.5786	0.929	0.5434
1490	0.5476	0.3699	1.0614	0.5762	0.9277	0.5421
1491	0.5449	0.3684	1.0552	0.5736	0.9219	0.5418
1492	0.5486	0.3717	1.0619	0.5797	0.9276	0.5426
1493	0.5437	0.3673	1.0546	0.5727	0.9187	0.5388
1494	0.5485	0.3712	1.0685	0.5788	0.9316	0.5389
1495	0.5467	0.3702	1.0623	0.5773	0.9252	0.5403
1496	0.5526	0.3757	1.0641	0.5824	0.9315	0.5471
1497	0.5528	0.3761	1.0659	0.5824	0.931	0.5463
1498	0.544	0.3688	1.0549	0.5735	0.9125	0.5387
1499	0.5461	0.37	1.0632	0.5777	0.9206	0.5381
