epoch:	train_RMSD:	train_MAE:	val_RMSD:	val_MAE:	test_RMSD:	test_MAE:
0	6.1853	5.5417	6.3401	5.7262	6.3084	5.6735
1	4.1656	3.3443	4.2897	3.4855	4.2105	3.4052
2	4.1006	3.2638	4.1137	3.2697	4.0286	3.2435
3	3.6681	2.9319	3.7578	3.0262	3.6874	2.9677
4	3.3002	2.6402	3.3365	2.6757	3.2682	2.6499
5	3.0663	2.495	3.1138	2.5374	3.0361	2.5271
6	2.9626	2.3897	2.9848	2.3914	2.8954	2.3823
7	2.8339	2.2586	2.8502	2.2554	2.7582	2.246
8	2.6408	2.0863	2.6574	2.0935	2.5721	2.082
9	2.5118	1.9664	2.5256	1.9794	2.4538	1.9455
10	2.4549	1.9021	2.4578	1.9011	2.4005	1.873
11	2.4157	1.8686	2.4124	1.8641	2.3641	1.8425
12	2.3787	1.7932	2.356	1.7649	2.3118	1.7585
13	2.3658	1.7639	2.3333	1.7295	2.2934	1.729
14	2.3418	1.7773	2.3226	1.7508	2.2822	1.7496
15	2.3274	1.7508	2.3081	1.7239	2.2641	1.7212
16	2.3102	1.7425	2.2959	1.7175	2.2473	1.7148
17	2.2923	1.7242	2.2807	1.7008	2.2281	1.6983
18	2.2723	1.7235	2.2702	1.7051	2.2126	1.7032
19	2.2459	1.6812	2.2457	1.6652	2.1818	1.6639
20	2.2122	1.6633	2.2201	1.6501	2.1497	1.6497
21	2.1893	1.6198	2.1975	1.6036	2.1214	1.6034
22	2.134	1.5886	2.1534	1.5835	2.0678	1.5771
23	2.0846	1.5471	2.1015	1.5414	2.017	1.5343
24	2.0474	1.5454	2.071	1.5516	1.99	1.5314
25	1.9879	1.4747	1.9975	1.4608	1.9235	1.4519
26	1.9817	1.4402	1.9694	1.4035	1.9076	1.4125
27	1.9299	1.405	1.9081	1.3664	1.863	1.3801
28	1.8833	1.4035	1.868	1.387	1.8317	1.3824
29	1.8745	1.4127	1.8535	1.3971	1.8316	1.389
30	1.8388	1.387	1.8159	1.3703	1.8004	1.3658
31	1.7757	1.3115	1.732	1.2702	1.7337	1.2943
32	1.7801	1.3045	1.7279	1.256	1.7338	1.2869
33	1.7316	1.272	1.689	1.2321	1.6906	1.256
34	1.7297	1.2983	1.71	1.2837	1.7049	1.2821
35	1.6797	1.2494	1.6503	1.2206	1.6516	1.2377
36	1.667	1.228	1.634	1.1853	1.6328	1.2152
37	1.6872	1.242	1.6556	1.1952	1.6481	1.2293
38	1.6402	1.2103	1.615	1.1674	1.6084	1.2007
39	1.607	1.1904	1.5914	1.1569	1.576	1.1774
40	1.5843	1.1818	1.5796	1.1602	1.561	1.1742
41	1.5688	1.1727	1.5651	1.1516	1.5496	1.1676
42	1.5723	1.1656	1.5688	1.1365	1.5422	1.1601
43	1.5354	1.1457	1.5446	1.1295	1.5165	1.1417
44	1.5457	1.1585	1.5576	1.1512	1.5329	1.1536
45	1.5283	1.1328	1.5352	1.109	1.5006	1.1289
46	1.5041	1.124	1.5227	1.1165	1.4915	1.1198
47	1.5039	1.1285	1.5308	1.1287	1.502	1.1277
48	1.4746	1.0919	1.5021	1.0837	1.4565	1.0883
49	1.4641	1.0826	1.4953	1.0786	1.4523	1.0821
50	1.4528	1.0732	1.485	1.0682	1.4399	1.0704
51	1.4509	1.0794	1.4853	1.0813	1.4481	1.0786
52	1.4421	1.0609	1.4763	1.0569	1.4271	1.0595
53	1.4325	1.0582	1.478	1.063	1.4337	1.0604
54	1.4387	1.0603	1.4742	1.0595	1.4265	1.0597
55	1.4321	1.0613	1.4773	1.0713	1.4363	1.0641
56	1.4555	1.0644	1.4955	1.0639	1.4351	1.0656
57	1.42	1.0398	1.4611	1.0416	1.4089	1.0416
58	1.4242	1.0445	1.4633	1.0484	1.4134	1.0449
59	1.4514	1.0828	1.4959	1.0957	1.4648	1.0891
60	1.4042	1.0327	1.4522	1.0416	1.4076	1.0354
61	1.4	1.0202	1.4453	1.0236	1.3923	1.0215
62	1.39	1.0154	1.437	1.0255	1.3908	1.0188
63	1.3835	1.0112	1.4368	1.0248	1.3868	1.0169
64	1.3866	1.0122	1.4363	1.0183	1.3843	1.0156
65	1.3852	1.0116	1.4368	1.0249	1.3869	1.0164
66	1.3696	0.9997	1.4265	1.0152	1.3758	1.0071
67	1.3714	1.0047	1.4244	1.02	1.382	1.0128
68	1.3611	0.9906	1.4208	1.007	1.3734	1.002
69	1.3607	0.9903	1.4183	1.0068	1.3705	0.998
70	1.3548	0.9883	1.4136	1.0091	1.3672	0.9974
71	1.3593	0.9942	1.4176	1.0144	1.3778	1.0052
72	1.3556	0.9802	1.4124	0.9937	1.3584	0.9846
73	1.34	0.9702	1.4011	0.9867	1.3512	0.9778
74	1.3377	0.9735	1.3996	0.9945	1.355	0.983
75	1.3453	0.9741	1.406	0.9884	1.3501	0.9784
76	1.3352	0.9707	1.407	0.9967	1.3615	0.9871
77	1.3263	0.9645	1.3904	0.9879	1.3489	0.9777
78	1.3212	0.9542	1.3862	0.9746	1.3342	0.9631
79	1.3337	0.9597	1.396	0.9754	1.3407	0.9647
80	1.3235	0.9636	1.3918	0.9894	1.3582	0.9851
81	1.331	0.962	1.3972	0.9808	1.3429	0.9695
82	1.3233	0.9546	1.388	0.972	1.3347	0.9606
83	1.3285	0.9714	1.3935	0.9969	1.3566	0.9852
84	1.3386	0.9676	1.4029	0.982	1.3464	0.9734
85	1.2983	0.9335	1.3688	0.9557	1.3191	0.9465
86	1.3163	0.9621	1.3838	0.9913	1.3478	0.9812
87	1.2913	0.9287	1.366	0.9555	1.3167	0.9441
88	1.2933	0.9298	1.3693	0.9574	1.3166	0.9443
89	1.2893	0.9262	1.3636	0.956	1.3131	0.937
90	1.2858	0.9231	1.3594	0.9489	1.3079	0.9345
91	1.2901	0.9363	1.3651	0.9677	1.3311	0.9585
92	1.3118	0.95	1.3895	0.9761	1.3293	0.9614
93	1.2741	0.9139	1.353	0.9431	1.3042	0.9282
94	1.3298	0.9803	1.4027	1.0172	1.3728	1.0027
95	1.28	0.928	1.3589	0.9612	1.3206	0.9511
96	1.2889	0.9291	1.3633	0.9531	1.3062	0.9394
97	1.2773	0.9254	1.3605	0.9635	1.3234	0.9518
98	1.27	0.9153	1.3481	0.945	1.2965	0.9304
99	1.2591	0.9028	1.3399	0.9361	1.2895	0.9159
100	1.2823	0.9352	1.3647	0.9756	1.3319	0.9628
101	1.2555	0.9049	1.3336	0.9364	1.2833	0.9231
102	1.264	0.9087	1.3413	0.9342	1.2867	0.9221
103	1.2483	0.9021	1.3351	0.9385	1.2944	0.9257
104	1.2821	0.9406	1.3622	0.9801	1.3283	0.9618
105	1.2287	0.8817	1.3212	0.92	1.2724	0.9048
106	1.2515	0.9019	1.3385	0.934	1.2794	0.9203
107	1.22	0.8746	1.3097	0.9136	1.256	0.8948
108	1.2112	0.8656	1.3096	0.9065	1.253	0.8873
109	1.2136	0.868	1.3046	0.9043	1.251	0.8875
110	1.2079	0.8728	1.3049	0.9121	1.2597	0.8962
111	1.1928	0.8544	1.2934	0.8971	1.2392	0.8755
112	1.1908	0.8527	1.2889	0.8943	1.2342	0.873
113	1.1861	0.8524	1.2916	0.8967	1.2354	0.8746
114	1.1876	0.8538	1.288	0.8941	1.2263	0.8741
115	1.1871	0.859	1.2947	0.9025	1.2431	0.88
116	1.168	0.8403	1.2705	0.8817	1.2146	0.8641
117	1.1691	0.8454	1.2773	0.888	1.227	0.8696
118	1.1544	0.8291	1.2657	0.8739	1.207	0.8567
119	1.1636	0.8426	1.2714	0.8874	1.2258	0.8705
120	1.209	0.887	1.317	0.9225	1.2548	0.9122
121	1.2034	0.8886	1.3089	0.9413	1.2635	0.9101
122	1.16	0.8387	1.2702	0.8766	1.2066	0.8646
123	1.1588	0.8438	1.2683	0.8859	1.2174	0.8691
124	1.141	0.8273	1.2524	0.8664	1.1907	0.8513
125	1.1614	0.8485	1.28	0.9012	1.233	0.8776
126	1.1647	0.849	1.2737	0.8874	1.2078	0.8748
127	1.1367	0.8245	1.2531	0.8719	1.2008	0.8518
128	1.1388	0.8266	1.2545	0.8664	1.1864	0.8513
129	1.1998	0.893	1.308	0.945	1.2668	0.9243
130	1.1366	0.8269	1.2548	0.8755	1.2014	0.8572
131	1.1282	0.8211	1.2423	0.8657	1.1899	0.849
132	1.1834	0.8748	1.2902	0.9226	1.2435	0.8985
133	1.1372	0.8263	1.2487	0.8699	1.1993	0.8542
134	1.1436	0.8314	1.2585	0.8693	1.2008	0.8614
135	1.1199	0.8078	1.2315	0.8481	1.1743	0.8376
136	1.1209	0.8139	1.2487	0.8604	1.1993	0.848
137	1.1086	0.8041	1.2303	0.847	1.1695	0.8364
138	1.098	0.7933	1.225	0.841	1.1669	0.8263
139	1.1021	0.798	1.231	0.847	1.1777	0.8288
140	1.0988	0.8003	1.2236	0.8452	1.1575	0.8275
141	1.0875	0.7859	1.2266	0.8389	1.1637	0.8163
142	1.0863	0.7892	1.2134	0.8368	1.1525	0.8205
143	1.0821	0.7813	1.2132	0.8294	1.1536	0.8127
144	1.0786	0.7799	1.2088	0.8295	1.1416	0.8107
145	1.1115	0.8137	1.2463	0.8711	1.1906	0.8469
146	1.0724	0.7751	1.2117	0.8272	1.1499	0.8124
147	1.0816	0.7918	1.2164	0.8405	1.156	0.8295
148	1.072	0.7732	1.2078	0.8216	1.1444	0.8042
149	1.0763	0.7846	1.2116	0.8332	1.1434	0.8167
150	1.0813	0.7878	1.2161	0.8424	1.1577	0.823
151	1.097	0.7993	1.2211	0.8415	1.1609	0.8323
152	1.0874	0.7941	1.2213	0.8491	1.1647	0.8291
153	1.0714	0.7783	1.2051	0.8259	1.1452	0.8144
154	1.0935	0.7994	1.231	0.8542	1.1782	0.8391
155	1.0603	0.7721	1.1987	0.8186	1.1409	0.8095
156	1.0714	0.7812	1.2045	0.8331	1.1505	0.82
157	1.0669	0.7767	1.2086	0.8276	1.1468	0.8175
158	1.1381	0.8484	1.2652	0.9039	1.2194	0.8891
159	1.0851	0.7944	1.2218	0.85	1.1711	0.8359
160	1.0693	0.7834	1.2142	0.8308	1.1502	0.8205
161	1.0488	0.7579	1.1917	0.8087	1.1308	0.796
162	1.0462	0.7584	1.1913	0.8086	1.1337	0.8002
163	1.0635	0.7797	1.2038	0.8278	1.1372	0.8115
164	1.0751	0.7865	1.2185	0.8429	1.1678	0.8288
165	1.1011	0.8007	1.23	0.8423	1.1676	0.8353
166	1.0648	0.7767	1.2042	0.8305	1.151	0.8215
167	1.0398	0.7546	1.1917	0.8084	1.1287	0.7958
168	1.0457	0.7532	1.1895	0.808	1.127	0.792
169	1.0463	0.7593	1.1957	0.815	1.1324	0.7969
170	1.0549	0.7733	1.2059	0.8222	1.1407	0.8112
171	1.0792	0.7947	1.2263	0.8467	1.1791	0.8388
172	1.0308	0.7435	1.1759	0.7951	1.1081	0.7791
173	1.0652	0.7821	1.2104	0.8283	1.1469	0.8194
174	1.0367	0.7522	1.1829	0.8039	1.1224	0.791
175	1.0304	0.7483	1.1873	0.8015	1.1272	0.7907
176	1.0504	0.7638	1.2004	0.8166	1.1353	0.8044
177	1.0579	0.7768	1.2068	0.8321	1.1537	0.8214
178	1.0231	0.7367	1.1814	0.7942	1.1153	0.7805
179	1.0229	0.7469	1.1794	0.8011	1.1176	0.79
180	1.0402	0.7574	1.1938	0.8095	1.1408	0.8012
181	1.0288	0.7414	1.1796	0.7955	1.1172	0.7842
182	1.0115	0.7283	1.1682	0.7855	1.1028	0.7685
183	1.0293	0.7478	1.1982	0.8045	1.1386	0.796
184	1.0548	0.7781	1.2036	0.8303	1.1351	0.8132
185	1.0105	0.7291	1.1778	0.7877	1.113	0.7747
186	1.0087	0.7273	1.1738	0.783	1.1153	0.7733
187	1.0129	0.7374	1.1774	0.789	1.1149	0.7804
188	1.0001	0.7215	1.1594	0.7793	1.093	0.7631
189	1.0001	0.7185	1.1764	0.7774	1.1141	0.769
190	1.0145	0.732	1.1714	0.7885	1.1017	0.7721
191	1.0551	0.7736	1.2242	0.8316	1.1681	0.8214
192	1.0084	0.7271	1.165	0.7815	1.1024	0.771
193	0.9962	0.7159	1.1702	0.775	1.1137	0.7674
194	0.9985	0.7239	1.1618	0.7785	1.0986	0.7669
195	0.9952	0.7214	1.1716	0.7816	1.1115	0.773
196	1.0389	0.7635	1.2054	0.8218	1.1546	0.812
197	1.0144	0.7398	1.1742	0.7994	1.1103	0.7859
198	0.984	0.7074	1.1642	0.7701	1.0997	0.7573
199	0.9871	0.7081	1.1502	0.77	1.0818	0.7517
200	0.98	0.7025	1.162	0.764	1.1014	0.756
201	0.9747	0.7019	1.1498	0.7633	1.0905	0.752
202	0.9904	0.7158	1.1757	0.7811	1.1096	0.7715
203	0.9748	0.7022	1.1507	0.7644	1.0881	0.7511
204	0.9758	0.6962	1.1558	0.7617	1.0924	0.7509
205	0.9926	0.7165	1.1789	0.7821	1.122	0.7725
206	1.028	0.7696	1.2027	0.8275	1.1374	0.8145
207	0.9916	0.7185	1.1761	0.7795	1.1161	0.77
208	0.9795	0.7002	1.1562	0.767	1.0905	0.7514
209	0.9698	0.7011	1.1523	0.7656	1.0893	0.7516
210	0.972	0.7014	1.1568	0.7607	1.097	0.7544
211	0.9613	0.688	1.1463	0.7494	1.0836	0.7421
212	0.9735	0.7017	1.1522	0.7665	1.0916	0.7515
213	0.9666	0.7022	1.1537	0.7672	1.093	0.7566
214	0.9587	0.6895	1.1466	0.7557	1.0828	0.7455
215	0.9589	0.6886	1.1496	0.7509	1.0886	0.7438
216	1.0197	0.7492	1.18	0.8002	1.1208	0.7993
217	1.0103	0.7397	1.1883	0.7967	1.1375	0.7971
218	0.9511	0.6853	1.1367	0.7481	1.0792	0.74
219	0.9547	0.6848	1.1453	0.7502	1.0895	0.7434
220	0.9494	0.6806	1.1448	0.7468	1.0841	0.7403
221	0.9826	0.7167	1.1531	0.7801	1.0975	0.7679
222	1.0581	0.7866	1.2189	0.8339	1.1634	0.8378
223	0.9535	0.6865	1.1482	0.7484	1.0904	0.745
224	0.9461	0.6815	1.1404	0.7453	1.0791	0.7387
225	0.9685	0.6986	1.1443	0.758	1.084	0.7543
226	0.959	0.6911	1.1431	0.7545	1.0855	0.7466
227	0.9473	0.6802	1.1301	0.7426	1.0724	0.736
228	0.932	0.6657	1.1274	0.7341	1.0678	0.7259
229	0.9321	0.669	1.1356	0.7358	1.0734	0.7273
230	0.9835	0.7226	1.1668	0.7873	1.1003	0.7789
231	1.0161	0.7537	1.2018	0.814	1.1502	0.8124
232	0.9367	0.6724	1.1179	0.7319	1.0607	0.7238
233	0.9711	0.7115	1.1684	0.7747	1.1049	0.7715
234	0.9328	0.6698	1.1297	0.7354	1.0707	0.7302
235	0.9284	0.662	1.1388	0.7279	1.0785	0.7266
236	0.9424	0.6784	1.1376	0.7431	1.0787	0.7389
237	0.9244	0.6602	1.1268	0.7239	1.0655	0.7212
238	0.9214	0.6586	1.1192	0.73	1.0559	0.7187
239	0.9285	0.6656	1.1377	0.7338	1.0759	0.7241
240	0.9261	0.6637	1.1282	0.7325	1.0666	0.7272
241	0.9163	0.6516	1.1296	0.7218	1.0663	0.7166
242	0.9177	0.6562	1.123	0.7279	1.0634	0.7181
243	0.9153	0.6508	1.1233	0.7215	1.0613	0.7155
244	0.9094	0.6473	1.1215	0.7204	1.0607	0.7111
245	0.9085	0.6467	1.1093	0.7173	1.0508	0.7078
246	0.9133	0.6501	1.1391	0.7211	1.0774	0.7152
247	0.9072	0.6482	1.1051	0.7203	1.0426	0.7087
248	0.9058	0.6434	1.14	0.7205	1.0756	0.714
249	0.9204	0.6659	1.1272	0.7356	1.0643	0.7309
250	0.9152	0.6563	1.1345	0.7257	1.0706	0.7204
251	0.9052	0.6466	1.1189	0.72	1.0552	0.7134
252	0.9471	0.6889	1.1394	0.7542	1.0874	0.7508
253	0.9394	0.6816	1.1282	0.7434	1.0739	0.7455
254	0.9574	0.6956	1.1747	0.764	1.1172	0.7582
255	0.9457	0.6961	1.144	0.7643	1.0786	0.7574
256	0.9125	0.6561	1.1342	0.7281	1.0691	0.7229
257	0.8976	0.6429	1.1107	0.7136	1.0484	0.7085
258	0.8953	0.6355	1.1217	0.7107	1.0539	0.7057
259	0.8981	0.6424	1.12	0.715	1.0524	0.7048
260	0.8918	0.6333	1.1062	0.7055	1.0359	0.6974
261	0.8895	0.6304	1.1236	0.7009	1.0603	0.7004
262	0.8949	0.6439	1.1075	0.7163	1.0403	0.7085
263	0.9012	0.6434	1.1408	0.7203	1.0698	0.7118
264	0.8948	0.6423	1.1119	0.7166	1.0385	0.7077
265	0.8859	0.6298	1.1196	0.7055	1.048	0.6983
266	0.8928	0.635	1.0998	0.707	1.0332	0.6979
267	0.9053	0.6469	1.1341	0.7162	1.0676	0.7194
268	0.9013	0.6472	1.1041	0.7235	1.0411	0.7121
269	0.8925	0.6389	1.1121	0.7155	1.0427	0.7071
270	0.8837	0.6292	1.1085	0.703	1.0449	0.6989
271	0.8762	0.6203	1.1135	0.697	1.0488	0.6927
272	0.8765	0.6222	1.0986	0.6942	1.0349	0.6935
273	0.8908	0.6382	1.1208	0.7114	1.0581	0.7091
274	0.8795	0.6298	1.1071	0.7026	1.0359	0.6965
275	0.8944	0.6428	1.1211	0.7188	1.0518	0.7096
276	0.8744	0.6199	1.1112	0.6949	1.0426	0.6921
277	0.8884	0.6334	1.1281	0.7108	1.0594	0.7031
278	0.8936	0.6448	1.1243	0.7177	1.0481	0.7136
279	0.9239	0.6677	1.1518	0.7424	1.0854	0.7337
280	0.8977	0.6501	1.1298	0.7187	1.0573	0.7188
281	0.9213	0.6726	1.1274	0.7437	1.0604	0.7361
282	0.9226	0.6677	1.1319	0.7299	1.052	0.7299
283	0.9512	0.7008	1.1792	0.7805	1.1075	0.7663
284	0.9152	0.6674	1.1289	0.7354	1.0512	0.7332
285	0.914	0.6637	1.1383	0.7344	1.0725	0.7316
286	0.8807	0.6276	1.1095	0.6968	1.0403	0.6997
287	0.8957	0.6416	1.1098	0.7123	1.0346	0.7051
288	0.8649	0.6151	1.0994	0.6907	1.0261	0.684
289	0.8699	0.6195	1.101	0.6929	1.0331	0.6902
290	0.8634	0.6124	1.1048	0.6902	1.0305	0.6842
291	0.8685	0.621	1.0971	0.6924	1.0281	0.6923
292	0.8662	0.6146	1.1152	0.695	1.0358	0.6851
293	0.8801	0.6318	1.101	0.7076	1.0254	0.7021
294	0.8731	0.6211	1.1325	0.704	1.0583	0.6953
295	0.8739	0.6239	1.1145	0.7041	1.0305	0.6975
296	0.8694	0.6205	1.1092	0.7003	1.0373	0.6948
297	0.873	0.6236	1.0877	0.6966	1.0198	0.6915
298	0.9504	0.7109	1.1823	0.7925	1.1123	0.7799
299	0.8828	0.6363	1.0995	0.7013	1.0263	0.7031
300	0.8702	0.6251	1.1077	0.6949	1.0311	0.6972
301	0.9195	0.6657	1.1656	0.7409	1.0914	0.7316
302	0.8675	0.6219	1.0952	0.6959	1.0174	0.6934
303	0.879	0.6316	1.1161	0.7126	1.0461	0.7047
304	0.8528	0.6041	1.0987	0.6841	1.0239	0.6796
305	0.856	0.6092	1.0986	0.6894	1.0266	0.6846
306	0.8493	0.6036	1.0912	0.681	1.0151	0.6754
307	0.869	0.619	1.1068	0.6924	1.0313	0.6918
308	0.8541	0.6062	1.0787	0.6829	1.007	0.6756
309	0.8562	0.6072	1.1121	0.6856	1.0269	0.6856
310	0.8499	0.6043	1.1041	0.6882	1.0246	0.6774
311	0.8463	0.602	1.102	0.6894	1.0202	0.6791
312	0.8402	0.5947	1.0947	0.678	1.0116	0.6698
313	0.8495	0.6044	1.1098	0.6888	1.0281	0.6807
314	0.8475	0.6025	1.0832	0.6804	1.0043	0.6737
315	0.8539	0.6105	1.1127	0.6921	1.028	0.6818
316	0.8575	0.6115	1.0875	0.6876	1.0015	0.6804
317	0.8535	0.6065	1.1196	0.6907	1.0377	0.6859
318	0.8397	0.5976	1.0892	0.6789	1.0	0.6684
319	0.8374	0.5922	1.0982	0.6787	1.0102	0.6728
320	0.8575	0.6156	1.1175	0.705	1.0423	0.6926
321	0.8365	0.592	1.096	0.6754	1.0024	0.6686
322	0.8471	0.6021	1.1263	0.6922	1.0329	0.6771
323	0.8482	0.6094	1.1121	0.6961	1.0174	0.6831
324	0.8413	0.5969	1.1135	0.685	1.0298	0.676
325	0.8494	0.6065	1.1104	0.6861	1.0244	0.684
326	0.8283	0.5872	1.0847	0.6688	0.9964	0.6566
327	0.8588	0.6185	1.1222	0.6977	1.0301	0.6971
328	0.8329	0.5919	1.0967	0.6758	1.0069	0.6632
329	0.8322	0.5871	1.1007	0.6777	1.0071	0.665
330	0.8295	0.5863	1.1026	0.6763	1.0095	0.662
331	0.8264	0.5839	1.0945	0.6748	1.0043	0.6602
332	0.8304	0.5878	1.1082	0.6759	1.0181	0.6693
333	0.8256	0.5842	1.108	0.6768	1.0149	0.6631
334	0.8302	0.588	1.0974	0.6805	1.0102	0.6647
335	0.8406	0.6011	1.1319	0.6992	1.0319	0.6805
336	0.8322	0.5906	1.1102	0.6796	1.0179	0.6698
337	0.8353	0.5974	1.1095	0.6852	1.0133	0.6777
338	0.9063	0.6556	1.1693	0.7451	1.0818	0.7259
339	0.865	0.63	1.1367	0.7149	1.0364	0.7118
340	0.8825	0.6454	1.1366	0.7322	1.0496	0.7183
341	0.8316	0.5911	1.0838	0.6752	0.9932	0.6612
342	0.8299	0.5902	1.0948	0.6719	1.0023	0.667
343	0.8237	0.5819	1.1044	0.6759	1.0163	0.6655
344	0.8327	0.594	1.1234	0.6903	1.0297	0.6803
345	0.8219	0.5811	1.0939	0.6731	0.9993	0.6588
346	0.8183	0.5773	1.1031	0.6732	1.0105	0.6617
347	0.8286	0.5904	1.0906	0.6805	1.0057	0.6651
348	0.8461	0.6107	1.1129	0.7026	1.0225	0.6901
349	0.8482	0.6099	1.0929	0.6949	0.9975	0.6792
350	0.8295	0.5933	1.1088	0.6911	1.0169	0.6728
351	0.836	0.598	1.104	0.6843	1.0101	0.6806
352	0.8264	0.5879	1.1008	0.6787	1.0071	0.6658
353	0.8147	0.5742	1.1026	0.6684	1.0068	0.6531
354	0.8226	0.5885	1.1138	0.683	1.0048	0.6704
355	0.8151	0.5756	1.1212	0.6731	1.0202	0.6603
356	0.8353	0.6022	1.114	0.6952	1.012	0.6845
357	0.8228	0.583	1.1335	0.6885	1.0245	0.6641
358	0.8223	0.5918	1.1239	0.6883	1.0101	0.6724
359	0.8084	0.5707	1.1066	0.667	1.0021	0.6516
360	0.8087	0.572	1.0897	0.6688	0.9863	0.6471
361	0.8099	0.5736	1.0961	0.6668	0.9858	0.6497
362	0.8111	0.5737	1.1125	0.6698	1.0071	0.6624
363	0.8108	0.5727	1.1207	0.6758	1.0184	0.6597
364	0.8251	0.5892	1.1351	0.6875	1.0355	0.6769
365	0.8226	0.5909	1.1229	0.6944	1.0134	0.6743
366	0.8389	0.6035	1.1205	0.7016	1.0243	0.6817
367	0.8107	0.5734	1.1052	0.6618	1.0019	0.66
368	0.8033	0.567	1.0953	0.6647	0.9942	0.6489
369	0.8017	0.5654	1.0969	0.6662	0.9903	0.648
370	0.808	0.5745	1.1078	0.6714	0.9964	0.6598
371	0.8067	0.5718	1.1107	0.6746	1.0088	0.6626
372	0.8043	0.5675	1.119	0.673	1.0148	0.6544
373	0.8246	0.5943	1.1004	0.6852	0.9946	0.6768
374	0.8708	0.6323	1.1802	0.7395	1.0822	0.7123
375	0.8835	0.6481	1.1223	0.7204	1.0192	0.7133
376	0.8601	0.6314	1.1627	0.7349	1.0569	0.7135
377	0.8335	0.6004	1.1102	0.6856	0.9981	0.6782
378	0.806	0.5694	1.1174	0.6737	1.0163	0.6549
379	0.7987	0.5633	1.0869	0.6665	0.9829	0.6478
380	0.8027	0.5686	1.098	0.6642	0.992	0.6532
381	0.8155	0.579	1.1197	0.681	1.0092	0.6555
382	0.8294	0.595	1.1216	0.6846	1.0149	0.6787
383	0.8028	0.5712	1.0837	0.6707	0.9835	0.6514
384	0.8027	0.5634	1.1223	0.6725	1.0129	0.6519
385	0.8117	0.5771	1.0872	0.6649	0.9835	0.657
386	0.8082	0.5701	1.1044	0.6688	0.987	0.6445
387	0.8068	0.5724	1.0937	0.665	0.9848	0.6526
388	0.7925	0.557	1.1083	0.6618	0.9908	0.6407
389	0.7991	0.5686	1.1071	0.6698	0.981	0.6548
390	0.8168	0.5786	1.1387	0.6948	1.029	0.6675
391	0.8168	0.5891	1.1145	0.6807	1.0016	0.6672
392	0.8091	0.5709	1.1227	0.6788	1.0088	0.6548
393	0.7986	0.5665	1.0966	0.6651	0.9872	0.6503
394	0.8242	0.5901	1.1122	0.6964	1.0063	0.6722
395	0.8036	0.5738	1.0951	0.6631	0.9846	0.6557
396	0.8519	0.6174	1.1492	0.7251	1.0472	0.6988
397	0.8128	0.5852	1.0974	0.6744	0.9875	0.665
398	0.8053	0.5715	1.109	0.6803	1.0045	0.6561
399	0.8	0.5705	1.0866	0.6716	0.984	0.6506
400	0.7911	0.5599	1.0653	0.6581	0.9588	0.6396
401	0.8214	0.5855	1.1328	0.699	1.0303	0.6717
402	0.8191	0.5915	1.117	0.6825	1.0145	0.6768
403	0.8328	0.5976	1.1159	0.7021	1.0157	0.6783
404	0.8513	0.6275	1.1452	0.7209	1.0484	0.7141
405	0.7933	0.5607	1.0957	0.668	0.9873	0.6453
406	0.7933	0.5564	1.1254	0.6722	1.0082	0.6452
407	0.7832	0.5515	1.097	0.6582	0.9915	0.6417
408	0.7923	0.5627	1.0956	0.6583	0.9926	0.6523
409	0.8299	0.5932	1.1362	0.7077	1.0296	0.6762
410	0.8143	0.5888	1.123	0.6885	1.0078	0.675
411	0.7984	0.5666	1.0974	0.674	0.9886	0.6497
412	0.8029	0.5729	1.1269	0.6693	1.0184	0.6655
413	0.7964	0.5653	1.0683	0.6629	0.9556	0.6403
414	0.7896	0.5605	1.1045	0.6588	1.0047	0.6495
415	0.7859	0.5543	1.0819	0.6592	0.9654	0.6386
416	0.7804	0.5522	1.0929	0.6498	0.9832	0.6428
417	0.7767	0.5449	1.0939	0.6568	0.9874	0.6386
418	0.7783	0.5498	1.0954	0.6618	0.9827	0.643
419	0.7756	0.5478	1.0791	0.6544	0.9662	0.635
420	0.7832	0.5564	1.109	0.6707	0.9972	0.6467
421	0.7856	0.5582	1.0903	0.6682	0.9812	0.6464
422	0.7681	0.5387	1.0987	0.6508	0.9671	0.6281
423	0.7738	0.5456	1.1161	0.6608	0.9862	0.6373
424	0.7754	0.5496	1.0795	0.6497	0.965	0.6367
425	0.7745	0.5437	1.1079	0.6597	0.9895	0.6349
426	0.7887	0.563	1.0952	0.6583	0.9727	0.6515
427	0.7684	0.5418	1.093	0.6493	0.9699	0.6322
428	0.7892	0.562	1.1061	0.6798	0.9946	0.652
429	0.7724	0.5458	1.0945	0.6498	0.9739	0.638
430	0.7686	0.5403	1.0967	0.6528	0.9731	0.6303
431	0.7834	0.5583	1.0976	0.6564	0.977	0.6487
432	0.7736	0.5431	1.1179	0.6663	0.9897	0.6381
433	0.7727	0.5468	1.0955	0.6595	0.9749	0.6361
434	0.7902	0.5661	1.105	0.6668	0.9794	0.6534
435	0.7646	0.5382	1.1021	0.6548	0.9772	0.6284
436	0.7844	0.5596	1.11	0.6594	0.9796	0.6474
437	0.7641	0.5377	1.0712	0.6448	0.9532	0.6275
438	0.8101	0.5797	1.1475	0.7051	1.0304	0.6709
439	0.7705	0.5447	1.0789	0.6464	0.9348	0.6286
440	0.7694	0.5429	1.1057	0.6512	0.9825	0.6383
441	0.7585	0.5328	1.0903	0.6473	0.9651	0.6281
442	0.7852	0.5629	1.1279	0.6758	0.9932	0.6547
443	0.7651	0.5371	1.0957	0.6587	0.9842	0.6314
444	0.7771	0.5521	1.0949	0.671	0.978	0.6407
445	0.7867	0.5629	1.1108	0.6648	0.9883	0.6523
446	0.7834	0.5515	1.1206	0.6761	1.0002	0.6449
447	0.7779	0.5542	1.1142	0.662	1.0009	0.6455
448	0.7871	0.5618	1.1329	0.684	1.0067	0.6526
449	0.7756	0.5494	1.1248	0.6657	1.0018	0.6453
450	0.7796	0.5596	1.1135	0.6766	0.9844	0.646
451	0.7883	0.5542	1.1532	0.6791	1.0248	0.6464
452	0.7842	0.5615	1.0983	0.6668	0.9698	0.6482
453	0.7914	0.5658	1.1227	0.6878	1.0099	0.6618
454	0.8074	0.5809	1.0904	0.6651	0.9681	0.6546
455	0.8406	0.625	1.1355	0.7408	1.0282	0.7142
456	0.8118	0.5873	1.0883	0.6709	0.9821	0.6657
457	0.7648	0.538	1.1048	0.6625	0.977	0.6306
458	0.7782	0.5572	1.0967	0.6586	0.9668	0.6428
459	0.7652	0.5386	1.0908	0.6586	0.9729	0.6308
460	0.794	0.5733	1.1066	0.6617	0.993	0.66
461	0.7569	0.5308	1.0747	0.6458	0.9553	0.6224
462	0.7748	0.5513	1.0928	0.6541	0.9781	0.6452
463	0.776	0.5483	1.1163	0.6737	0.994	0.6415
464	0.754	0.5286	1.091	0.6479	0.971	0.6231
465	0.7486	0.5238	1.0863	0.6411	0.9603	0.6186
466	0.7501	0.5236	1.0859	0.6438	0.9569	0.6188
467	0.773	0.5527	1.0893	0.6534	0.9627	0.6423
468	0.7752	0.5462	1.1065	0.6744	0.9864	0.6403
469	0.7708	0.5477	1.1261	0.6709	0.9963	0.6457
470	0.7536	0.5275	1.0932	0.6515	0.9736	0.6244
471	0.7522	0.5286	1.0856	0.6423	0.9643	0.6283
472	0.7702	0.548	1.0907	0.6708	0.9745	0.6415
473	0.7638	0.5423	1.077	0.6456	0.9546	0.63
474	0.7586	0.5345	1.1151	0.6644	0.9977	0.6358
475	0.7436	0.521	1.0827	0.6365	0.9531	0.6167
476	0.7503	0.5303	1.0842	0.6467	0.9544	0.6261
477	0.7533	0.5306	1.0832	0.6531	0.9593	0.6277
478	0.7445	0.5225	1.074	0.6362	0.9496	0.6198
479	0.747	0.5261	1.0867	0.64	0.9581	0.6248
480	0.7836	0.5617	1.1268	0.693	1.0071	0.6612
481	0.745	0.5211	1.0915	0.6425	0.9601	0.6221
482	0.7447	0.5238	1.0731	0.634	0.9391	0.6157
483	0.7441	0.5205	1.088	0.6395	0.9553	0.6153
484	0.7667	0.5478	1.1003	0.6533	0.9692	0.6411
485	0.7554	0.5314	1.1108	0.6644	0.9832	0.6288
486	0.7487	0.5254	1.1086	0.6569	0.9823	0.6229
487	0.76	0.5385	1.1068	0.657	0.9669	0.6326
488	0.761	0.5356	1.1084	0.6646	0.9861	0.6295
489	0.7573	0.536	1.1081	0.6632	0.9822	0.6345
490	0.78	0.553	1.1266	0.6803	1.006	0.6445
491	0.7464	0.5263	1.0873	0.6461	0.9581	0.6221
492	0.7426	0.5218	1.0829	0.6429	0.949	0.614
493	0.7647	0.5385	1.1119	0.6746	0.991	0.6351
494	0.7332	0.5121	1.0874	0.6381	0.9512	0.6118
495	0.7402	0.5201	1.099	0.6406	0.9677	0.6234
496	0.7375	0.5175	1.0851	0.6447	0.9485	0.615
497	0.7511	0.5282	1.1076	0.6643	0.9757	0.6269
498	0.7484	0.5253	1.0834	0.6386	0.9522	0.6183
499	0.7421	0.5241	1.0645	0.6402	0.9403	0.6187
500	0.747	0.5243	1.1112	0.661	0.9808	0.6245
501	0.7457	0.5213	1.115	0.6516	0.989	0.622
502	0.7372	0.5183	1.0769	0.6461	0.9397	0.614
503	0.7324	0.5118	1.0953	0.6456	0.9686	0.614
504	0.748	0.5294	1.0711	0.653	0.939	0.6239
505	0.7395	0.5227	1.0718	0.6387	0.9493	0.6259
506	0.7377	0.5155	1.065	0.6439	0.9501	0.614
507	0.7471	0.5252	1.1016	0.6553	0.9733	0.6253
508	0.7538	0.5397	1.0958	0.655	0.9624	0.638
509	0.7316	0.5089	1.0864	0.6372	0.9622	0.6134
510	0.7448	0.5222	1.0864	0.6487	0.9627	0.6182
511	0.732	0.511	1.0846	0.6384	0.9568	0.612
512	0.7416	0.5217	1.0855	0.6321	0.9468	0.6164
513	0.7292	0.5083	1.0793	0.6333	0.9376	0.6061
514	0.7334	0.5126	1.0973	0.6458	0.966	0.6133
515	0.7589	0.5437	1.0985	0.6537	0.9699	0.641
516	0.7313	0.5108	1.0924	0.6441	0.9691	0.6164
517	0.7264	0.5079	1.0758	0.6359	0.9449	0.6094
518	0.7346	0.5166	1.0795	0.6345	0.9404	0.6151
519	0.7272	0.5095	1.0598	0.6279	0.9428	0.6146
520	0.7316	0.5165	1.062	0.6373	0.935	0.6166
521	0.7262	0.5066	1.0871	0.6324	0.947	0.6104
522	0.7424	0.5255	1.0808	0.6557	0.9549	0.6282
523	0.7269	0.5102	1.0798	0.6369	0.9518	0.6183
524	0.7293	0.5128	1.0524	0.6243	0.9322	0.6113
525	0.7492	0.5318	1.1035	0.6683	0.9829	0.637
526	0.7232	0.5057	1.0811	0.6358	0.944	0.6073
527	0.7279	0.5086	1.0896	0.6447	0.9575	0.6132
528	0.7338	0.5134	1.0994	0.6502	0.9689	0.6166
529	0.7235	0.5041	1.1046	0.6452	0.971	0.6117
530	0.7255	0.508	1.076	0.641	0.9449	0.6091
531	0.7213	0.5013	1.1031	0.6381	0.9751	0.6071
532	0.7199	0.5006	1.0877	0.6376	0.956	0.6085
533	0.7463	0.5302	1.1143	0.6675	0.989	0.6338
534	0.7296	0.5147	1.0533	0.6279	0.9202	0.6073
535	0.7456	0.5327	1.096	0.6466	0.9653	0.6319
536	0.7415	0.5239	1.0625	0.6454	0.9245	0.6175
537	0.7398	0.524	1.083	0.6344	0.9469	0.6207
538	0.7323	0.518	1.0833	0.6455	0.9433	0.6185
539	0.7296	0.5123	1.0766	0.6432	0.9461	0.616
540	0.7404	0.5247	1.0941	0.6492	0.9561	0.6213
541	0.7266	0.5062	1.0884	0.6437	0.9556	0.6089
542	0.7428	0.5212	1.136	0.6646	1.0037	0.6231
543	0.7493	0.5294	1.1011	0.6677	0.9804	0.6319
544	0.7302	0.5148	1.0854	0.639	0.955	0.6181
545	0.7187	0.501	1.0708	0.6217	0.9378	0.6012
546	0.7161	0.5002	1.0697	0.6293	0.9356	0.6021
547	0.7177	0.5007	1.0867	0.641	0.9552	0.6094
548	0.7152	0.5001	1.0712	0.6264	0.9512	0.6102
549	0.7809	0.5697	1.101	0.6762	0.9766	0.6604
550	0.7757	0.5601	1.1319	0.6949	1.0124	0.6599
551	0.7333	0.5187	1.0937	0.6398	0.9502	0.6183
552	0.7255	0.5099	1.0787	0.6364	0.9519	0.6082
553	0.73	0.514	1.096	0.6529	0.9683	0.6189
554	0.7147	0.4998	1.0818	0.624	0.9549	0.6106
555	0.7232	0.5095	1.0722	0.6279	0.9337	0.6107
556	0.7214	0.5046	1.0793	0.6385	0.9532	0.6141
557	0.742	0.5326	1.0877	0.6512	0.9586	0.6359
558	0.7345	0.5131	1.111	0.6497	0.9837	0.6163
559	0.7085	0.4913	1.0619	0.6195	0.9369	0.5989
560	0.7059	0.4902	1.0673	0.6246	0.935	0.5963
561	0.7057	0.4901	1.0729	0.6227	0.9488	0.6037
562	0.7087	0.4931	1.0618	0.6229	0.9462	0.6054
563	0.7126	0.4992	1.0793	0.6363	0.9414	0.6048
564	0.7084	0.4947	1.0769	0.6296	0.948	0.603
565	0.715	0.4995	1.0833	0.6272	0.9596	0.6149
566	0.716	0.5019	1.071	0.6397	0.9388	0.6099
567	0.7107	0.4966	1.0693	0.6238	0.9388	0.6066
568	0.7062	0.4914	1.0588	0.6217	0.9247	0.6002
569	0.7119	0.4969	1.0785	0.634	0.9471	0.6056
570	0.721	0.5066	1.0602	0.6245	0.9233	0.6056
571	0.709	0.4972	1.0683	0.626	0.934	0.607
572	0.7091	0.4938	1.0763	0.6302	0.9389	0.6025
573	0.7062	0.4902	1.08	0.6282	0.9488	0.6007
574	0.7268	0.5074	1.1085	0.6531	0.9856	0.616
575	0.7081	0.4921	1.0835	0.6362	0.9575	0.6036
576	0.7124	0.4964	1.094	0.6438	0.9672	0.6101
577	0.702	0.4889	1.0761	0.6223	0.9527	0.6031
578	0.7302	0.5191	1.0795	0.6458	0.9471	0.6227
579	0.7172	0.499	1.0951	0.6395	0.9755	0.6101
580	0.7277	0.5143	1.058	0.6279	0.9288	0.6103
581	0.7052	0.4934	1.0712	0.6201	0.9383	0.6037
582	0.7286	0.5163	1.0785	0.6543	0.9481	0.6201
583	0.7232	0.5119	1.0778	0.6397	0.9543	0.621
584	0.7121	0.4983	1.0866	0.6411	0.953	0.6103
585	0.7096	0.4976	1.0818	0.6314	0.9509	0.6094
586	0.7329	0.5222	1.0754	0.6323	0.9501	0.6231
587	0.7188	0.5091	1.0554	0.6383	0.9375	0.6148
588	0.709	0.4981	1.0736	0.621	0.951	0.6058
589	0.7097	0.4958	1.0848	0.6375	0.9579	0.6069
590	0.7074	0.4984	1.0738	0.6313	0.9514	0.6136
591	0.6984	0.4837	1.072	0.6188	0.9438	0.5991
592	0.7425	0.5304	1.0781	0.6631	0.956	0.6356
593	0.709	0.4955	1.079	0.6293	0.951	0.6064
594	0.7298	0.5203	1.053	0.6269	0.9188	0.6156
595	0.6971	0.4856	1.0573	0.6163	0.9252	0.5984
596	0.6921	0.4787	1.0591	0.6148	0.9318	0.5922
597	0.7553	0.5476	1.0741	0.6526	0.9523	0.6417
598	0.754	0.5459	1.1178	0.6886	1.0044	0.6537
599	0.7063	0.4993	1.0518	0.6182	0.9344	0.6044
600	0.7036	0.4926	1.0758	0.6308	0.9436	0.6048
601	0.7174	0.5079	1.0619	0.6204	0.932	0.6094
602	0.7147	0.5015	1.1086	0.654	0.978	0.6193
603	0.6945	0.4838	1.0516	0.614	0.9209	0.5962
604	0.7175	0.5022	1.1033	0.6524	0.9733	0.6118
605	0.7239	0.506	1.1157	0.6565	0.9894	0.6123
606	0.6952	0.4861	1.0562	0.6198	0.9278	0.597
607	0.6982	0.4874	1.067	0.6192	0.9476	0.602
608	0.7223	0.5168	1.0681	0.6492	0.9444	0.6227
609	0.7625	0.5536	1.0768	0.6512	0.9616	0.6436
610	0.7016	0.4918	1.0614	0.6206	0.9266	0.5998
611	0.6933	0.4818	1.0685	0.6225	0.9369	0.5947
612	0.6958	0.4853	1.077	0.6237	0.9532	0.6021
613	0.6905	0.48	1.0676	0.6224	0.9393	0.5949
614	0.7012	0.4913	1.0779	0.6325	0.9536	0.6037
615	0.688	0.476	1.0647	0.6155	0.9375	0.5905
616	0.6916	0.4835	1.0713	0.6285	0.9419	0.5992
617	0.6957	0.4828	1.0844	0.6295	0.9517	0.5965
618	0.7061	0.4964	1.0919	0.6396	0.9488	0.6004
619	0.7474	0.5287	1.1335	0.6772	1.0108	0.6352
620	0.7072	0.4965	1.0847	0.6324	0.9539	0.6095
621	0.6976	0.4899	1.0784	0.6373	0.9424	0.6052
622	0.6909	0.4808	1.0747	0.6238	0.935	0.5965
623	0.6935	0.4844	1.0711	0.619	0.9228	0.5978
624	0.6938	0.4825	1.0786	0.6279	0.9464	0.5974
625	0.6998	0.4901	1.0646	0.6205	0.9286	0.5987
626	0.7009	0.4929	1.0712	0.6397	0.9426	0.6089
627	0.7026	0.4951	1.0683	0.64	0.9425	0.6116
628	0.6924	0.4842	1.0693	0.6271	0.9382	0.6021
629	0.7131	0.5052	1.0508	0.622	0.9238	0.611
630	0.7137	0.509	1.0727	0.6494	0.9472	0.6242
631	0.6888	0.4792	1.0616	0.6119	0.9264	0.592
632	0.6801	0.4711	1.0641	0.6105	0.9267	0.5876
633	0.6881	0.4776	1.0845	0.6284	0.9564	0.5985
634	0.69	0.4817	1.0411	0.6114	0.9125	0.5925
635	0.6961	0.4813	1.0921	0.6322	0.9655	0.5977
636	0.6849	0.475	1.0668	0.6236	0.9347	0.593
637	0.6976	0.4902	1.0686	0.6268	0.9449	0.6101
638	0.6836	0.4746	1.0615	0.6194	0.9298	0.5938
639	0.6863	0.4804	1.0612	0.6243	0.9284	0.6013
640	0.7074	0.5019	1.0821	0.6493	0.9618	0.6205
641	0.6943	0.487	1.0668	0.6163	0.9293	0.6019
642	0.6797	0.4719	1.0457	0.6113	0.9188	0.5891
643	0.6963	0.4857	1.0972	0.6364	0.9819	0.6096
644	0.6832	0.477	1.0477	0.6117	0.9289	0.5927
645	0.6786	0.4707	1.0586	0.6153	0.9423	0.5981
646	0.6756	0.4679	1.0458	0.6067	0.9235	0.5898
647	0.6804	0.4733	1.0661	0.6168	0.9255	0.5896
648	0.6889	0.48	1.08	0.6337	0.9518	0.5993
649	0.7283	0.5214	1.1087	0.6745	0.996	0.6408
650	0.683	0.4744	1.0477	0.6066	0.9167	0.5914
651	0.6812	0.4737	1.0701	0.613	0.9357	0.5935
652	0.6975	0.4884	1.0694	0.6396	0.9339	0.6007
653	0.6809	0.4739	1.0753	0.6164	0.9619	0.5981
654	0.6883	0.4833	1.053	0.6126	0.918	0.5947
655	0.6725	0.464	1.0564	0.6099	0.9333	0.5846
656	0.686	0.4802	1.0574	0.6234	0.9243	0.5978
657	0.6847	0.4783	1.0828	0.6215	0.9442	0.6001
658	0.6726	0.4665	1.0513	0.6041	0.9038	0.5811
659	0.6768	0.4717	1.0562	0.6175	0.918	0.5919
660	0.677	0.4709	1.0443	0.6083	0.9167	0.5932
661	0.6756	0.4705	1.0565	0.6081	0.9142	0.586
662	0.6999	0.4974	1.0841	0.6484	0.9608	0.617
663	0.7218	0.5172	1.0549	0.6309	0.932	0.6214
664	0.6748	0.4709	1.0624	0.6078	0.9372	0.5916
665	0.6704	0.4642	1.0531	0.6068	0.9157	0.5825
666	0.6802	0.4771	1.0621	0.6224	0.9385	0.6004
667	0.6854	0.4783	1.0856	0.6278	0.949	0.5964
668	0.6824	0.4774	1.0603	0.6196	0.9453	0.5994
669	0.7552	0.5569	1.1056	0.6765	0.9817	0.6634
670	0.7484	0.5357	1.1275	0.6819	1.0124	0.6445
671	0.6945	0.4918	1.0713	0.6298	0.9308	0.6061
672	0.6738	0.4663	1.0663	0.613	0.9443	0.5933
673	0.7189	0.5125	1.0869	0.6607	0.9735	0.6275
674	0.7229	0.5219	1.0782	0.6404	0.9543	0.6294
675	0.6892	0.481	1.0688	0.6238	0.953	0.5997
676	0.6718	0.4675	1.0502	0.6066	0.9338	0.5885
677	0.6812	0.477	1.0549	0.6076	0.9395	0.5952
678	0.6864	0.4825	1.0436	0.6212	0.9226	0.5991
679	0.693	0.4915	1.0739	0.6431	0.9545	0.6142
680	0.6734	0.468	1.0598	0.6093	0.9225	0.5852
681	0.6781	0.4728	1.065	0.6175	0.9417	0.5909
682	0.6715	0.466	1.053	0.6102	0.9147	0.5866
683	0.6763	0.4704	1.0681	0.6133	0.9367	0.5943
684	0.6713	0.4653	1.0656	0.6155	0.9236	0.5851
685	0.6796	0.4731	1.0803	0.6269	0.952	0.5978
686	0.6678	0.4646	1.0661	0.6133	0.9298	0.592
687	0.6657	0.4616	1.0658	0.613	0.9231	0.5882
688	0.6821	0.4754	1.0811	0.6272	0.9563	0.5996
689	0.7003	0.4931	1.1003	0.6467	0.9768	0.6113
690	0.6678	0.4641	1.0512	0.6056	0.9207	0.5812
691	0.6688	0.461	1.0726	0.6122	0.9426	0.582
692	0.6664	0.4637	1.042	0.6047	0.9177	0.5873
693	0.6707	0.4683	1.0619	0.6136	0.9364	0.5993
694	0.6932	0.4928	1.0601	0.637	0.9223	0.6089
695	0.6686	0.4646	1.0866	0.6172	0.9497	0.5913
696	0.6598	0.4548	1.0546	0.604	0.9084	0.5818
697	0.6657	0.4605	1.0622	0.6099	0.9244	0.5835
698	0.678	0.4699	1.0763	0.6253	0.9489	0.5898
699	0.7063	0.498	1.1124	0.658	0.9811	0.6117
700	0.668	0.4616	1.0776	0.6208	0.9537	0.5901
701	0.6696	0.4678	1.0748	0.6153	0.9379	0.5912
702	0.6617	0.4584	1.0599	0.6081	0.9208	0.5806
703	0.6582	0.4552	1.0522	0.602	0.9182	0.5803
704	0.6744	0.4721	1.0911	0.6248	0.946	0.5984
705	0.66	0.4587	1.0432	0.6007	0.896	0.5777
706	0.6652	0.4636	1.0679	0.6179	0.9412	0.5901
707	0.6582	0.4556	1.0495	0.6084	0.9244	0.5856
708	0.6801	0.4794	1.0412	0.607	0.9192	0.5965
709	0.6588	0.4581	1.0539	0.6046	0.9234	0.5841
710	0.6664	0.467	1.0365	0.601	0.8987	0.583
711	0.6779	0.4791	1.0902	0.6334	0.9676	0.6054
712	0.6762	0.4742	1.0692	0.6275	0.931	0.5938
713	0.661	0.4605	1.0564	0.6035	0.9413	0.5891
714	0.678	0.4793	1.0637	0.6274	0.928	0.6008
715	0.6562	0.4528	1.0501	0.6022	0.9283	0.5781
716	0.6915	0.4945	1.0602	0.6332	0.9329	0.6119
717	0.7163	0.513	1.1085	0.6605	0.9919	0.6298
718	0.6596	0.4606	1.0394	0.6009	0.9085	0.5824
719	0.6559	0.4547	1.0495	0.6045	0.9207	0.5828
720	0.6537	0.4506	1.046	0.6047	0.9167	0.5806
721	0.6566	0.4588	1.0496	0.6045	0.9154	0.5868
722	0.6538	0.4539	1.0462	0.6045	0.9174	0.5824
723	0.6503	0.4499	1.0513	0.6012	0.9211	0.5825
724	0.6813	0.4822	1.0666	0.6199	0.9252	0.5986
725	0.7517	0.548	1.1382	0.6986	1.0177	0.6591
726	0.726	0.5309	1.1203	0.6732	0.9842	0.6458
727	0.6856	0.4856	1.0788	0.6369	0.9607	0.6105
728	0.6524	0.4518	1.0475	0.602	0.9113	0.5751
729	0.6883	0.4907	1.0554	0.6188	0.9349	0.6081
730	0.6732	0.4717	1.0639	0.6272	0.9499	0.5956
731	0.6606	0.4611	1.063	0.6111	0.9404	0.5912
732	0.6522	0.4541	1.0371	0.5964	0.8931	0.5731
733	0.674	0.4671	1.0995	0.6302	0.9729	0.5905
734	0.6588	0.4571	1.0542	0.6157	0.9265	0.5858
735	0.6512	0.4531	1.0534	0.6029	0.9171	0.5835
736	0.6552	0.4563	1.0507	0.6092	0.924	0.5881
737	0.6696	0.4761	1.0576	0.6267	0.9243	0.602
738	0.7113	0.5161	1.092	0.6403	0.9564	0.6291
739	0.6793	0.4797	1.0527	0.6257	0.916	0.6
740	0.668	0.4716	1.0728	0.6172	0.9541	0.5998
741	0.6708	0.4719	1.0561	0.6234	0.9258	0.5968
742	0.6641	0.4671	1.0388	0.5999	0.9081	0.5872
743	0.6485	0.4513	1.0526	0.609	0.9232	0.5879
744	0.6496	0.45	1.0459	0.6051	0.917	0.5818
745	0.6863	0.4903	1.0597	0.6191	0.9311	0.6063
746	0.6547	0.458	1.0532	0.6063	0.9252	0.5885
747	0.6501	0.4526	1.0497	0.6029	0.9131	0.5785
748	0.6448	0.4444	1.0554	0.5996	0.9248	0.5809
749	0.6464	0.4475	1.0426	0.5963	0.9104	0.5776
750	0.6665	0.4724	1.074	0.6297	0.9396	0.5998
751	0.6485	0.4506	1.0586	0.5988	0.9146	0.5777
752	0.6646	0.4642	1.0859	0.6211	0.9629	0.5975
753	0.6547	0.4545	1.0717	0.6164	0.9329	0.5831
754	0.6893	0.4975	1.0918	0.6418	0.9564	0.6179
755	0.7043	0.5023	1.1099	0.6591	0.9868	0.6244
756	0.6754	0.4802	1.0559	0.6108	0.9251	0.5995
757	0.6559	0.4588	1.0502	0.6081	0.9278	0.592
758	0.6581	0.4632	1.0549	0.611	0.9281	0.5935
759	0.6498	0.4488	1.0601	0.6056	0.9454	0.5833
760	0.6449	0.447	1.0489	0.5972	0.9195	0.5801
761	0.6547	0.4559	1.0597	0.6151	0.9333	0.5864
762	0.6488	0.4519	1.0533	0.602	0.9206	0.5837
763	0.652	0.4528	1.0742	0.6125	0.942	0.5821
764	0.6417	0.4443	1.0572	0.5954	0.9237	0.5793
765	0.6419	0.4411	1.0536	0.6028	0.9198	0.571
766	0.6582	0.4633	1.0725	0.6222	0.943	0.5925
767	0.656	0.4554	1.0735	0.6204	0.9527	0.5911
768	0.6442	0.4462	1.0634	0.6031	0.9266	0.5783
769	0.6401	0.4414	1.053	0.6012	0.9231	0.5777
770	0.6596	0.4599	1.0789	0.6246	0.9461	0.5893
771	0.662	0.4614	1.0995	0.6244	0.9623	0.5865
772	0.6508	0.4535	1.0709	0.6174	0.9418	0.5916
773	0.6445	0.4495	1.0551	0.6114	0.9126	0.5827
774	0.7093	0.5085	1.1289	0.6649	1.002	0.6321
775	0.6399	0.4428	1.0358	0.5946	0.8964	0.5705
776	0.646	0.4519	1.0543	0.603	0.9279	0.5877
777	0.6549	0.4591	1.0637	0.6173	0.9277	0.5933
778	0.6458	0.4463	1.0739	0.6086	0.9473	0.583
779	0.6428	0.4457	1.0452	0.6044	0.9181	0.5803
780	0.6418	0.4459	1.0436	0.5956	0.9157	0.5798
781	0.6423	0.4457	1.0725	0.6165	0.9312	0.577
782	0.6464	0.4514	1.0673	0.6124	0.929	0.5814
783	0.6701	0.4706	1.1007	0.6346	0.9807	0.6004
784	0.6525	0.4608	1.055	0.6083	0.912	0.5843
785	0.6401	0.4422	1.0539	0.5979	0.9325	0.5787
786	0.6386	0.4404	1.0554	0.5978	0.9138	0.5742
787	0.6366	0.44	1.0409	0.5996	0.9077	0.5704
788	0.6348	0.4406	1.0438	0.5939	0.9163	0.5774
789	0.6335	0.4379	1.0556	0.5972	0.9186	0.5759
790	0.6349	0.4426	1.0526	0.5977	0.9222	0.5798
791	0.6377	0.4419	1.0605	0.6058	0.9281	0.5796
792	0.6386	0.4436	1.0473	0.5936	0.9144	0.5743
793	0.6436	0.4475	1.0668	0.6119	0.9358	0.5806
794	0.6292	0.4347	1.054	0.5924	0.9135	0.5738
795	0.6496	0.455	1.0732	0.6134	0.9283	0.5862
796	0.6641	0.4703	1.0734	0.6316	0.9436	0.6005
797	0.6443	0.4531	1.0581	0.6001	0.9259	0.5847
798	0.6419	0.4485	1.0357	0.5913	0.896	0.5746
799	0.6672	0.4748	1.0805	0.6349	0.9532	0.6089
800	0.6302	0.4345	1.0561	0.5971	0.9172	0.5734
801	0.6368	0.4427	1.0414	0.5935	0.9112	0.5792
802	0.6401	0.4428	1.0529	0.6038	0.9165	0.5761
803	0.627	0.4322	1.0467	0.5922	0.9163	0.5746
804	0.6325	0.4389	1.0445	0.5964	0.8982	0.5705
805	0.6874	0.5031	1.0823	0.6607	0.9656	0.6409
806	0.6432	0.4483	1.069	0.6043	0.9257	0.581
807	0.629	0.4353	1.0453	0.5965	0.906	0.571
808	0.6502	0.456	1.0767	0.6209	0.9523	0.595
809	0.6341	0.4403	1.0491	0.6018	0.9183	0.5804
810	0.6319	0.4388	1.0382	0.5992	0.8982	0.5707
811	0.6318	0.4363	1.074	0.6035	0.9364	0.5703
812	0.6752	0.4828	1.0888	0.6452	0.9629	0.6128
813	0.6391	0.4462	1.0593	0.6043	0.9171	0.5825
814	0.6329	0.44	1.0518	0.6016	0.9119	0.576
815	0.6699	0.4697	1.1066	0.641	0.977	0.5997
816	0.6568	0.4667	1.0585	0.6123	0.9205	0.5942
817	0.6664	0.4776	1.0494	0.6172	0.9118	0.5975
818	0.6875	0.4968	1.0906	0.6531	0.963	0.6282
819	0.6289	0.4354	1.042	0.5902	0.8945	0.571
820	0.6817	0.4895	1.0592	0.6225	0.9243	0.6112
821	0.6647	0.4716	1.0747	0.631	0.9387	0.6025
822	0.6273	0.4353	1.0472	0.5874	0.9136	0.5737
823	0.6267	0.4313	1.063	0.6029	0.9262	0.5738
824	0.6366	0.4446	1.0409	0.5986	0.9067	0.5824
825	0.6346	0.4429	1.0344	0.5938	0.8968	0.5774
826	0.7378	0.5566	1.1117	0.7082	1.0032	0.6857
827	0.6719	0.4769	1.0564	0.6123	0.9115	0.5922
828	0.6475	0.4582	1.0556	0.6114	0.9528	0.6005
829	0.6352	0.4423	1.0351	0.6015	0.898	0.5778
830	0.6552	0.4636	1.0654	0.6077	0.9462	0.5967
831	0.6317	0.4385	1.0568	0.5987	0.9224	0.5776
832	0.6589	0.4615	1.0574	0.6247	0.9343	0.5957
833	0.6641	0.4669	1.1002	0.6291	0.9646	0.596
834	0.6526	0.4664	1.0671	0.623	0.9189	0.5931
835	0.6336	0.4374	1.0792	0.6113	0.9381	0.5763
836	0.6325	0.4399	1.0442	0.5952	0.8981	0.5713
837	0.6438	0.4521	1.0743	0.6125	0.9276	0.5848
838	0.6698	0.4733	1.0868	0.6421	0.9702	0.6095
839	0.6258	0.4321	1.0434	0.5958	0.9102	0.5744
840	0.6399	0.4477	1.0615	0.6061	0.9287	0.5863
841	0.6201	0.4281	1.0335	0.586	0.8937	0.565
842	0.6256	0.4303	1.0671	0.5962	0.9362	0.5695
843	0.6362	0.4418	1.0665	0.613	0.9336	0.5843
844	0.6329	0.4404	1.0509	0.6	0.9209	0.5803
845	0.623	0.4302	1.0539	0.5902	0.9031	0.5684
846	0.6334	0.4435	1.067	0.6076	0.9421	0.5865
847	0.6242	0.4321	1.0307	0.591	0.8932	0.5696
848	0.6473	0.4556	1.0628	0.6088	0.9338	0.5933
849	0.6319	0.4406	1.046	0.6023	0.9186	0.5817
850	0.6492	0.4624	1.0609	0.6231	0.9312	0.6031
851	0.6309	0.4425	1.036	0.5949	0.8954	0.5771
852	0.6167	0.425	1.0479	0.5878	0.9008	0.568
853	0.6319	0.4418	1.0585	0.6066	0.9374	0.5873
854	0.6324	0.4404	1.0499	0.597	0.91	0.5807
855	0.6272	0.4384	1.0368	0.593	0.905	0.5775
856	0.6498	0.4569	1.073	0.621	0.9507	0.5984
857	0.6483	0.4584	1.0445	0.6058	0.9004	0.584
858	0.6273	0.4347	1.071	0.6022	0.935	0.5773
859	0.6488	0.4572	1.0772	0.6215	0.9428	0.5946
860	0.6493	0.4599	1.0688	0.6132	0.9334	0.5962
861	0.6269	0.4373	1.0651	0.6057	0.9182	0.5784
862	0.6143	0.4225	1.0506	0.5908	0.9069	0.5667
863	0.6152	0.4234	1.0482	0.5885	0.9097	0.5676
864	0.6179	0.4281	1.0337	0.5837	0.8937	0.5682
865	0.6178	0.4255	1.0713	0.5941	0.9295	0.5703
866	0.6214	0.4292	1.0552	0.5975	0.9177	0.5743
867	0.6416	0.4537	1.0645	0.6151	0.9153	0.5875
868	0.6307	0.4374	1.0666	0.6023	0.927	0.5763
869	0.6184	0.4257	1.0596	0.5998	0.9205	0.5704
870	0.6345	0.4403	1.0824	0.608	0.9387	0.5766
871	0.6442	0.4489	1.0703	0.6172	0.9483	0.5902
872	0.6406	0.4458	1.075	0.6159	0.9442	0.5864
873	0.6288	0.4377	1.0647	0.6016	0.9178	0.5771
874	0.6132	0.4225	1.0366	0.5792	0.8949	0.5637
875	0.6174	0.4293	1.038	0.585	0.8985	0.5672
876	0.6428	0.4496	1.0875	0.6189	0.9646	0.5936
877	0.6176	0.4292	1.0585	0.5997	0.9166	0.5784
878	0.625	0.4372	1.0541	0.5947	0.9091	0.574
879	0.6109	0.4187	1.0495	0.5888	0.9061	0.5641
880	0.6436	0.4561	1.0494	0.6062	0.9227	0.5935
881	0.6189	0.4283	1.051	0.5985	0.9184	0.5703
882	0.6098	0.419	1.0513	0.5857	0.9182	0.5696
883	0.6081	0.4179	1.0378	0.5853	0.8954	0.5642
884	0.6056	0.4153	1.055	0.5889	0.9071	0.5622
885	0.6083	0.4185	1.0605	0.5888	0.9194	0.5671
886	0.6362	0.445	1.0681	0.6122	0.9276	0.5821
887	0.6127	0.4211	1.0705	0.5942	0.9255	0.5656
888	0.6766	0.4939	1.0856	0.6411	0.9307	0.6157
889	0.7528	0.5637	1.1576	0.7132	1.0451	0.6789
890	0.7205	0.5415	1.1019	0.6675	0.9592	0.6486
891	0.7382	0.5459	1.1141	0.6937	1.0063	0.6669
892	0.6437	0.4557	1.0637	0.6021	0.9268	0.5915
893	0.6702	0.4789	1.0775	0.6334	0.9519	0.6096
894	0.638	0.4503	1.0539	0.6022	0.9084	0.5872
895	0.6213	0.43	1.059	0.5961	0.9253	0.5759
896	0.6151	0.4253	1.0482	0.5912	0.9121	0.5687
897	0.6097	0.4181	1.0386	0.5854	0.9027	0.5623
898	0.6128	0.4227	1.0414	0.5896	0.9126	0.5712
899	0.6127	0.4237	1.0463	0.5867	0.899	0.5648
900	0.6171	0.4272	1.0628	0.5969	0.9246	0.5711
901	0.6186	0.4326	1.0503	0.6011	0.9074	0.5729
902	0.6183	0.4266	1.0688	0.5955	0.9398	0.574
903	0.6398	0.4481	1.0791	0.6171	0.9472	0.5897
904	0.6326	0.4453	1.0647	0.6086	0.9307	0.5863
905	0.6062	0.4159	1.0438	0.5845	0.9032	0.56
906	0.6071	0.4204	1.0326	0.579	0.8867	0.5609
907	0.6386	0.452	1.0723	0.6222	0.9383	0.5994
908	0.6119	0.4236	1.0464	0.5909	0.9107	0.5711
909	0.6043	0.4133	1.0585	0.591	0.9243	0.5679
910	0.6044	0.4159	1.0393	0.5861	0.9062	0.5682
911	0.6067	0.4164	1.0468	0.5937	0.9169	0.5695
912	0.6459	0.4607	1.0587	0.6266	0.9295	0.6003
913	0.6076	0.4184	1.054	0.5839	0.9088	0.5629
914	0.6356	0.4503	1.0438	0.5975	0.897	0.5812
915	0.6405	0.4529	1.0533	0.6151	0.9214	0.5973
916	0.6078	0.4208	1.0264	0.5812	0.8832	0.563
917	0.6312	0.4435	1.0487	0.6004	0.9173	0.5853
918	0.62	0.4339	1.0498	0.5995	0.9062	0.5795
919	0.6042	0.4168	1.0443	0.5868	0.9029	0.5651
920	0.6072	0.4167	1.0676	0.5867	0.9292	0.565
921	0.6104	0.4249	1.0375	0.5924	0.8812	0.5635
922	0.6059	0.416	1.0633	0.5947	0.9298	0.5723
923	0.637	0.4482	1.0775	0.6213	0.9498	0.5949
924	0.6186	0.435	1.0531	0.5932	0.9142	0.5763
925	0.624	0.4345	1.0568	0.6044	0.9198	0.5761
926	0.602	0.4139	1.0485	0.5809	0.9046	0.5571
927	0.6007	0.4115	1.0506	0.5881	0.9111	0.5638
928	0.6395	0.4592	1.0894	0.625	0.9422	0.5958
929	0.6164	0.4325	1.0566	0.6059	0.9071	0.5768
930	0.6314	0.4475	1.0729	0.6115	0.9377	0.5916
931	0.6332	0.4497	1.0471	0.6144	0.9191	0.5964
932	0.6604	0.4763	1.0592	0.6148	0.9194	0.6024
933	0.6234	0.4402	1.05	0.6083	0.9134	0.5813
934	0.6252	0.4371	1.0667	0.6086	0.9364	0.5813
935	0.6128	0.4266	1.0413	0.5878	0.9078	0.5694
936	0.6404	0.4484	1.0888	0.6097	0.9589	0.5883
937	0.6159	0.4302	1.041	0.5962	0.896	0.5717
938	0.6137	0.4215	1.0667	0.5992	0.9277	0.5686
939	0.6129	0.4235	1.0488	0.5882	0.91	0.5676
940	0.6123	0.4267	1.0456	0.5897	0.9039	0.5688
941	0.6102	0.4218	1.0684	0.5952	0.9297	0.5708
942	0.6077	0.4181	1.0596	0.5924	0.9192	0.5672
943	0.6025	0.4157	1.0332	0.5836	0.8919	0.5625
944	0.6089	0.4219	1.0555	0.5944	0.9104	0.5668
945	0.5985	0.4105	1.0417	0.5823	0.9003	0.5603
946	0.6115	0.4248	1.042	0.5861	0.9079	0.5706
947	0.6007	0.4169	1.0351	0.5787	0.8923	0.5635
948	0.6354	0.4556	1.0477	0.6142	0.9099	0.597
949	0.6858	0.5015	1.0742	0.6375	0.9372	0.6228
950	0.6545	0.4717	1.0599	0.6307	0.945	0.6132
951	0.6152	0.4336	1.045	0.5962	0.9158	0.5845
952	0.6232	0.4353	1.0215	0.5931	0.8811	0.5736
953	0.6108	0.4271	1.0596	0.5913	0.9256	0.5778
954	0.666	0.4817	1.0803	0.6411	0.942	0.6123
955	0.6128	0.43	1.037	0.5909	0.9071	0.5796
956	0.6033	0.416	1.0573	0.5959	0.9181	0.5663
957	0.5989	0.412	1.0445	0.5883	0.898	0.5612
958	0.6091	0.4237	1.068	0.5941	0.9292	0.5734
959	0.6284	0.4436	1.0521	0.6117	0.9133	0.5854
960	0.6473	0.4675	1.0703	0.6174	0.9431	0.6049
961	0.6199	0.4306	1.0657	0.6037	0.9292	0.5748
962	0.5982	0.4125	1.0402	0.583	0.9047	0.5641
963	0.5991	0.4106	1.06	0.5911	0.9191	0.5614
964	0.6175	0.429	1.0742	0.6022	0.941	0.5737
965	0.5948	0.4071	1.0568	0.5871	0.9196	0.5625
966	0.6012	0.4185	1.0558	0.5942	0.9069	0.5711
967	0.5941	0.404	1.0527	0.5877	0.9086	0.5642
968	0.5912	0.4041	1.0392	0.5791	0.8934	0.5559
969	0.5996	0.4116	1.0685	0.5911	0.9234	0.5632
970	0.6107	0.4243	1.07	0.6025	0.9348	0.5753
971	0.6038	0.421	1.0547	0.5928	0.9008	0.5657
972	0.6121	0.4251	1.0669	0.5965	0.9324	0.5758
973	0.5951	0.4098	1.0349	0.5794	0.886	0.5548
974	0.6012	0.4147	1.0659	0.5942	0.9268	0.5669
975	0.6035	0.4197	1.0586	0.5943	0.9134	0.5711
976	0.5907	0.4037	1.0442	0.5855	0.8909	0.5584
977	0.5924	0.4099	1.0438	0.5814	0.9022	0.568
978	0.6416	0.4626	1.0712	0.6196	0.9339	0.602
979	0.5927	0.4066	1.0469	0.5891	0.9141	0.5667
980	0.5883	0.4023	1.0516	0.5807	0.904	0.5593
981	0.5873	0.4034	1.0429	0.5766	0.8934	0.5578
982	0.586	0.4009	1.0448	0.5787	0.9039	0.5531
983	0.5856	0.401	1.0515	0.577	0.9051	0.555
984	0.5893	0.4031	1.0534	0.5826	0.9096	0.5598
985	0.5927	0.4101	1.0616	0.5847	0.9067	0.5598
986	0.5899	0.407	1.0427	0.5801	0.8997	0.5646
987	0.5974	0.4142	1.0372	0.5788	0.8918	0.5645
988	0.5877	0.4035	1.0465	0.5793	0.9031	0.5602
989	0.584	0.3999	1.0357	0.5728	0.8914	0.5535
990	0.5882	0.4028	1.0569	0.5782	0.9225	0.5562
991	0.5817	0.3964	1.0402	0.5747	0.9052	0.5552
992	0.5875	0.4044	1.0406	0.5786	0.8976	0.5573
993	0.5876	0.403	1.0588	0.5822	0.9181	0.5635
994	0.5887	0.4019	1.0484	0.5798	0.9056	0.5556
995	0.5852	0.4009	1.0486	0.5796	0.9142	0.5578
996	0.5837	0.3995	1.0426	0.5845	0.9099	0.5602
997	0.5869	0.4025	1.0395	0.5779	0.9065	0.5578
998	0.586	0.4017	1.0364	0.5793	0.8904	0.5573
999	0.6356	0.4598	1.0813	0.6272	0.9393	0.5997
1000	0.5867	0.404	1.0381	0.5779	0.895	0.5565
1001	0.5918	0.406	1.0535	0.5915	0.9176	0.5633
1002	0.5783	0.3939	1.0431	0.5763	0.9031	0.5542
1003	0.5799	0.3952	1.0482	0.5801	0.9082	0.5573
1004	0.5768	0.3919	1.0477	0.5784	0.9043	0.5526
1005	0.5766	0.3922	1.0443	0.5784	0.9	0.552
1006	0.5763	0.3918	1.0466	0.578	0.9025	0.553
1007	0.5767	0.3913	1.0503	0.5782	0.9056	0.5525
1008	0.5784	0.3931	1.0481	0.5791	0.9033	0.5537
1009	0.5747	0.3905	1.0388	0.5726	0.8927	0.5502
1010	0.575	0.3905	1.0441	0.574	0.8981	0.5511
1011	0.575	0.3898	1.048	0.5756	0.8992	0.5503
1012	0.5749	0.3897	1.0457	0.5756	0.8974	0.5504
1013	0.5756	0.3911	1.0428	0.5766	0.8971	0.5516
1014	0.5754	0.3909	1.042	0.5761	0.899	0.5529
1015	0.5765	0.3913	1.0464	0.5778	0.9048	0.5551
1016	0.5742	0.3898	1.0446	0.574	0.9011	0.5528
1017	0.5737	0.3899	1.0411	0.5731	0.8951	0.5516
1018	0.5809	0.3963	1.0507	0.5837	0.9092	0.559
1019	0.5745	0.3907	1.0378	0.5746	0.8937	0.5536
1020	0.5766	0.392	1.0528	0.5803	0.9097	0.5554
1021	0.5786	0.3939	1.0487	0.5814	0.9038	0.5575
1022	0.5745	0.3903	1.0383	0.5776	0.8898	0.5532
1023	0.574	0.39	1.0344	0.5739	0.8853	0.5507
1024	0.5752	0.3898	1.0435	0.5778	0.8988	0.5529
1025	0.5797	0.3948	1.0473	0.5835	0.9039	0.5586
1026	0.5737	0.3885	1.0461	0.5761	0.8969	0.5508
1027	0.5727	0.3887	1.0422	0.5747	0.8919	0.5501
1028	0.5739	0.3901	1.0476	0.5772	0.9009	0.5529
1029	0.573	0.3892	1.0448	0.575	0.8996	0.5527
1030	0.5738	0.3903	1.0492	0.5759	0.9045	0.5531
1031	0.5767	0.3934	1.0506	0.5796	0.9067	0.5561
1032	0.575	0.3909	1.0514	0.5802	0.902	0.5513
1033	0.5733	0.3915	1.0402	0.573	0.8864	0.5497
1034	0.5738	0.3897	1.0513	0.5777	0.9006	0.5508
1035	0.5807	0.398	1.0504	0.585	0.9065	0.5606
1036	0.5726	0.3892	1.0457	0.577	0.9006	0.5547
1037	0.5721	0.3885	1.0459	0.5757	0.9011	0.5526
1038	0.5719	0.3886	1.0436	0.5759	0.8958	0.552
1039	0.5769	0.3929	1.0501	0.5816	0.9051	0.5562
1040	0.5725	0.3898	1.0393	0.5751	0.8887	0.5525
1041	0.5733	0.3901	1.0398	0.5746	0.8883	0.5522
1042	0.5775	0.3928	1.054	0.5826	0.9079	0.555
1043	0.5802	0.398	1.0465	0.5825	0.9016	0.56
1044	0.5732	0.389	1.0486	0.5782	0.8993	0.5518
1045	0.5766	0.3946	1.0436	0.5764	0.8924	0.5552
1046	0.5721	0.3883	1.0464	0.5747	0.8989	0.5516
1047	0.5829	0.4004	1.0546	0.5858	0.9138	0.5619
1048	0.572	0.389	1.0444	0.5741	0.9008	0.5526
1049	0.573	0.3904	1.0421	0.5731	0.8976	0.5532
1050	0.5708	0.3878	1.042	0.5727	0.8967	0.5512
1051	0.5791	0.3957	1.0516	0.5841	0.9086	0.5592
1052	0.5714	0.3882	1.0458	0.5752	0.8958	0.5512
1053	0.5717	0.3889	1.0455	0.5763	0.896	0.5531
1054	0.5736	0.3893	1.0495	0.5786	0.9031	0.5542
1055	0.5725	0.3896	1.0435	0.5764	0.8978	0.5554
1056	0.5719	0.3883	1.0481	0.5768	0.9014	0.5543
1057	0.5713	0.3883	1.0496	0.5749	0.8999	0.5535
1058	0.5716	0.3882	1.0507	0.5763	0.9028	0.5536
1059	0.5792	0.3961	1.0559	0.5837	0.9124	0.5605
1060	0.571	0.3889	1.0456	0.5742	0.8966	0.5538
1061	0.5714	0.388	1.0508	0.5755	0.9012	0.5518
1062	0.5732	0.3909	1.048	0.5765	0.9004	0.5539
1063	0.5708	0.3885	1.0441	0.5735	0.8927	0.5507
1064	0.5762	0.3925	1.0524	0.5814	0.9043	0.5555
1065	0.572	0.3886	1.0486	0.5757	0.9004	0.5524
1066	0.5709	0.3882	1.046	0.5738	0.8967	0.5518
1067	0.5716	0.3892	1.0472	0.5751	0.8955	0.55
1068	0.5694	0.387	1.0443	0.5724	0.8885	0.5478
1069	0.5707	0.3875	1.0516	0.5766	0.8989	0.5497
1070	0.5717	0.3902	1.0467	0.5773	0.8973	0.553
1071	0.5706	0.3882	1.0454	0.5751	0.8919	0.5497
1072	0.5705	0.3885	1.0463	0.5735	0.8909	0.5498
1073	0.5734	0.3907	1.051	0.5774	0.9	0.5527
1074	0.5737	0.3897	1.0548	0.578	0.9049	0.5534
1075	0.5691	0.3864	1.0454	0.5717	0.8914	0.5503
1076	0.5705	0.3879	1.0494	0.5748	0.8974	0.5517
1077	0.5788	0.3963	1.0557	0.5838	0.906	0.5581
1078	0.5714	0.389	1.0486	0.574	0.8951	0.5504
1079	0.573	0.3916	1.0468	0.5748	0.8921	0.5523
1080	0.5724	0.3896	1.0493	0.5791	0.898	0.5542
1081	0.5737	0.3909	1.0517	0.5795	0.9019	0.5557
1082	0.5698	0.3871	1.0507	0.5748	0.899	0.5504
1083	0.5692	0.387	1.0505	0.5729	0.9007	0.551
1084	0.5736	0.3905	1.0562	0.5786	0.9085	0.5551
1085	0.5687	0.3859	1.0492	0.5739	0.896	0.5495
1086	0.5704	0.3885	1.0462	0.5733	0.8937	0.552
1087	0.5693	0.3861	1.0492	0.5735	0.9001	0.5505
1088	0.5737	0.3911	1.0541	0.5793	0.9068	0.5548
1089	0.5692	0.3869	1.0463	0.5736	0.8903	0.5489
1090	0.5715	0.3889	1.0521	0.5775	0.9024	0.5511
1091	0.5694	0.3874	1.0463	0.574	0.8999	0.5523
1092	0.5695	0.3865	1.0518	0.5742	0.9065	0.5525
1093	0.5695	0.386	1.0493	0.5749	0.9037	0.5529
1094	0.5678	0.385	1.0469	0.5727	0.8962	0.5507
1095	0.5726	0.39	1.0548	0.5797	0.9063	0.555
1096	0.5721	0.3886	1.0514	0.5791	0.9039	0.5558
1097	0.5688	0.3859	1.0491	0.5776	0.8991	0.5532
1098	0.5687	0.3863	1.0471	0.5765	0.8959	0.552
1099	0.5708	0.3881	1.0518	0.5771	0.9015	0.5538
1100	0.5707	0.3881	1.0556	0.5787	0.9034	0.5522
1101	0.5695	0.3885	1.0449	0.5749	0.8919	0.5521
1102	0.5714	0.3889	1.0546	0.578	0.9068	0.5539
1103	0.569	0.386	1.054	0.5755	0.9033	0.5521
1104	0.5695	0.3864	1.0531	0.577	0.9004	0.5512
1105	0.5688	0.3878	1.0449	0.5723	0.8923	0.5513
1106	0.5697	0.3868	1.0554	0.5776	0.9101	0.5538
1107	0.5734	0.3913	1.0536	0.5826	0.9067	0.5569
1108	0.5679	0.3867	1.0438	0.5745	0.8917	0.5488
1109	0.5672	0.3855	1.0463	0.5736	0.8948	0.5487
1110	0.5678	0.3857	1.0487	0.577	0.8978	0.5509
1111	0.5751	0.3926	1.0527	0.584	0.9089	0.5571
1112	0.5666	0.3851	1.0446	0.573	0.8964	0.5502
1113	0.5679	0.3854	1.0529	0.5757	0.9081	0.5522
1114	0.5709	0.3885	1.0506	0.5789	0.9056	0.5537
1115	0.5691	0.3866	1.053	0.5786	0.9056	0.5524
1116	0.5696	0.3874	1.0586	0.5775	0.9089	0.5518
1117	0.5671	0.3859	1.0442	0.574	0.8961	0.5515
1118	0.5697	0.3879	1.0512	0.5791	0.9052	0.5525
1119	0.5686	0.3868	1.0511	0.5776	0.9032	0.5513
1120	0.5672	0.3853	1.0467	0.5753	0.8984	0.5497
1121	0.568	0.3864	1.0438	0.5748	0.8954	0.5505
1122	0.5689	0.387	1.0523	0.5763	0.9005	0.5508
1123	0.5663	0.385	1.0464	0.5735	0.8963	0.5504
1124	0.5701	0.387	1.0584	0.5792	0.912	0.5535
1125	0.5697	0.3885	1.0524	0.5783	0.9039	0.5546
1126	0.566	0.384	1.0466	0.5741	0.8929	0.548
1127	0.5661	0.3848	1.0441	0.5733	0.8904	0.5479
1128	0.5665	0.3851	1.0433	0.5737	0.8948	0.5512
1129	0.5682	0.3865	1.054	0.5771	0.9067	0.5526
1130	0.5657	0.384	1.0463	0.5734	0.8957	0.5503
1131	0.5725	0.3901	1.0507	0.5819	0.9006	0.5551
1132	0.5776	0.3974	1.053	0.5865	0.9064	0.5628
1133	0.5702	0.3886	1.0558	0.5779	0.9114	0.5549
1134	0.5679	0.3868	1.0431	0.5722	0.8941	0.5522
1135	0.5705	0.3879	1.0559	0.5818	0.9083	0.5539
1136	0.5701	0.3893	1.0476	0.5781	0.8981	0.5555
1137	0.5677	0.3858	1.0546	0.5784	0.9053	0.5517
1138	0.5655	0.3845	1.044	0.5728	0.8937	0.55
1139	0.5664	0.3846	1.0495	0.5771	0.9002	0.5514
1140	0.5669	0.3871	1.0461	0.5754	0.893	0.5508
1141	0.5668	0.3866	1.0482	0.5756	0.8958	0.5503
1142	0.5689	0.3874	1.0485	0.5784	0.8996	0.5536
1143	0.569	0.3862	1.058	0.5811	0.9098	0.5529
1144	0.5664	0.3855	1.0486	0.5762	0.9	0.5526
1145	0.5654	0.3848	1.0455	0.573	0.8959	0.5503
1146	0.5674	0.3861	1.0487	0.5751	0.9009	0.5505
1147	0.57	0.3882	1.0447	0.5762	0.8959	0.5537
1148	0.5668	0.3846	1.0481	0.5749	0.8982	0.5508
1149	0.5663	0.3859	1.04	0.571	0.8902	0.5514
1150	0.5668	0.3853	1.0499	0.575	0.9012	0.5518
1151	0.5753	0.3945	1.0577	0.583	0.9088	0.5589
1152	0.5693	0.388	1.0524	0.5785	0.9026	0.5531
1153	0.5652	0.3832	1.045	0.5754	0.8945	0.5507
1154	0.5646	0.3834	1.0498	0.5741	0.899	0.5493
1155	0.5662	0.3858	1.048	0.5749	0.8974	0.5511
1156	0.5716	0.3902	1.0518	0.5823	0.9031	0.5547
1157	0.5638	0.3818	1.0465	0.5736	0.8969	0.55
1158	0.5672	0.3859	1.0573	0.578	0.9085	0.5538
1159	0.5643	0.3836	1.0459	0.5718	0.8943	0.5503
1160	0.5647	0.3835	1.0491	0.575	0.8983	0.5501
1161	0.5652	0.3841	1.0528	0.5771	0.8994	0.5507
1162	0.5641	0.3827	1.0513	0.5755	0.8969	0.5489
1163	0.566	0.3854	1.0462	0.5773	0.8923	0.5519
1164	0.5655	0.3834	1.0488	0.5783	0.8959	0.5521
1165	0.5644	0.3832	1.0501	0.5734	0.8992	0.5507
1166	0.5653	0.3841	1.0535	0.5746	0.9055	0.5522
1167	0.5792	0.3974	1.0671	0.5889	0.9235	0.563
1168	0.5645	0.3835	1.0496	0.5762	0.8987	0.5517
1169	0.5667	0.3872	1.0521	0.5768	0.899	0.5535
1170	0.5667	0.3856	1.0479	0.5771	0.9002	0.5553
1171	0.57	0.3883	1.0543	0.5811	0.9083	0.5565
1172	0.5643	0.3831	1.0458	0.5737	0.8946	0.5509
1173	0.5651	0.3843	1.0493	0.5745	0.8972	0.5507
1174	0.5668	0.3847	1.0496	0.5768	0.9009	0.5529
1175	0.5639	0.3827	1.0435	0.5736	0.8913	0.5506
1176	0.5643	0.3833	1.0455	0.5721	0.8945	0.5502
1177	0.5656	0.3847	1.0482	0.5735	0.8937	0.5495
1178	0.5696	0.3882	1.0543	0.5806	0.9022	0.5541
1179	0.5685	0.3871	1.0475	0.5769	0.8989	0.5552
1180	0.5644	0.3828	1.0451	0.5695	0.8967	0.5502
1181	0.5648	0.3835	1.0516	0.5718	0.9034	0.5513
1182	0.5645	0.3834	1.0488	0.5722	0.8984	0.5522
1183	0.569	0.3876	1.0492	0.5763	0.9001	0.5543
1184	0.5657	0.3846	1.047	0.5747	0.897	0.552
1185	0.5644	0.3827	1.0508	0.5751	0.8992	0.5506
1186	0.5657	0.3833	1.0525	0.5759	0.9031	0.5503
1187	0.5642	0.3842	1.0419	0.5703	0.8927	0.5509
1188	0.5638	0.3817	1.0488	0.5723	0.8993	0.5496
1189	0.566	0.3853	1.0518	0.5755	0.9014	0.5528
1190	0.5692	0.3893	1.0538	0.5787	0.9034	0.5563
1191	0.5639	0.3831	1.0509	0.5723	0.9003	0.5509
1192	0.5649	0.3842	1.0559	0.5765	0.9041	0.5518
1193	0.5682	0.388	1.051	0.5781	0.9017	0.5553
1194	0.5632	0.3824	1.0472	0.5727	0.8951	0.5494
1195	0.5626	0.3819	1.0479	0.5721	0.8941	0.55
1196	0.5631	0.3822	1.0525	0.5735	0.8978	0.5489
1197	0.5634	0.3839	1.0423	0.5691	0.8869	0.5474
1198	0.5628	0.3819	1.0472	0.5732	0.8955	0.5482
1199	0.5645	0.3829	1.0519	0.5756	0.9007	0.5496
1200	0.5663	0.3854	1.0483	0.5752	0.8986	0.552
1201	0.5621	0.3814	1.0465	0.5707	0.8972	0.5485
1202	0.5622	0.3815	1.0448	0.5713	0.8937	0.5483
1203	0.5625	0.3821	1.0437	0.5712	0.8892	0.5475
1204	0.5664	0.3856	1.0465	0.5759	0.8971	0.5532
1205	0.5651	0.3829	1.0536	0.5757	0.903	0.5516
1206	0.5622	0.3809	1.0506	0.5734	0.8991	0.5512
1207	0.5628	0.3823	1.045	0.5729	0.8909	0.5508
1208	0.5617	0.3811	1.0422	0.5705	0.8873	0.5492
1209	0.567	0.3857	1.0533	0.5778	0.9042	0.5533
1210	0.5675	0.3869	1.0551	0.5784	0.9065	0.5546
1211	0.5617	0.3817	1.0447	0.5703	0.8879	0.5468
1212	0.5626	0.3831	1.046	0.5717	0.8898	0.5478
1213	0.5619	0.3813	1.05	0.5731	0.8983	0.5495
1214	0.5619	0.3812	1.0484	0.5732	0.8988	0.5514
1215	0.5607	0.3799	1.0475	0.5712	0.8967	0.5491
1216	0.5669	0.3866	1.0517	0.5777	0.901	0.5538
1217	0.5613	0.3804	1.0492	0.5719	0.895	0.5484
1218	0.563	0.3825	1.0545	0.5732	0.9034	0.5497
1219	0.567	0.3868	1.0527	0.5788	0.9042	0.5563
1220	0.5615	0.3798	1.0494	0.5745	0.8988	0.55
1221	0.5619	0.3811	1.0508	0.5745	0.8976	0.5492
1222	0.5611	0.3811	1.0448	0.5715	0.8874	0.5479
1223	0.5629	0.3821	1.0556	0.575	0.8974	0.5473
1224	0.5607	0.38	1.0498	0.5714	0.8942	0.547
1225	0.5621	0.382	1.0474	0.5727	0.8929	0.5488
1226	0.5622	0.381	1.0523	0.5744	0.8988	0.55
1227	0.5611	0.381	1.0483	0.5721	0.8946	0.5494
1228	0.5662	0.3862	1.0528	0.5769	0.9022	0.5526
1229	0.5604	0.38	1.0516	0.5718	0.898	0.5477
1230	0.5617	0.3821	1.0504	0.5718	0.8976	0.5502
1231	0.5629	0.382	1.0566	0.5753	0.9061	0.5505
1232	0.5618	0.3819	1.045	0.5728	0.893	0.5499
1233	0.5629	0.3834	1.0453	0.5726	0.8934	0.5503
1234	0.564	0.3849	1.0454	0.5709	0.8891	0.5512
1235	0.5602	0.3796	1.0416	0.569	0.887	0.5472
1236	0.5723	0.3917	1.0632	0.5847	0.9165	0.557
1237	0.5666	0.386	1.0551	0.5798	0.9045	0.5547
1238	0.5623	0.3817	1.0512	0.5754	0.8984	0.5494
1239	0.562	0.3829	1.045	0.5697	0.8919	0.5499
1240	0.5604	0.38	1.0481	0.5704	0.8953	0.5476
1241	0.5635	0.3821	1.0515	0.5748	0.9004	0.549
1242	0.5594	0.3791	1.0397	0.5684	0.8832	0.5464
1243	0.5649	0.3859	1.0522	0.5756	0.8965	0.5513
1244	0.5606	0.3809	1.0437	0.5707	0.8894	0.5495
1245	0.5675	0.3864	1.0531	0.5813	0.9054	0.5552
1246	0.568	0.3885	1.0461	0.581	0.8967	0.5576
1247	0.5617	0.3805	1.0524	0.5745	0.8987	0.5485
1248	0.5604	0.3814	1.045	0.5702	0.8936	0.5489
1249	0.5596	0.3801	1.0465	0.5717	0.8946	0.5481
1250	0.5625	0.3817	1.0586	0.5772	0.9112	0.5496
1251	0.5597	0.3795	1.0471	0.5732	0.8976	0.5492
1252	0.5625	0.382	1.0501	0.576	0.9006	0.5515
1253	0.5653	0.3848	1.0555	0.5792	0.9081	0.5536
1254	0.5605	0.3799	1.0507	0.5751	0.9031	0.5516
1255	0.564	0.3851	1.048	0.5766	0.8999	0.5534
1256	0.5594	0.3798	1.0433	0.5713	0.8973	0.5512
1257	0.5652	0.384	1.0547	0.5795	0.9098	0.5558
1258	0.5629	0.3822	1.0509	0.5766	0.9027	0.5528
1259	0.5603	0.38	1.0489	0.5734	0.897	0.548
1260	0.5612	0.3816	1.0439	0.5705	0.8943	0.5494
1261	0.5599	0.3798	1.0435	0.5724	0.8964	0.5499
1262	0.5593	0.38	1.0413	0.5721	0.8894	0.5495
1263	0.5594	0.3793	1.043	0.5721	0.8928	0.5494
1264	0.5607	0.3813	1.0426	0.5734	0.896	0.5521
1265	0.5594	0.379	1.0474	0.5716	0.8988	0.5486
1266	0.5611	0.3807	1.0471	0.5736	0.8973	0.5496
1267	0.5618	0.3816	1.0471	0.5743	0.8984	0.5494
1268	0.5591	0.3789	1.0454	0.5727	0.8942	0.5478
1269	0.5597	0.3794	1.0518	0.5743	0.9014	0.5498
1270	0.5592	0.3788	1.0482	0.5735	0.8952	0.5496
1271	0.5599	0.3813	1.0449	0.5728	0.889	0.5491
1272	0.5582	0.379	1.0498	0.5716	0.8949	0.5478
1273	0.5592	0.3787	1.0563	0.5733	0.9046	0.5484
1274	0.5677	0.3883	1.0553	0.5794	0.9077	0.5571
1275	0.5582	0.3781	1.047	0.5713	0.8939	0.5492
1276	0.5603	0.381	1.0537	0.5728	0.8963	0.5501
1277	0.5579	0.3784	1.0462	0.5694	0.8902	0.5478
1278	0.5627	0.3831	1.049	0.5749	0.8985	0.5524
1279	0.5609	0.3808	1.0499	0.5744	0.8987	0.5522
1280	0.5588	0.3785	1.0499	0.5727	0.895	0.5484
1281	0.5579	0.3792	1.0416	0.5696	0.8828	0.5472
1282	0.559	0.3805	1.0471	0.5703	0.8877	0.548
1283	0.5604	0.3817	1.0526	0.5738	0.8951	0.5493
1284	0.5648	0.3865	1.0482	0.5778	0.8953	0.555
1285	0.5639	0.384	1.0557	0.5786	0.9053	0.5533
1286	0.5591	0.3802	1.0487	0.5704	0.8954	0.5501
1287	0.56	0.3815	1.052	0.5727	0.8968	0.5508
1288	0.5609	0.3813	1.0473	0.5749	0.8927	0.5508
1289	0.5619	0.3818	1.0502	0.5758	0.8958	0.55
1290	0.5584	0.3796	1.0438	0.5688	0.8848	0.5467
1291	0.5582	0.3788	1.049	0.57	0.8913	0.5464
1292	0.5591	0.3791	1.0486	0.5706	0.894	0.5475
1293	0.5582	0.3784	1.048	0.5678	0.8929	0.5478
1294	0.5602	0.3803	1.057	0.5742	0.8989	0.5482
1295	0.557	0.377	1.0497	0.5701	0.89	0.5462
1296	0.5612	0.3816	1.049	0.575	0.8941	0.5516
1297	0.5621	0.382	1.0507	0.5761	0.8985	0.5533
1298	0.5582	0.3775	1.0514	0.5715	0.8983	0.548
1299	0.5569	0.3781	1.0449	0.5674	0.8908	0.5472
1300	0.5576	0.3785	1.0491	0.5709	0.897	0.5477
1301	0.5568	0.3779	1.0444	0.5686	0.8927	0.5467
1302	0.5645	0.386	1.0454	0.5768	0.9001	0.5549
1303	0.5667	0.3877	1.0492	0.5789	0.9052	0.5579
1304	0.5572	0.3771	1.0479	0.5728	0.8966	0.5489
1305	0.5571	0.3778	1.0473	0.5711	0.8934	0.546
1306	0.5586	0.3797	1.0485	0.5699	0.8931	0.5451
1307	0.5575	0.3783	1.0513	0.5708	0.8961	0.5461
1308	0.5622	0.3826	1.0547	0.5778	0.9046	0.5534
1309	0.5606	0.3815	1.0504	0.5768	0.9013	0.5531
1310	0.5569	0.3784	1.0489	0.5719	0.8965	0.5478
1311	0.5613	0.3842	1.0519	0.5734	0.9026	0.5524
1312	0.5561	0.3773	1.0474	0.5681	0.8967	0.5476
1313	0.5585	0.3789	1.0488	0.5723	0.8982	0.5489
1314	0.5561	0.3776	1.0423	0.5663	0.8909	0.5478
1315	0.5582	0.3792	1.0521	0.5702	0.8999	0.5485
1316	0.5573	0.3784	1.0446	0.5702	0.8959	0.5499
1317	0.5606	0.3808	1.0522	0.5758	0.9099	0.5534
1318	0.5571	0.3777	1.0451	0.5721	0.8994	0.5518
1319	0.561	0.3812	1.0533	0.576	0.9077	0.5521
1320	0.5591	0.3822	1.0447	0.5702	0.8967	0.5512
1321	0.5664	0.3871	1.0569	0.5807	0.9167	0.5569
1322	0.5573	0.3775	1.0443	0.5729	0.8969	0.5493
1323	0.5572	0.3777	1.0483	0.5729	0.8973	0.5481
1324	0.5572	0.3784	1.0445	0.5705	0.8948	0.5486
1325	0.5594	0.3796	1.0459	0.5724	0.8979	0.5493
1326	0.5579	0.3785	1.0488	0.5722	0.897	0.5472
1327	0.5552	0.3757	1.0428	0.568	0.8867	0.5443
1328	0.5585	0.3796	1.0508	0.5729	0.8969	0.5477
1329	0.5555	0.3762	1.0472	0.5695	0.8935	0.5469
1330	0.5579	0.378	1.0519	0.5745	0.9002	0.5485
1331	0.5598	0.3805	1.0459	0.5759	0.9011	0.5537
1332	0.5565	0.3775	1.0422	0.5714	0.8966	0.5498
1333	0.5586	0.3807	1.0472	0.5704	0.8998	0.5496
1334	0.5584	0.3797	1.0564	0.5748	0.9086	0.55
1335	0.5617	0.3839	1.053	0.579	0.9037	0.5534
1336	0.5552	0.3768	1.0436	0.5693	0.8885	0.5473
1337	0.5561	0.378	1.0502	0.5702	0.8964	0.5498
1338	0.556	0.3766	1.0518	0.5699	0.9009	0.5499
1339	0.5556	0.3764	1.0508	0.5697	0.8981	0.5473
1340	0.559	0.3794	1.0589	0.5737	0.9082	0.5496
1341	0.556	0.3779	1.0496	0.5703	0.8944	0.5483
1342	0.5569	0.3791	1.0505	0.5729	0.896	0.5485
1343	0.5549	0.3763	1.0491	0.5701	0.895	0.5473
1344	0.5585	0.3799	1.051	0.5747	0.899	0.5514
1345	0.558	0.3793	1.0527	0.5756	0.8981	0.5498
1346	0.5546	0.3761	1.0475	0.5698	0.8912	0.5458
1347	0.5544	0.375	1.0471	0.5698	0.8936	0.5462
1348	0.5546	0.3757	1.0458	0.5695	0.8929	0.5474
1349	0.5625	0.3833	1.0528	0.5779	0.9053	0.5549
1350	0.5718	0.3939	1.0587	0.5853	0.9151	0.5634
1351	0.5641	0.3857	1.0572	0.5782	0.9129	0.5535
1352	0.5576	0.3801	1.0461	0.569	0.8922	0.5465
1353	0.5586	0.3816	1.0488	0.5717	0.8938	0.5477
1354	0.555	0.3761	1.0431	0.5697	0.8916	0.5476
1355	0.555	0.3765	1.0442	0.5702	0.8917	0.5481
1356	0.5589	0.38	1.0513	0.575	0.902	0.5517
1357	0.5711	0.3928	1.0583	0.5847	0.9126	0.5614
1358	0.5554	0.3768	1.0452	0.5696	0.8922	0.5471
1359	0.5548	0.3763	1.0449	0.5685	0.8913	0.5464
1360	0.5553	0.3771	1.0458	0.5672	0.8954	0.5472
1361	0.5616	0.3829	1.0536	0.5757	0.9054	0.5536
1362	0.5593	0.3804	1.0469	0.5739	0.8985	0.5524
1363	0.5553	0.3767	1.0367	0.5694	0.887	0.5491
1364	0.5551	0.3766	1.0416	0.5715	0.8939	0.5499
1365	0.5546	0.3761	1.0447	0.5709	0.8959	0.5489
1366	0.5545	0.3763	1.0421	0.5698	0.8912	0.5472
1367	0.5554	0.3764	1.0488	0.5722	0.8982	0.5473
1368	0.5539	0.3755	1.0456	0.5706	0.8937	0.5467
1369	0.5536	0.3751	1.0467	0.5698	0.8955	0.5461
1370	0.5528	0.3743	1.0425	0.5686	0.8892	0.5456
1371	0.5564	0.3776	1.0495	0.5723	0.8981	0.5464
1372	0.5542	0.3753	1.0455	0.5702	0.8939	0.5464
1373	0.5577	0.3787	1.0506	0.5753	0.8993	0.5492
1374	0.5575	0.3788	1.0488	0.5737	0.8979	0.5502
1375	0.5539	0.3765	1.0491	0.5704	0.8948	0.5467
1376	0.557	0.3803	1.0464	0.5709	0.8901	0.5483
1377	0.5559	0.3769	1.045	0.5712	0.893	0.5479
1378	0.5664	0.3884	1.0531	0.5812	0.9049	0.5582
1379	0.5551	0.3763	1.049	0.5722	0.8985	0.5492
1380	0.5559	0.3786	1.0468	0.5702	0.8959	0.55
1381	0.5592	0.3831	1.0494	0.5743	0.8957	0.5512
1382	0.5529	0.375	1.0459	0.5687	0.8898	0.5451
1383	0.5731	0.395	1.0643	0.5869	0.9172	0.5596
1384	0.5546	0.3758	1.0467	0.5703	0.894	0.5469
1385	0.5534	0.3764	1.044	0.5704	0.8879	0.5468
1386	0.5537	0.3759	1.0473	0.5716	0.8926	0.5472
1387	0.5615	0.3835	1.0555	0.5781	0.9077	0.5536
1388	0.5558	0.3775	1.0531	0.5729	0.9041	0.548
1389	0.5535	0.3755	1.0466	0.5701	0.8947	0.5459
1390	0.5554	0.3768	1.0531	0.5728	0.9015	0.5475
1391	0.5533	0.376	1.0433	0.5687	0.8918	0.5474
1392	0.5577	0.3797	1.0487	0.5732	0.9021	0.5501
1393	0.5528	0.3753	1.0432	0.5663	0.8937	0.5443
1394	0.5533	0.3756	1.0472	0.5689	0.8957	0.5449
1395	0.5529	0.3739	1.0486	0.5698	0.898	0.5449
1396	0.5553	0.3766	1.0509	0.5708	0.9013	0.5458
1397	0.5526	0.3753	1.0399	0.5668	0.8848	0.5462
1398	0.555	0.3782	1.0449	0.5699	0.8897	0.5488
1399	0.5532	0.3753	1.0452	0.569	0.8907	0.5482
1400	0.5576	0.3783	1.0568	0.5744	0.9046	0.5497
1401	0.552	0.3738	1.0469	0.5676	0.8903	0.5441
1402	0.5546	0.3765	1.0519	0.5715	0.8957	0.5467
1403	0.5542	0.376	1.052	0.5718	0.896	0.546
1404	0.5543	0.3765	1.0444	0.5715	0.889	0.5475
1405	0.5529	0.3755	1.041	0.5704	0.883	0.546
1406	0.553	0.3743	1.0479	0.5714	0.8944	0.5461
1407	0.5526	0.3744	1.0493	0.5705	0.897	0.5462
1408	0.5516	0.3735	1.0468	0.5687	0.8936	0.5451
1409	0.5518	0.3734	1.0508	0.5704	0.8964	0.5461
1410	0.5516	0.3735	1.0496	0.5702	0.8935	0.546
1411	0.5531	0.3756	1.051	0.5707	0.898	0.5492
1412	0.5576	0.3783	1.0579	0.5761	0.9087	0.5516
1413	0.5516	0.3734	1.0508	0.5703	0.8938	0.5447
1414	0.5528	0.3761	1.0467	0.5697	0.8889	0.5459
1415	0.5515	0.374	1.044	0.5701	0.8879	0.5451
1416	0.5524	0.375	1.0437	0.5712	0.8907	0.5472
1417	0.5535	0.3761	1.0476	0.5718	0.897	0.5478
1418	0.5565	0.3785	1.0466	0.5729	0.8965	0.5482
1419	0.5649	0.3877	1.0482	0.5823	0.8984	0.5556
1420	0.5515	0.3734	1.0444	0.5696	0.8904	0.5441
1421	0.5524	0.3747	1.0462	0.5689	0.8941	0.5454
1422	0.5526	0.3755	1.0484	0.5683	0.8947	0.5452
1423	0.5516	0.3744	1.0448	0.5682	0.8911	0.5436
1424	0.5533	0.376	1.0439	0.5704	0.8938	0.5463
1425	0.5592	0.3813	1.0546	0.5761	0.9086	0.5522
1426	0.5522	0.3756	1.0452	0.5676	0.8944	0.5459
1427	0.5559	0.3803	1.0492	0.5717	0.8959	0.5477
1428	0.5594	0.383	1.0454	0.577	0.8949	0.5528
1429	0.5553	0.3778	1.0475	0.5724	0.8954	0.5456
1430	0.5513	0.375	1.0402	0.5674	0.886	0.5436
1431	0.5539	0.3755	1.0531	0.5714	0.9043	0.5468
1432	0.5553	0.377	1.0476	0.573	0.8996	0.5505
1433	0.5526	0.3747	1.0443	0.5697	0.8939	0.5466
1434	0.5505	0.3725	1.0395	0.5678	0.8849	0.5437
1435	0.5563	0.3788	1.0488	0.5739	0.896	0.5481
1436	0.5556	0.3778	1.0476	0.5727	0.8985	0.5476
1437	0.5525	0.3748	1.0476	0.5723	0.8953	0.5447
1438	0.5505	0.3728	1.0433	0.5691	0.8885	0.5435
1439	0.5509	0.373	1.051	0.5699	0.8954	0.5433
1440	0.5558	0.3786	1.0499	0.5735	0.9008	0.55
1441	0.5559	0.3777	1.0474	0.5731	0.9003	0.5499
1442	0.553	0.3759	1.0505	0.5731	0.8984	0.546
1443	0.5505	0.3737	1.0464	0.5687	0.8929	0.5453
1444	0.5553	0.3775	1.0506	0.574	0.9029	0.5491
1445	0.5525	0.3752	1.0481	0.5706	0.8973	0.5477
1446	0.5529	0.3769	1.0509	0.5721	0.8944	0.5472
1447	0.5499	0.3729	1.0427	0.5679	0.8853	0.5452
1448	0.5539	0.3764	1.0494	0.5733	0.8952	0.5492
1449	0.5507	0.3732	1.0492	0.5702	0.8927	0.5456
1450	0.5508	0.3737	1.05	0.5697	0.8961	0.5448
1451	0.5509	0.3748	1.0426	0.5679	0.8895	0.5453
1452	0.5509	0.3737	1.0503	0.5723	0.8971	0.5452
1453	0.558	0.3808	1.0483	0.577	0.8976	0.5513
1454	0.5549	0.3775	1.0526	0.5736	0.9003	0.5482
1455	0.5516	0.3734	1.0529	0.5701	0.9011	0.5467
1456	0.5503	0.3727	1.0504	0.5696	0.898	0.5474
1457	0.5502	0.3736	1.0415	0.5662	0.8892	0.5469
1458	0.5581	0.3794	1.0551	0.574	0.9062	0.5499
1459	0.5609	0.3848	1.0487	0.5756	0.8971	0.5536
1460	0.5537	0.3761	1.0507	0.5726	0.898	0.545
1461	0.5488	0.3705	1.0434	0.5679	0.8875	0.543
1462	0.5496	0.3722	1.0453	0.5679	0.8902	0.5435
1463	0.5497	0.3729	1.0427	0.5676	0.8895	0.543
1464	0.5496	0.3729	1.0418	0.5681	0.8904	0.5428
1465	0.5522	0.376	1.047	0.5711	0.8964	0.5466
1466	0.5502	0.374	1.0339	0.5642	0.884	0.5464
1467	0.5524	0.375	1.0452	0.5695	0.8961	0.5477
1468	0.549	0.3719	1.0416	0.5666	0.8888	0.5448
1469	0.5504	0.373	1.0518	0.5709	0.8995	0.5448
1470	0.5496	0.3723	1.0504	0.5714	0.8957	0.5448
1471	0.5506	0.3736	1.0467	0.5693	0.893	0.5464
1472	0.5541	0.3769	1.0462	0.5724	0.8942	0.5493
1473	0.5494	0.3721	1.0435	0.5666	0.8891	0.5445
1474	0.5507	0.3734	1.0486	0.5696	0.897	0.5458
1475	0.5512	0.3735	1.0466	0.5718	0.8959	0.5471
1476	0.549	0.3718	1.0456	0.5699	0.8908	0.5451
1477	0.5533	0.376	1.0496	0.5732	0.8976	0.5506
1478	0.5518	0.374	1.0425	0.5708	0.891	0.5487
1479	0.5497	0.3734	1.0415	0.5694	0.8859	0.5448
1480	0.5498	0.3719	1.0497	0.5708	0.897	0.5456
1481	0.5525	0.375	1.051	0.5725	0.9005	0.5476
1482	0.5549	0.3784	1.0463	0.5731	0.8966	0.5517
1483	0.5497	0.3725	1.0452	0.5674	0.894	0.5473
1484	0.5501	0.3734	1.0485	0.5682	0.8959	0.548
1485	0.5486	0.3716	1.0452	0.5676	0.8912	0.5452
1486	0.5504	0.3733	1.0463	0.5703	0.896	0.5476
1487	0.555	0.3775	1.0546	0.5743	0.9061	0.5504
1488	0.5516	0.3756	1.052	0.5702	0.8997	0.5468
1489	0.5482	0.3706	1.0451	0.5667	0.8954	0.5447
1490	0.549	0.3722	1.0472	0.5673	0.8983	0.5457
1491	0.5494	0.373	1.0506	0.5695	0.9005	0.5476
1492	0.5518	0.3744	1.0459	0.5706	0.8947	0.5481
1493	0.5512	0.3744	1.0485	0.5716	0.8957	0.5476
1494	0.5498	0.3729	1.0495	0.5727	0.8957	0.5476
1495	0.5507	0.372	1.0511	0.5729	0.8977	0.5478
1496	0.5495	0.3738	1.042	0.5695	0.8857	0.5472
1497	0.5508	0.3736	1.0531	0.5745	0.9	0.5488
1498	0.5551	0.377	1.0558	0.5776	0.9058	0.5515
1499	0.5504	0.374	1.0429	0.5702	0.8918	0.5492
