epoch:	train_RMSD:	train_MAE:	val_RMSD:	val_MAE:	test_RMSD:	test_MAE:
0	5.626	4.4255	5.6553	4.3806	5.6588	4.4538
1	4.5613	3.4799	4.5686	3.3537	4.8619	3.601
2	4.1098	3.1421	4.1323	3.027	4.2684	3.209
3	3.8286	2.9577	3.8769	2.8552	3.9209	2.9837
4	3.5358	2.8905	3.6265	2.8178	3.5873	2.8956
5	3.4901	2.9245	3.5977	2.8805	3.5081	2.9038
6	3.4763	2.9118	3.5822	2.8694	3.4923	2.8911
7	3.4662	2.8838	3.5662	2.8325	3.4899	2.8715
8	3.4552	2.8498	3.5545	2.8007	3.4737	2.8351
9	3.4279	2.838	3.5276	2.7895	3.4427	2.8208
10	3.3849	2.8105	3.4846	2.7609	3.3982	2.7936
11	3.3185	2.7124	3.4159	2.6546	3.3372	2.7025
12	3.2758	2.6041	3.3726	2.5465	3.2986	2.6069
13	3.2256	2.5512	3.3227	2.4969	3.2489	2.5587
14	3.1611	2.4847	3.2616	2.4356	3.1855	2.4937
15	3.1092	2.3812	3.2161	2.3405	3.1401	2.3994
16	3.0604	2.4165	3.1602	2.3733	3.1118	2.4423
17	3.2242	2.5466	3.3231	2.5261	3.3009	2.5893
18	3.2561	2.3709	3.3952	2.3686	3.2864	2.3899
19	2.8808	2.2111	3.0064	2.1798	2.9385	2.2522
20	2.8804	2.1983	3.002	2.1803	2.931	2.2394
21	2.7987	2.1162	2.9205	2.092	2.8384	2.1459
22	2.647	1.8887	2.7845	1.8649	2.69	1.9238
23	2.6396	1.8351	2.7796	1.8056	2.6733	1.8594
24	2.5763	1.7728	2.7168	1.7422	2.6	1.7912
25	2.5707	1.8214	2.7058	1.7915	2.5926	1.8346
26	2.5389	1.7556	2.6761	1.7345	2.5557	1.7661
27	2.4484	1.6479	2.6012	1.6207	2.4634	1.6634
28	2.3946	1.5852	2.5496	1.559	2.4152	1.5993
29	2.3899	1.5737	2.5456	1.5529	2.4105	1.5775
30	2.3452	1.5437	2.5049	1.5138	2.3519	1.5431
31	2.2933	1.4933	2.4489	1.4613	2.3049	1.4962
32	2.2796	1.485	2.4379	1.453	2.2867	1.4926
33	2.195	1.4293	2.3663	1.4029	2.2087	1.4367
34	2.1664	1.4348	2.3524	1.4117	2.1851	1.4398
35	2.0859	1.3657	2.2801	1.3426	2.099	1.3798
36	2.2201	1.5105	2.4397	1.5126	2.2616	1.5265
37	2.0049	1.3169	2.2431	1.3157	2.05	1.3502
38	2.0933	1.3997	2.3341	1.4066	2.1388	1.4226
39	1.9853	1.313	2.2237	1.3068	2.0327	1.3353
40	2.0136	1.3636	2.2413	1.3613	2.038	1.3895
41	1.9462	1.3081	2.1853	1.3099	1.969	1.329
42	1.8709	1.242	2.1326	1.242	1.9343	1.2778
43	1.9234	1.3155	2.1681	1.3199	1.9636	1.3447
44	1.8144	1.2104	2.0904	1.2225	1.8809	1.2443
45	1.7959	1.1939	2.0686	1.1993	1.8701	1.2323
46	1.797	1.2098	2.0699	1.2088	1.8805	1.252
47	1.7714	1.1772	2.0354	1.1797	1.8369	1.2166
48	1.8304	1.2558	2.0976	1.2646	1.888	1.2828
49	1.7639	1.1926	2.0382	1.2034	1.819	1.2207
50	1.7494	1.1717	2.0343	1.1844	1.8256	1.2119
51	1.762	1.1839	2.048	1.1962	1.8412	1.2258
52	1.6956	1.1431	1.9909	1.1617	1.7737	1.1835
53	1.7502	1.1777	2.0451	1.1966	1.8317	1.2208
54	1.6817	1.1308	1.9779	1.1492	1.7531	1.1684
55	1.6785	1.1302	1.9734	1.1436	1.7607	1.171
56	1.6488	1.1083	1.9463	1.1244	1.7277	1.1497
57	1.6438	1.1009	1.9446	1.1206	1.7218	1.1418
58	1.6818	1.1325	1.975	1.1521	1.7606	1.174
59	1.6879	1.1626	1.9734	1.1744	1.7604	1.1972
60	1.6197	1.0851	1.9216	1.1072	1.701	1.131
61	1.7429	1.2067	2.0246	1.2254	1.831	1.2473
62	1.6126	1.0965	1.9024	1.1001	1.7051	1.1407
63	1.6196	1.0989	1.91	1.1107	1.6972	1.1405
64	1.5992	1.0808	1.8937	1.0948	1.6851	1.1262
65	1.6022	1.097	1.9061	1.1109	1.6946	1.1433
66	1.6373	1.1101	1.9392	1.1331	1.7304	1.1624
67	1.5942	1.0786	1.8868	1.0905	1.6771	1.1266
68	1.5667	1.064	1.8698	1.0809	1.6639	1.1155
69	1.589	1.0701	1.8733	1.0927	1.6551	1.1068
70	1.5787	1.0697	1.8799	1.0903	1.6765	1.1197
71	1.5757	1.0772	1.8791	1.0953	1.6737	1.129
72	1.5627	1.0543	1.8573	1.079	1.6596	1.1121
73	1.5608	1.0559	1.8591	1.0804	1.6551	1.107
74	1.5695	1.0776	1.8706	1.0975	1.6717	1.1321
75	1.5329	1.0317	1.8331	1.0569	1.6115	1.0776
76	1.5206	1.0252	1.8216	1.0468	1.6113	1.0751
77	1.597	1.1054	1.8812	1.1032	1.6802	1.1398
78	1.5248	1.0294	1.8181	1.0506	1.6038	1.0734
79	1.5672	1.0832	1.8653	1.1073	1.661	1.1256
80	1.501	1.0205	1.8054	1.0453	1.5987	1.0711
81	1.5032	1.0108	1.8048	1.0365	1.594	1.0576
82	1.4872	1.0013	1.7871	1.0239	1.586	1.0557
83	1.5204	1.0405	1.8251	1.0659	1.6148	1.0801
84	1.49	1.0188	1.7982	1.0414	1.5881	1.065
85	1.4715	0.9998	1.7829	1.0299	1.5678	1.0479
86	1.4666	1.0027	1.773	1.0187	1.5734	1.0523
87	1.4649	1.0086	1.7711	1.0286	1.5762	1.0592
88	1.4662	0.9998	1.7755	1.0315	1.5674	1.0436
89	1.4558	0.9966	1.7551	1.012	1.5559	1.0449
90	1.4501	0.9893	1.7555	1.0143	1.5539	1.0424
91	1.4458	0.9963	1.7538	1.006	1.5667	1.0473
92	1.4848	1.0283	1.7756	1.0413	1.5887	1.0775
93	1.4304	0.977	1.7352	1.0041	1.5414	1.0298
94	1.4309	0.9856	1.738	1.0081	1.5486	1.0424
95	1.4941	1.047	1.7954	1.0698	1.6096	1.0936
96	1.4309	0.9942	1.7289	1.0097	1.5501	1.0471
97	1.4232	0.9874	1.7349	1.0178	1.5371	1.0315
98	1.4479	1.0112	1.7405	1.024	1.5685	1.0548
99	1.3878	0.9642	1.7016	0.9954	1.5066	1.0157
100	1.4737	1.0429	1.7681	1.0633	1.5867	1.0888
101	1.3789	0.9658	1.685	0.9914	1.5079	1.0251
102	1.4959	1.0814	1.7895	1.1013	1.6143	1.1312
103	1.3752	0.9564	1.6828	0.99	1.4941	1.0014
104	1.3651	0.9454	1.6698	0.9761	1.4841	0.9956
105	1.3621	0.954	1.6794	0.9861	1.4877	1.0004
106	1.4188	0.9985	1.7102	1.0095	1.5359	1.0413
107	1.37	0.9587	1.6767	0.9865	1.492	1.0048
108	1.3861	0.9752	1.6997	1.0	1.528	1.0244
109	1.3773	0.983	1.6887	1.0174	1.5042	1.0335
110	1.38	0.9674	1.6802	0.9958	1.4962	1.011
111	1.3594	0.9548	1.6654	0.9868	1.4809	0.9986
112	1.3261	0.9302	1.6439	0.9577	1.4628	0.9798
113	1.3393	0.9569	1.656	0.9886	1.472	1.0069
114	1.3201	0.9191	1.6359	0.9507	1.4527	0.9737
115	1.3008	0.9038	1.6235	0.944	1.4338	0.9542
116	1.3246	0.9203	1.6333	0.9583	1.4418	0.9635
117	1.3032	0.9103	1.6158	0.9428	1.426	0.9558
118	1.295	0.9181	1.6198	0.9534	1.4262	0.9638
119	1.315	0.9206	1.6231	0.9535	1.4349	0.9624
120	1.3654	0.9646	1.6632	0.9985	1.4808	1.0084
121	1.3316	0.9532	1.658	0.9864	1.4813	0.9976
122	1.3537	0.9645	1.655	0.9971	1.4729	1.0068
123	1.4588	1.0588	1.7407	1.0855	1.5665	1.0923
124	1.3021	0.9323	1.6272	0.9705	1.4213	0.9729
125	1.3305	0.9458	1.6477	0.9759	1.4489	0.9807
126	1.2848	0.8986	1.598	0.9355	1.408	0.941
127	1.261	0.8865	1.5852	0.9242	1.3902	0.9346
128	1.313	0.9357	1.6323	0.9645	1.4426	0.9766
129	1.2662	0.8935	1.5805	0.926	1.3896	0.9328
130	1.2489	0.8788	1.5753	0.9263	1.3799	0.9298
131	1.2356	0.8695	1.5733	0.9108	1.3661	0.9109
132	1.2371	0.8819	1.5725	0.9258	1.3712	0.9296
133	1.271	0.9178	1.6067	0.9639	1.4059	0.9682
134	1.2316	0.8683	1.571	0.9098	1.3693	0.914
135	1.2648	0.9075	1.6013	0.9567	1.3985	0.9569
136	1.3269	0.9468	1.6824	0.9994	1.476	0.9957
137	1.2538	0.8955	1.6027	0.95	1.3866	0.9365
138	1.2594	0.8942	1.5726	0.9369	1.3863	0.9355
139	1.3347	0.9778	1.6603	1.0216	1.4667	1.0095
140	1.3468	0.9704	1.6671	1.015	1.4723	1.0044
141	1.2303	0.8737	1.5525	0.915	1.3575	0.9119
142	1.2368	0.8932	1.5709	0.9451	1.3708	0.9381
143	1.2121	0.8582	1.5577	0.9038	1.3489	0.8942
144	1.1988	0.8555	1.5435	0.9096	1.3339	0.9025
145	1.2063	0.8501	1.5565	0.9034	1.3462	0.8932
146	1.2023	0.8677	1.5562	0.9288	1.3453	0.9208
147	1.1735	0.8336	1.5272	0.8904	1.3173	0.8791
148	1.1795	0.836	1.521	0.8901	1.3183	0.8805
149	1.1596	0.8198	1.517	0.8772	1.3062	0.8714
150	1.1719	0.8436	1.5261	0.9043	1.3194	0.8957
151	1.1593	0.8168	1.5159	0.8754	1.3097	0.8651
152	1.1561	0.8163	1.5201	0.8759	1.3018	0.8645
153	1.2218	0.87	1.5879	0.9343	1.3751	0.917
154	1.1903	0.8642	1.5388	0.9233	1.3362	0.9148
155	1.1547	0.8219	1.5021	0.8808	1.301	0.8683
156	1.1597	0.8168	1.501	0.8748	1.3041	0.8664
157	1.1578	0.8292	1.5082	0.8905	1.3021	0.8779
158	1.1512	0.8152	1.4981	0.8666	1.2975	0.8576
159	1.1464	0.8261	1.5005	0.8869	1.2989	0.8785
160	1.1389	0.8148	1.4833	0.8743	1.2875	0.8621
161	1.209	0.8654	1.5329	0.9168	1.3436	0.9066
162	1.1588	0.8314	1.5049	0.8963	1.3079	0.8835
163	1.1748	0.8497	1.5464	0.9274	1.3492	0.9166
164	1.1511	0.8206	1.4913	0.8751	1.2973	0.8694
165	1.1861	0.8533	1.5204	0.9148	1.3271	0.9019
166	1.1378	0.8182	1.4819	0.876	1.2915	0.872
167	1.1675	0.8327	1.5307	0.8954	1.3302	0.8756
168	1.1343	0.8132	1.482	0.8793	1.2832	0.863
169	1.1159	0.7966	1.469	0.8579	1.2688	0.8494
170	1.1	0.7756	1.456	0.8363	1.2578	0.8285
171	1.1	0.7739	1.4608	0.8357	1.26	0.832
172	1.1116	0.7945	1.4686	0.8507	1.266	0.8423
173	1.2023	0.8628	1.5287	0.9156	1.34	0.9051
174	1.1077	0.7852	1.4709	0.8495	1.2686	0.8385
175	1.1014	0.7778	1.4547	0.8351	1.2518	0.8176
176	1.0986	0.7785	1.4609	0.8428	1.2553	0.8284
177	1.0923	0.7808	1.4633	0.8535	1.2595	0.8361
178	1.0867	0.7716	1.4543	0.8354	1.2507	0.8237
179	1.1015	0.7861	1.4774	0.8618	1.268	0.8456
180	1.1339	0.8244	1.4858	0.8968	1.2856	0.8786
181	1.1175	0.7894	1.4578	0.852	1.2599	0.8342
182	1.078	0.7572	1.4407	0.8268	1.2313	0.8105
183	1.1436	0.8445	1.4982	0.9227	1.3017	0.9022
184	1.1722	0.8394	1.5117	0.8954	1.3167	0.8773
185	1.1395	0.8107	1.4786	0.8653	1.2867	0.855
186	1.1018	0.7799	1.4538	0.8485	1.2541	0.8336
187	1.1867	0.861	1.5197	0.9148	1.3246	0.8968
188	1.1047	0.7858	1.4716	0.8541	1.2638	0.8319
189	1.1044	0.7897	1.4555	0.8563	1.2543	0.8382
190	1.0713	0.7549	1.4273	0.8187	1.2201	0.8021
191	1.0817	0.7808	1.4441	0.8497	1.2389	0.8346
192	1.0683	0.7548	1.4393	0.8346	1.229	0.8146
193	1.0633	0.7508	1.4281	0.8199	1.2215	0.8108
194	1.0712	0.7524	1.4299	0.8208	1.2218	0.8053
195	1.0547	0.7453	1.4209	0.8176	1.2097	0.8006
196	1.0566	0.7444	1.4219	0.817	1.2139	0.7964
197	1.0639	0.7611	1.43	0.8348	1.2204	0.8082
198	1.1142	0.8014	1.4598	0.8735	1.2624	0.8466
199	1.0543	0.7412	1.4213	0.8141	1.2142	0.7903
200	1.062	0.7524	1.4187	0.8158	1.2139	0.8006
201	1.117	0.8009	1.4697	0.8812	1.2601	0.8519
202	1.1084	0.7874	1.4523	0.8456	1.2479	0.8271
203	1.0425	0.736	1.4099	0.8068	1.1988	0.7853
204	1.0366	0.7302	1.4135	0.8032	1.1982	0.7782
205	1.081	0.7818	1.4503	0.8693	1.2391	0.8407
206	1.076	0.7659	1.4324	0.8326	1.2266	0.8127
207	1.0459	0.7374	1.4069	0.8082	1.2001	0.7911
208	1.0429	0.7444	1.4176	0.8235	1.2082	0.8043
209	1.0479	0.7558	1.4245	0.8364	1.2223	0.8188
210	1.034	0.7277	1.4006	0.798	1.192	0.7762
211	1.0791	0.7708	1.4334	0.8411	1.234	0.8223
212	1.0332	0.7276	1.4226	0.8094	1.2022	0.7819
213	1.0314	0.7353	1.3995	0.807	1.1907	0.7893
214	1.0511	0.7495	1.4253	0.8245	1.2143	0.7957
215	1.054	0.7602	1.421	0.8375	1.2114	0.8158
216	1.0274	0.7288	1.4011	0.8086	1.1884	0.7854
217	1.0372	0.7339	1.4158	0.8197	1.205	0.7969
218	1.0317	0.7287	1.3986	0.8045	1.1911	0.7871
219	1.0158	0.7143	1.3908	0.7938	1.1767	0.7687
220	1.0563	0.7497	1.4281	0.8251	1.2154	0.7957
221	1.0083	0.7126	1.392	0.7973	1.1798	0.771
222	1.0091	0.714	1.3962	0.798	1.1835	0.7718
223	1.0258	0.7366	1.397	0.818	1.196	0.8007
224	1.004	0.7071	1.3789	0.787	1.1751	0.7651
225	1.0042	0.709	1.3774	0.7849	1.1741	0.7685
226	1.0024	0.7118	1.3906	0.7976	1.1822	0.778
227	1.0126	0.712	1.384	0.7875	1.1774	0.7681
228	1.0321	0.7319	1.3945	0.8118	1.196	0.7898
229	1.0319	0.7385	1.3959	0.8143	1.2025	0.7989
230	1.0117	0.7136	1.3826	0.7915	1.1796	0.7712
231	1.0128	0.719	1.3997	0.8005	1.1864	0.7759
232	1.0013	0.7175	1.3848	0.8064	1.1761	0.783
233	1.0224	0.7185	1.3718	0.7874	1.1755	0.7706
234	1.0111	0.7195	1.375	0.7965	1.1752	0.774
235	1.0022	0.7205	1.379	0.8008	1.1734	0.7787
236	1.0035	0.7078	1.3738	0.789	1.1742	0.7687
237	1.0139	0.7181	1.3809	0.7974	1.1752	0.7723
238	1.0127	0.732	1.3821	0.8064	1.1753	0.785
239	0.9866	0.695	1.3749	0.7849	1.1707	0.7619
240	0.9821	0.6936	1.3583	0.775	1.1584	0.7596
241	0.9782	0.6885	1.3548	0.7727	1.1509	0.754
242	0.9727	0.6842	1.3541	0.7667	1.1446	0.7468
243	0.9821	0.6989	1.3644	0.786	1.1532	0.764
244	0.9808	0.6921	1.3564	0.7729	1.1516	0.7542
245	0.9843	0.708	1.366	0.7977	1.1584	0.7728
246	0.9733	0.6879	1.3559	0.7715	1.1444	0.7463
247	0.9802	0.6902	1.3581	0.7735	1.1506	0.7542
248	0.967	0.6787	1.3467	0.7668	1.1411	0.7451
249	0.9761	0.6905	1.3536	0.775	1.1512	0.7569
250	0.9658	0.68	1.3552	0.7745	1.1417	0.7488
251	1.0092	0.7299	1.3894	0.8133	1.1902	0.8033
252	0.9816	0.7036	1.3648	0.7833	1.1641	0.7738
253	0.9884	0.7062	1.3583	0.7901	1.1615	0.7752
254	0.9908	0.6993	1.3555	0.7798	1.1542	0.7581
255	0.9742	0.6877	1.3583	0.7745	1.1498	0.7518
256	0.9641	0.6862	1.3453	0.7768	1.1445	0.7589
257	0.9958	0.7085	1.3613	0.7927	1.1702	0.775
258	0.9908	0.6994	1.3601	0.7739	1.1639	0.7602
259	0.969	0.689	1.3575	0.7783	1.1714	0.7687
260	0.9709	0.6841	1.3442	0.764	1.1453	0.747
261	0.9781	0.6941	1.3589	0.7847	1.1626	0.7688
262	1.0208	0.7258	1.3815	0.8024	1.1871	0.787
263	1.0075	0.72	1.3644	0.7968	1.1795	0.7885
264	0.9642	0.6807	1.3481	0.7684	1.1456	0.7496
265	0.9809	0.6976	1.3554	0.7821	1.1578	0.768
266	0.9468	0.6667	1.3282	0.7533	1.1323	0.7406
267	0.9722	0.6936	1.3443	0.7803	1.1494	0.7674
268	0.9698	0.6927	1.3463	0.7752	1.1468	0.7585
269	0.9598	0.6946	1.347	0.7829	1.1497	0.7687
270	0.9434	0.6676	1.3417	0.7677	1.1397	0.7484
271	0.9414	0.6624	1.3242	0.7485	1.127	0.7382
272	0.947	0.6667	1.3265	0.7519	1.1268	0.7407
273	0.9394	0.6567	1.3156	0.7461	1.1227	0.734
274	0.9581	0.6754	1.3258	0.7602	1.1353	0.7437
275	0.9955	0.7112	1.3833	0.8011	1.1833	0.7717
276	0.9369	0.6661	1.3183	0.7536	1.1281	0.747
277	0.931	0.654	1.3146	0.7476	1.1246	0.7337
278	0.9321	0.6557	1.3269	0.7495	1.1281	0.7344
279	0.9613	0.6848	1.3301	0.7683	1.1389	0.7605
280	0.9254	0.6478	1.3161	0.7405	1.1126	0.7238
281	0.9276	0.6525	1.3147	0.7423	1.1202	0.7311
282	0.9347	0.6638	1.3245	0.7589	1.1314	0.747
283	0.942	0.6623	1.3251	0.7515	1.1272	0.7404
284	0.9228	0.649	1.3108	0.7401	1.1166	0.7319
285	0.9723	0.6938	1.3628	0.7859	1.1599	0.762
286	0.9455	0.6774	1.3236	0.7672	1.1311	0.7595
287	0.9241	0.6486	1.3159	0.7443	1.1162	0.7306
288	0.9359	0.6587	1.3339	0.7574	1.1381	0.7447
289	0.9465	0.6744	1.3235	0.7607	1.1362	0.758
290	0.9212	0.6475	1.3067	0.7374	1.1117	0.7257
291	0.9673	0.6956	1.3431	0.7921	1.1505	0.7823
292	0.9351	0.6569	1.3196	0.7444	1.1246	0.7329
293	0.9259	0.6552	1.3249	0.7544	1.1361	0.7472
294	0.9285	0.6569	1.3086	0.7442	1.1236	0.7446
295	0.9321	0.6564	1.3109	0.7522	1.1171	0.7358
296	0.9276	0.6626	1.3195	0.7584	1.1247	0.7475
297	0.9143	0.6451	1.3015	0.7368	1.1119	0.7313
298	0.9349	0.6617	1.3138	0.7505	1.1237	0.7409
299	0.9465	0.674	1.3216	0.764	1.1355	0.7567
300	0.9106	0.6389	1.2966	0.7293	1.1069	0.722
301	0.9261	0.6522	1.311	0.7434	1.1214	0.7307
302	0.9388	0.6831	1.336	0.7818	1.1477	0.7714
303	0.9247	0.6533	1.3054	0.7446	1.1177	0.7345
304	0.9408	0.6669	1.3078	0.7474	1.1245	0.7451
305	0.9153	0.6438	1.3037	0.7439	1.1098	0.736
306	0.9125	0.6407	1.2932	0.7276	1.1055	0.7218
307	0.9122	0.6434	1.3134	0.7461	1.1186	0.7358
308	0.9388	0.6814	1.3358	0.781	1.1477	0.7773
309	0.932	0.6559	1.3039	0.7384	1.1162	0.7292
310	0.9213	0.6475	1.2948	0.7352	1.1094	0.728
311	0.9629	0.6914	1.333	0.7805	1.1532	0.7757
312	0.9053	0.6372	1.2978	0.7306	1.1059	0.7235
313	0.9076	0.6465	1.3012	0.7417	1.114	0.7385
314	0.911	0.6426	1.2862	0.7276	1.1045	0.7294
315	0.9147	0.6454	1.2939	0.7348	1.1076	0.7293
316	0.9051	0.6359	1.2914	0.7241	1.0958	0.714
317	0.9151	0.6426	1.3173	0.7441	1.1149	0.7274
318	0.9334	0.6533	1.3092	0.7402	1.1191	0.7317
319	0.8961	0.6278	1.2861	0.7188	1.0997	0.7184
320	0.9168	0.6491	1.2954	0.7366	1.1096	0.7335
321	0.8957	0.634	1.2798	0.7228	1.0932	0.7232
322	0.9217	0.6505	1.3023	0.7411	1.116	0.7344
323	0.9149	0.6449	1.2985	0.7343	1.1077	0.7276
324	0.8996	0.6424	1.3032	0.7436	1.1106	0.7388
325	0.9319	0.6617	1.3159	0.7537	1.1303	0.7538
326	0.9434	0.6683	1.3148	0.7542	1.1244	0.7499
327	0.8994	0.6327	1.2909	0.7239	1.1034	0.7255
328	0.892	0.6278	1.2967	0.7285	1.1	0.7183
329	0.8982	0.6282	1.2866	0.7182	1.092	0.7172
330	0.9367	0.6707	1.3236	0.7631	1.1306	0.7558
331	0.9719	0.6984	1.3351	0.7801	1.1536	0.7722
332	0.9048	0.6437	1.2982	0.738	1.1119	0.739
333	0.96	0.6879	1.3338	0.7776	1.1441	0.7637
334	0.9424	0.6723	1.3157	0.7618	1.1297	0.7535
335	0.9544	0.6824	1.3231	0.7651	1.1336	0.7567
336	0.8879	0.6212	1.285	0.7164	1.0888	0.7112
337	0.8995	0.6297	1.3009	0.7236	1.0969	0.7133
338	0.8966	0.6245	1.2802	0.7182	1.0898	0.714
339	0.8865	0.619	1.2723	0.7069	1.0889	0.7077
340	0.8831	0.622	1.2742	0.7159	1.0854	0.7103
341	0.8864	0.6321	1.28	0.7264	1.0931	0.7318
342	0.8711	0.6083	1.2715	0.7066	1.0776	0.6987
343	0.8723	0.6104	1.2763	0.7113	1.0873	0.7058
344	0.8866	0.6256	1.2828	0.7226	1.0931	0.7221
345	0.8817	0.6185	1.2743	0.7088	1.0839	0.7074
346	0.8781	0.613	1.2842	0.7133	1.0899	0.7052
347	0.8834	0.6284	1.2835	0.7251	1.0941	0.7243
348	0.8765	0.6118	1.2762	0.7117	1.0782	0.701
349	0.9146	0.6466	1.3029	0.7393	1.1125	0.738
350	0.9198	0.6565	1.3022	0.7436	1.1121	0.7371
351	0.9973	0.7478	1.367	0.8413	1.1829	0.8291
352	0.97	0.7026	1.3299	0.7841	1.1464	0.775
353	0.8665	0.6064	1.2696	0.7043	1.0739	0.7
354	0.8709	0.6073	1.2636	0.7022	1.0713	0.7008
355	0.8725	0.6119	1.2677	0.7104	1.0763	0.7051
356	0.872	0.6108	1.2797	0.7148	1.0839	0.7066
357	0.8806	0.6199	1.2821	0.715	1.0884	0.7115
358	0.8724	0.6063	1.2685	0.7027	1.0752	0.7034
359	0.874	0.6125	1.2814	0.7103	1.0846	0.7028
360	0.8854	0.6196	1.2748	0.7115	1.0804	0.7082
361	0.9298	0.6599	1.323	0.7618	1.1318	0.7573
362	0.8683	0.6092	1.2682	0.7028	1.0783	0.7058
363	0.8609	0.6009	1.2675	0.7003	1.0715	0.6998
364	0.8714	0.6074	1.259	0.6982	1.0676	0.6939
365	0.8714	0.6123	1.2656	0.7054	1.0731	0.7014
366	0.8799	0.6171	1.2774	0.7136	1.0832	0.7091
367	0.8613	0.6013	1.2679	0.7027	1.0723	0.6982
368	0.8602	0.6016	1.2584	0.6942	1.0696	0.6995
369	0.8725	0.6078	1.2643	0.7028	1.0754	0.6978
370	0.9131	0.6517	1.3155	0.7523	1.1178	0.7465
371	0.918	0.6478	1.2917	0.7361	1.1026	0.7281
372	0.8781	0.6156	1.2591	0.7034	1.0725	0.7039
373	0.8723	0.6145	1.2771	0.717	1.0756	0.704
374	0.9412	0.6986	1.3305	0.7968	1.1481	0.7989
375	0.9238	0.6625	1.3001	0.7489	1.1203	0.7458
376	0.872	0.6221	1.2722	0.7178	1.088	0.7246
377	0.8598	0.5999	1.248	0.6934	1.0625	0.6938
378	0.8654	0.6089	1.2476	0.7015	1.0638	0.7009
379	0.9058	0.6373	1.2859	0.7326	1.1013	0.7303
380	0.9021	0.6394	1.3009	0.7395	1.1056	0.7346
381	0.8513	0.5957	1.2492	0.6917	1.0611	0.6934
382	0.8485	0.5914	1.2552	0.6985	1.0584	0.6894
383	0.9001	0.6394	1.2895	0.7353	1.1007	0.7301
384	0.8976	0.6353	1.2944	0.7308	1.1024	0.7259
385	0.8543	0.6012	1.2652	0.6998	1.0722	0.705
386	0.8424	0.5853	1.2426	0.6823	1.0514	0.6856
387	0.8658	0.6101	1.2671	0.7082	1.0753	0.7105
388	0.8592	0.6047	1.2773	0.7073	1.0801	0.7017
389	0.8581	0.6049	1.2512	0.6987	1.0678	0.7073
390	0.842	0.5847	1.2499	0.69	1.057	0.6888
391	0.8389	0.5822	1.2401	0.682	1.049	0.684
392	0.8477	0.5953	1.2509	0.6956	1.0642	0.7021
393	0.8396	0.5847	1.2426	0.6825	1.057	0.6863
394	0.8344	0.5789	1.2462	0.6823	1.0527	0.6851
395	0.8531	0.5942	1.2586	0.6936	1.063	0.6921
396	0.8433	0.5972	1.2513	0.6894	1.0621	0.6961
397	0.8336	0.5805	1.2449	0.6864	1.0482	0.6822
398	0.8343	0.5764	1.2393	0.6804	1.0508	0.6834
399	0.8614	0.6077	1.2551	0.7031	1.0804	0.7169
400	0.8441	0.5875	1.253	0.6915	1.0606	0.6868
401	0.8463	0.5937	1.2574	0.6948	1.0644	0.701
402	0.8605	0.6079	1.2656	0.7092	1.078	0.7128
403	0.8731	0.6171	1.2685	0.7174	1.0823	0.7172
404	0.8493	0.5974	1.241	0.6924	1.0583	0.6981
405	0.8353	0.5832	1.2449	0.6852	1.055	0.6912
406	0.8267	0.5726	1.2365	0.6746	1.0449	0.6774
407	0.8845	0.623	1.3017	0.7344	1.1055	0.7312
408	0.8571	0.6023	1.2582	0.7005	1.0725	0.7022
409	0.8558	0.6028	1.2791	0.7134	1.0769	0.709
410	0.8462	0.5952	1.245	0.6916	1.0613	0.6951
411	0.964	0.7036	1.3317	0.7956	1.1559	0.7943
412	0.8855	0.6266	1.2801	0.7184	1.0915	0.7195
413	0.8384	0.5902	1.2584	0.6961	1.0639	0.6981
414	0.8587	0.5967	1.2486	0.6963	1.0644	0.696
415	0.8313	0.5798	1.2348	0.6801	1.0463	0.6777
416	0.8337	0.5831	1.2408	0.6859	1.0543	0.6895
417	0.8478	0.5891	1.2444	0.689	1.0608	0.692
418	0.8627	0.6159	1.2773	0.7206	1.0843	0.7236
419	0.8248	0.574	1.2289	0.6727	1.0506	0.6873
420	0.8302	0.5821	1.2447	0.6878	1.0528	0.6926
421	0.8249	0.5745	1.2276	0.6743	1.0405	0.6803
422	0.8255	0.5759	1.2411	0.6832	1.0484	0.6831
423	0.8266	0.5784	1.2362	0.6767	1.0526	0.6907
424	0.8221	0.5727	1.2353	0.6765	1.0408	0.6734
425	0.8239	0.5726	1.2296	0.6719	1.0386	0.6762
426	0.8202	0.5745	1.2358	0.6759	1.0479	0.683
427	0.82	0.5708	1.2378	0.6758	1.0497	0.6816
428	0.8413	0.589	1.2467	0.6912	1.0678	0.7
429	0.8642	0.6153	1.2589	0.708	1.0751	0.71
430	0.8539	0.612	1.2628	0.7194	1.0712	0.7162
431	0.8236	0.5728	1.2266	0.676	1.0452	0.6869
432	0.8281	0.579	1.2457	0.6905	1.0524	0.6843
433	0.8105	0.5633	1.2247	0.6686	1.0457	0.6812
434	0.8302	0.5767	1.2202	0.6727	1.0509	0.6818
435	0.8716	0.6257	1.2409	0.71	1.0737	0.719
436	0.8162	0.5672	1.2165	0.6684	1.0424	0.6755
437	0.8217	0.5753	1.2334	0.6802	1.0549	0.6859
438	0.825	0.5783	1.2375	0.6847	1.0541	0.6889
439	0.837	0.5917	1.2433	0.696	1.0586	0.6974
440	0.8167	0.5661	1.2166	0.6647	1.0378	0.6759
441	0.8738	0.6266	1.2723	0.7327	1.1008	0.7419
442	0.8954	0.6319	1.2787	0.7306	1.1042	0.7307
443	0.945	0.6776	1.3234	0.7842	1.144	0.7777
444	0.8541	0.5928	1.2326	0.6925	1.063	0.6985
445	0.8339	0.5874	1.228	0.6873	1.0573	0.6907
446	0.8053	0.5619	1.2214	0.6676	1.0436	0.6807
447	0.8753	0.6371	1.2891	0.7458	1.1101	0.755
448	0.8081	0.5631	1.2196	0.6679	1.038	0.6759
449	0.8343	0.5776	1.2166	0.673	1.0404	0.677
450	0.8315	0.579	1.2493	0.6899	1.0543	0.6832
451	0.8402	0.5847	1.2419	0.6886	1.0629	0.692
452	0.807	0.5613	1.2465	0.6723	1.0433	0.6752
453	0.8145	0.5741	1.2341	0.6759	1.0486	0.6882
454	0.8111	0.5635	1.2212	0.673	1.0379	0.6775
455	0.7996	0.5541	1.226	0.6654	1.0358	0.6706
456	0.799	0.5543	1.211	0.6623	1.0363	0.6723
457	0.8186	0.574	1.2143	0.6736	1.0397	0.6823
458	0.8101	0.564	1.2242	0.6708	1.0364	0.6748
459	0.8348	0.5874	1.2504	0.6898	1.0575	0.6913
460	0.8209	0.5822	1.2516	0.6978	1.0621	0.6987
461	0.846	0.5941	1.2385	0.6923	1.0675	0.699
462	0.8512	0.5982	1.2525	0.7109	1.0713	0.7067
463	0.8676	0.6227	1.2576	0.7209	1.0823	0.7237
464	0.8256	0.5815	1.2306	0.685	1.0549	0.6937
465	0.8103	0.5664	1.243	0.6816	1.0512	0.6841
466	0.8125	0.5643	1.2137	0.6684	1.0392	0.6768
467	0.7981	0.554	1.2136	0.6668	1.0321	0.6669
468	0.8307	0.5847	1.2342	0.6899	1.0598	0.6953
469	0.9029	0.6601	1.2981	0.769	1.12	0.7658
470	0.8318	0.5887	1.2269	0.6915	1.054	0.6987
471	0.8693	0.6273	1.2659	0.7328	1.0911	0.7394
472	0.8121	0.5697	1.2187	0.6744	1.0408	0.6781
473	0.7996	0.5594	1.2291	0.6734	1.0456	0.6799
474	0.8125	0.5602	1.2089	0.6649	1.0366	0.6706
475	0.8222	0.5841	1.2137	0.6801	1.0388	0.688
476	0.8061	0.567	1.2264	0.6784	1.043	0.683
477	0.795	0.5593	1.2155	0.6713	1.0323	0.6813
478	0.7841	0.5434	1.2012	0.6538	1.0191	0.6622
479	0.82	0.5736	1.2237	0.682	1.043	0.6826
480	0.8083	0.5667	1.2054	0.6705	1.0278	0.6789
481	0.8813	0.6249	1.2797	0.735	1.0973	0.733
482	0.8181	0.5697	1.2077	0.6689	1.044	0.6801
483	0.805	0.5652	1.2061	0.6698	1.0356	0.6772
484	0.7883	0.5477	1.1938	0.6515	1.0214	0.661
485	0.8131	0.5691	1.2311	0.6849	1.0427	0.6838
486	0.8809	0.6236	1.2474	0.7172	1.0808	0.7208
487	0.8101	0.5668	1.2292	0.6864	1.0407	0.6789
488	0.7956	0.5549	1.2035	0.6628	1.032	0.6714
489	0.7861	0.5454	1.1895	0.6517	1.0163	0.664
490	0.7849	0.5473	1.2036	0.6626	1.0208	0.662
491	0.7847	0.5456	1.1975	0.6532	1.0264	0.6715
492	0.7978	0.5575	1.2104	0.6682	1.0371	0.6762
493	0.775	0.537	1.1915	0.6472	1.0141	0.6558
494	0.7947	0.5584	1.2127	0.6685	1.037	0.6756
495	0.8122	0.5782	1.2317	0.6897	1.0448	0.6921
496	0.7872	0.5479	1.1947	0.6543	1.0193	0.6579
497	0.8096	0.5669	1.2288	0.682	1.0467	0.6797
498	0.9386	0.6803	1.2882	0.77	1.1296	0.7719
499	0.8192	0.5751	1.2175	0.6865	1.0451	0.6848
500	0.7789	0.5443	1.2031	0.6568	1.0276	0.666
501	0.8146	0.5809	1.2272	0.688	1.0526	0.698
502	0.7936	0.5518	1.2027	0.6646	1.0263	0.664
503	0.7901	0.5472	1.1882	0.6535	1.0233	0.6621
504	0.7765	0.5379	1.1885	0.6461	1.0189	0.6578
505	0.7795	0.542	1.2121	0.6591	1.0228	0.6595
506	0.7889	0.5492	1.206	0.6627	1.027	0.6668
507	0.7899	0.5538	1.2125	0.6698	1.0367	0.6779
508	0.7738	0.536	1.1905	0.6493	1.0139	0.6557
509	0.7908	0.5494	1.198	0.6594	1.024	0.6677
510	0.7898	0.5553	1.2171	0.6757	1.0353	0.6784
511	0.7848	0.5529	1.2051	0.6671	1.0324	0.6773
512	0.811	0.5698	1.2095	0.6756	1.0409	0.6785
513	0.87	0.6366	1.249	0.7352	1.0834	0.737
514	0.8563	0.6262	1.256	0.7355	1.0871	0.741
515	0.8464	0.6095	1.2388	0.7119	1.07	0.7132
516	0.794	0.5627	1.2187	0.6824	1.0353	0.6823
517	0.7944	0.5523	1.1934	0.6583	1.0216	0.6619
518	0.8142	0.5886	1.1999	0.6872	1.0381	0.6971
519	0.79	0.5641	1.2125	0.6749	1.0356	0.6837
520	0.7769	0.5409	1.1973	0.655	1.0157	0.6574
521	0.7714	0.5369	1.1896	0.6476	1.0153	0.6566
522	0.7914	0.5534	1.2019	0.6636	1.0282	0.6692
523	0.8264	0.5941	1.2255	0.7009	1.049	0.7014
524	0.7883	0.5614	1.2146	0.6758	1.0365	0.6856
525	0.7779	0.5415	1.1865	0.651	1.0153	0.6636
526	0.7702	0.5343	1.1991	0.651	1.0127	0.6542
527	0.7947	0.5628	1.2101	0.6717	1.0346	0.6782
528	0.7688	0.5345	1.1908	0.6463	1.0099	0.6519
529	0.7649	0.5337	1.1871	0.6466	1.0153	0.6572
530	0.7633	0.5281	1.18	0.6402	1.0131	0.6556
531	0.7635	0.5277	1.1797	0.6414	1.008	0.6491
532	0.7606	0.5259	1.1746	0.6349	1.0093	0.6453
533	0.7593	0.524	1.1736	0.6355	1.0075	0.6493
534	0.7844	0.5476	1.2146	0.6661	1.0314	0.6684
535	0.7844	0.556	1.1978	0.6683	1.0342	0.6847
536	0.7784	0.5486	1.1982	0.6643	1.0212	0.6677
537	0.7856	0.5493	1.2064	0.6653	1.0372	0.6745
538	0.7695	0.5364	1.1852	0.6502	1.016	0.6598
539	0.7578	0.5258	1.1803	0.6418	1.0044	0.6466
540	0.7783	0.5448	1.1902	0.6531	1.0242	0.6658
541	0.7982	0.5566	1.2036	0.6683	1.0334	0.6744
542	0.76	0.5272	1.1936	0.6531	1.0075	0.6489
543	0.7797	0.5417	1.1956	0.6556	1.0191	0.6636
544	0.7656	0.5362	1.2044	0.6578	1.0221	0.666
545	0.761	0.528	1.1893	0.6475	1.0111	0.6529
546	0.818	0.582	1.2233	0.6947	1.0574	0.6961
547	0.805	0.5711	1.2035	0.6844	1.0367	0.6845
548	0.7511	0.5202	1.1865	0.6451	1.0039	0.648
549	0.7792	0.5459	1.1864	0.6615	1.0204	0.6689
550	0.7814	0.5448	1.1948	0.6621	1.0233	0.6647
551	0.7892	0.557	1.1959	0.6715	1.0289	0.6761
552	0.7568	0.5296	1.1878	0.649	1.0188	0.6642
553	0.7551	0.5221	1.1796	0.6447	1.0082	0.6505
554	0.7521	0.5197	1.1615	0.6326	1.006	0.6472
555	0.7502	0.5203	1.1694	0.64	1.0073	0.6477
556	0.7524	0.5231	1.1711	0.6389	1.0065	0.6535
557	0.7574	0.5313	1.1832	0.652	1.0202	0.6661
558	0.7442	0.5156	1.1714	0.6373	0.9988	0.6451
559	0.7598	0.5232	1.1732	0.6428	1.0023	0.647
560	0.7608	0.5275	1.1947	0.6562	1.0135	0.6547
561	0.7996	0.5628	1.2121	0.6768	1.0445	0.6864
562	0.8182	0.5842	1.2379	0.7067	1.0657	0.7113
563	0.8083	0.5599	1.1829	0.6649	1.0287	0.6705
564	0.7982	0.558	1.1971	0.6708	1.028	0.6702
565	0.7521	0.5242	1.1776	0.6472	1.0062	0.6526
566	0.7485	0.523	1.1754	0.6396	1.012	0.6541
567	0.7608	0.5278	1.1933	0.6508	1.0206	0.6563
568	0.7733	0.5397	1.182	0.6598	1.0179	0.6637
569	0.7691	0.5415	1.1855	0.6573	1.0204	0.6706
570	0.7835	0.5489	1.178	0.6652	1.0162	0.6674
571	0.7939	0.5588	1.2077	0.6784	1.0369	0.6815
572	0.7743	0.5444	1.1788	0.6618	1.0153	0.6663
573	0.7449	0.5147	1.1718	0.64	0.9978	0.6459
574	0.7536	0.5261	1.1903	0.6525	1.0135	0.6541
575	0.7586	0.5246	1.1825	0.6438	1.022	0.6619
576	0.7755	0.5527	1.1899	0.671	1.0205	0.6769
577	0.8223	0.6057	1.2365	0.7239	1.0759	0.7367
578	0.7371	0.5091	1.1696	0.6352	0.9919	0.6415
579	0.7394	0.5105	1.1758	0.6382	1.0018	0.6438
580	0.7451	0.5149	1.1697	0.6354	1.0026	0.6483
581	0.7323	0.5062	1.1691	0.6327	0.9921	0.6376
582	0.7427	0.5193	1.177	0.6462	1.0036	0.6537
583	0.7584	0.5279	1.1844	0.6486	1.0117	0.6517
584	0.7393	0.5096	1.1642	0.6383	0.993	0.6424
585	0.7443	0.5149	1.1546	0.6308	0.9941	0.6465
586	0.7414	0.5139	1.1576	0.6384	0.9897	0.6436
587	0.7749	0.5509	1.2061	0.6799	1.0379	0.6779
588	0.7927	0.5515	1.1956	0.6651	1.0378	0.6754
589	0.7368	0.5094	1.1688	0.6368	0.9979	0.6428
590	0.7382	0.5097	1.1732	0.6338	1.0036	0.6467
591	0.7415	0.5135	1.1584	0.6351	0.9975	0.6458
592	0.7337	0.5078	1.16	0.6316	0.99	0.6382
593	0.7348	0.5089	1.1545	0.6307	0.9909	0.6404
594	0.746	0.5199	1.1691	0.6448	1.0023	0.6513
595	0.7451	0.5223	1.1854	0.6471	1.0124	0.6554
596	0.7289	0.5066	1.1664	0.6337	0.9947	0.6425
597	0.7363	0.5097	1.1688	0.6348	0.9986	0.6439
598	0.7258	0.5016	1.1593	0.6315	0.9897	0.6365
599	0.7261	0.4991	1.154	0.6254	0.984	0.6337
600	0.7519	0.5219	1.1672	0.6419	1.006	0.6501
601	0.7511	0.535	1.1578	0.6501	1.0023	0.6598
602	0.7296	0.5062	1.1509	0.6303	0.9829	0.6373
603	0.8	0.5732	1.2165	0.6948	1.0533	0.6978
604	0.7559	0.5288	1.1751	0.6481	1.0117	0.6569
605	0.7331	0.508	1.1669	0.6372	1.0016	0.6419
606	0.7308	0.5079	1.1611	0.6335	0.9996	0.6481
607	0.7358	0.5115	1.1742	0.6411	1.0052	0.6491
608	0.735	0.5126	1.1608	0.6354	1.0002	0.6472
609	0.7262	0.5005	1.1523	0.6299	0.9878	0.6336
610	0.7287	0.5043	1.1553	0.6258	0.9951	0.6375
611	0.7191	0.4953	1.1442	0.6179	0.9775	0.6265
612	0.7283	0.4989	1.1479	0.6211	0.9863	0.6304
613	0.7482	0.5233	1.1769	0.645	1.0181	0.6587
614	0.7769	0.5438	1.1689	0.6582	1.0175	0.6691
615	0.7584	0.5287	1.1751	0.652	1.0108	0.6572
616	0.7428	0.5167	1.1662	0.6402	1.0035	0.6522
617	0.7382	0.5108	1.146	0.6308	0.9931	0.6428
618	0.7854	0.5532	1.1982	0.6791	1.0318	0.6795
619	0.8094	0.5749	1.1906	0.684	1.0336	0.6868
620	0.7926	0.5565	1.1939	0.6708	1.0396	0.6817
621	0.8124	0.5882	1.2004	0.7014	1.049	0.7035
622	0.7668	0.553	1.1716	0.6708	1.0217	0.6842
623	0.7522	0.5329	1.1613	0.6559	1.0091	0.6633
624	0.777	0.5481	1.1794	0.662	1.0239	0.6694
625	0.745	0.5178	1.1474	0.6393	0.9958	0.6454
626	0.7259	0.5094	1.1531	0.6331	0.9926	0.6441
627	0.7411	0.5181	1.1542	0.6386	0.9978	0.6444
628	0.7675	0.5437	1.1703	0.6633	1.0229	0.6763
629	0.7305	0.5111	1.1611	0.639	1.0019	0.6513
630	0.7822	0.5635	1.1838	0.6773	1.0342	0.6893
631	0.7314	0.5082	1.1455	0.6347	0.9884	0.6373
632	0.7154	0.4942	1.1576	0.6326	0.9888	0.6359
633	0.7135	0.4939	1.1392	0.6213	0.985	0.6369
634	0.7162	0.4939	1.139	0.6239	0.9788	0.63
635	0.7284	0.5064	1.1576	0.6372	0.9934	0.6426
636	0.7142	0.4909	1.1412	0.621	0.9834	0.632
637	0.7125	0.4903	1.151	0.6216	0.9831	0.6302
638	0.7123	0.4932	1.1455	0.625	0.9813	0.6284
639	0.7137	0.4957	1.1482	0.6239	0.9892	0.6305
640	0.7111	0.4912	1.1403	0.6244	0.9744	0.6282
641	0.7037	0.4853	1.1371	0.6151	0.9753	0.6265
642	0.7258	0.5022	1.1374	0.6303	0.9882	0.6416
643	0.7125	0.4924	1.1396	0.6207	0.9703	0.6293
644	0.7393	0.5224	1.1535	0.6542	0.9878	0.653
645	0.7865	0.5623	1.1978	0.6873	1.0382	0.6911
646	0.7065	0.4886	1.145	0.6223	0.9924	0.6341
647	0.7411	0.5173	1.1543	0.6469	0.9961	0.6502
648	0.714	0.4962	1.1464	0.6251	0.9866	0.6353
649	0.7177	0.5005	1.144	0.6286	0.9901	0.6399
650	0.7069	0.4869	1.1411	0.6196	0.9817	0.628
651	0.7292	0.5058	1.1688	0.6396	1.0158	0.6487
652	0.7282	0.505	1.1394	0.6303	0.9917	0.6402
653	0.7209	0.4988	1.146	0.6266	0.9914	0.637
654	0.7061	0.4888	1.1472	0.6253	0.979	0.6307
655	0.7125	0.4937	1.1507	0.6324	0.9799	0.6301
656	0.8019	0.5833	1.2081	0.7084	1.0583	0.7135
657	0.7373	0.5171	1.1645	0.6475	1.0001	0.6461
658	0.7035	0.4885	1.1403	0.6212	0.9791	0.6306
659	0.7108	0.495	1.148	0.6262	0.9897	0.6366
660	0.7034	0.4844	1.1229	0.6107	0.974	0.6245
661	0.7771	0.5441	1.1695	0.6522	1.0319	0.6738
662	0.7426	0.5298	1.17	0.6532	1.0218	0.6659
663	0.7242	0.5059	1.1391	0.6317	0.9931	0.6409
664	0.7053	0.4884	1.1347	0.6192	0.9776	0.6281
665	0.7186	0.5	1.1238	0.6252	0.9778	0.6352
666	0.7322	0.5075	1.1407	0.6263	0.9965	0.6432
667	0.7032	0.4866	1.1348	0.624	0.979	0.6295
668	0.6988	0.4826	1.1436	0.6204	0.9817	0.6251
669	0.7065	0.4952	1.1407	0.627	0.9814	0.6332
670	0.6964	0.482	1.1255	0.6127	0.9758	0.6264
671	0.7038	0.488	1.1441	0.6297	0.989	0.6362
672	0.728	0.5151	1.1577	0.6467	1.0083	0.6576
673	0.7306	0.522	1.1511	0.65	0.9992	0.6563
674	0.7066	0.489	1.13	0.6163	0.9777	0.6303
675	0.7097	0.4925	1.1366	0.6214	0.9824	0.629
676	0.6931	0.4796	1.135	0.6162	0.9742	0.6246
677	0.6942	0.4775	1.1338	0.6148	0.9782	0.6253
678	0.7353	0.5214	1.1564	0.6567	0.998	0.657
679	0.6976	0.4838	1.1373	0.6132	0.9824	0.6308
680	0.6889	0.4748	1.132	0.6101	0.9752	0.6225
681	0.7003	0.4839	1.1496	0.6211	0.9928	0.636
682	0.697	0.4805	1.1307	0.6171	0.9785	0.629
683	0.7	0.488	1.1386	0.6265	0.975	0.6322
684	0.6896	0.4778	1.1352	0.6147	0.9792	0.6288
685	0.7097	0.492	1.1386	0.6259	0.9858	0.6382
686	0.6928	0.4773	1.1358	0.6172	0.9752	0.6227
687	0.7153	0.4985	1.152	0.6302	1.0049	0.6452
688	0.7405	0.5229	1.1698	0.6626	1.0183	0.6612
689	0.6924	0.4802	1.1411	0.619	0.9897	0.6318
690	0.707	0.4874	1.1317	0.6215	0.9783	0.6286
691	0.6931	0.4801	1.1278	0.6139	0.9701	0.6236
692	0.6911	0.4768	1.1353	0.6149	0.9697	0.6222
693	0.7034	0.4845	1.1315	0.6202	0.9758	0.6261
694	0.712	0.5022	1.1346	0.6344	0.9859	0.6442
695	0.7037	0.4881	1.1405	0.6215	0.9839	0.6329
696	0.7016	0.4839	1.1259	0.6209	0.9755	0.6293
697	0.687	0.4746	1.1399	0.6141	0.9817	0.6276
698	0.6893	0.4774	1.1335	0.6141	0.9761	0.6235
699	0.696	0.478	1.1232	0.6111	0.977	0.6228
700	0.7051	0.4915	1.1217	0.6224	0.9728	0.6295
701	0.6926	0.477	1.1291	0.6123	0.9776	0.6236
702	0.6863	0.4766	1.1251	0.6144	0.9748	0.6273
703	0.7122	0.5	1.1453	0.6352	0.9903	0.6388
704	0.7177	0.5064	1.1598	0.6405	1.0035	0.6519
705	0.6926	0.4765	1.1206	0.6096	0.9712	0.6203
706	0.7055	0.4917	1.1326	0.63	0.9818	0.6334
707	0.7017	0.489	1.15	0.6238	0.9977	0.6423
708	0.6833	0.4689	1.1211	0.6076	0.968	0.6142
709	0.7103	0.4972	1.146	0.6303	0.9886	0.6393
710	0.6947	0.4856	1.1397	0.6265	0.9857	0.6316
711	0.693	0.4765	1.1221	0.6176	0.9729	0.6267
712	0.7826	0.5588	1.1915	0.6848	1.0442	0.6921
713	0.7138	0.5046	1.1378	0.6465	0.9891	0.6471
714	0.6893	0.4733	1.1177	0.6068	0.9731	0.6238
715	0.6913	0.4853	1.1343	0.6252	0.9794	0.6316
716	0.675	0.4628	1.1225	0.6055	0.9691	0.6155
717	0.6881	0.4742	1.1306	0.6107	0.9811	0.6255
718	0.6975	0.4876	1.147	0.6256	0.9996	0.644
719	0.7224	0.5124	1.14	0.6417	0.9986	0.6566
720	0.7246	0.5101	1.1625	0.6472	1.0097	0.655
721	0.7057	0.4942	1.1274	0.6278	0.978	0.634
722	0.6838	0.4719	1.135	0.6117	0.9726	0.6221
723	0.6794	0.469	1.1196	0.6085	0.9685	0.6208
724	0.6831	0.472	1.124	0.6085	0.9687	0.6213
725	0.6748	0.4638	1.1179	0.6061	0.9597	0.6128
726	0.6935	0.478	1.1093	0.6074	0.9614	0.6237
727	0.6825	0.4711	1.1152	0.6107	0.9689	0.619
728	0.7275	0.5073	1.1567	0.6443	1.0021	0.6474
729	0.686	0.4749	1.1236	0.6134	0.9897	0.6273
730	0.6839	0.4747	1.1277	0.6176	0.9768	0.6265
731	0.7172	0.5016	1.1326	0.6323	0.9893	0.646
732	0.6796	0.4695	1.1284	0.6155	0.9729	0.6241
733	0.6918	0.4813	1.1373	0.6191	0.9912	0.6349
734	0.6763	0.4688	1.1171	0.6078	0.9682	0.6176
735	0.6719	0.4627	1.1175	0.6027	0.9663	0.6157
736	0.7133	0.4958	1.1407	0.6263	0.9993	0.6427
737	0.6764	0.4657	1.1218	0.6038	0.9813	0.621
738	0.6745	0.4661	1.1192	0.6083	0.9762	0.624
739	0.6951	0.4946	1.1506	0.6401	1.0007	0.6519
740	0.6878	0.4811	1.1341	0.6218	0.9875	0.6372
741	0.6987	0.488	1.1314	0.6305	0.9928	0.6438
742	0.6974	0.4886	1.1414	0.6305	0.9963	0.643
743	0.6807	0.4735	1.1115	0.6119	0.9698	0.6235
744	0.6786	0.4734	1.1206	0.6128	0.9767	0.6273
745	0.681	0.4704	1.1288	0.6095	0.978	0.6264
746	0.6689	0.4634	1.1149	0.6044	0.9714	0.6207
747	0.7254	0.511	1.1537	0.6505	1.0107	0.6588
748	0.6946	0.4841	1.1148	0.6223	0.9738	0.6317
749	0.6639	0.4573	1.1017	0.5999	0.958	0.6153
750	0.7014	0.4894	1.1236	0.6208	0.9812	0.6379
751	0.6933	0.4836	1.1267	0.627	0.9861	0.6345
752	0.774	0.5763	1.1861	0.705	1.0592	0.7236
753	0.6797	0.4749	1.1229	0.6153	0.9834	0.6317
754	0.6674	0.4614	1.1031	0.6034	0.9731	0.6229
755	0.6668	0.4608	1.1055	0.5995	0.9578	0.6158
756	0.6715	0.4694	1.1005	0.6061	0.9586	0.6217
757	0.6626	0.4584	1.1117	0.6092	0.9613	0.6155
758	0.6879	0.4787	1.1346	0.6226	0.9855	0.6347
759	0.6728	0.4703	1.1223	0.6177	0.9673	0.6219
760	0.6644	0.4566	1.1049	0.5962	0.9534	0.61
761	0.6614	0.4557	1.1115	0.6022	0.9578	0.6111
762	0.6668	0.4617	1.129	0.6146	0.9675	0.6212
763	0.6616	0.4573	1.1049	0.5985	0.9669	0.6165
764	0.6647	0.4602	1.1073	0.6038	0.9599	0.6161
765	0.6635	0.4579	1.1118	0.6005	0.9585	0.6141
766	0.7483	0.5312	1.1702	0.6676	1.0198	0.6717
767	0.7183	0.5154	1.1612	0.66	1.0139	0.6702
768	0.6575	0.4545	1.1015	0.5974	0.9571	0.6132
769	0.6717	0.4644	1.1027	0.6076	0.9644	0.6204
770	0.6832	0.4742	1.107	0.6125	0.9682	0.6259
771	0.6749	0.4678	1.1234	0.6179	0.9681	0.6241
772	0.6592	0.457	1.1075	0.6036	0.965	0.6186
773	0.7023	0.4907	1.1155	0.6306	0.9689	0.6335
774	0.7215	0.5038	1.1543	0.6463	1.0044	0.6495
775	0.6683	0.4633	1.1131	0.6097	0.9677	0.6174
776	0.6787	0.4687	1.1104	0.6057	0.9602	0.621
777	0.7914	0.5643	1.1995	0.6972	1.0616	0.7033
778	0.6748	0.4722	1.1069	0.6069	0.9611	0.6238
779	0.6844	0.4855	1.1153	0.6277	0.9821	0.6416
780	0.6652	0.4606	1.126	0.6132	0.9693	0.6208
781	0.6597	0.4578	1.1021	0.5991	0.954	0.6138
782	0.674	0.4685	1.0919	0.6047	0.9727	0.6251
783	0.6684	0.4633	1.1015	0.603	0.9577	0.6181
784	0.7449	0.5336	1.1479	0.671	1.007	0.672
785	0.6731	0.4731	1.1167	0.6154	0.9716	0.6319
786	0.6529	0.4504	1.0988	0.5949	0.9516	0.6088
787	0.6589	0.4584	1.1001	0.6008	0.9601	0.6136
788	0.6759	0.4735	1.0993	0.6109	0.9676	0.6315
789	0.6728	0.4694	1.1092	0.6131	0.9755	0.6275
790	0.664	0.4674	1.1109	0.6119	0.9727	0.6247
791	0.6804	0.4882	1.1369	0.6399	0.9897	0.6508
792	0.7154	0.5018	1.1441	0.6405	1.008	0.655
793	0.6543	0.4546	1.0888	0.5979	0.9647	0.6153
794	0.651	0.4495	1.0964	0.5912	0.954	0.6106
795	0.6584	0.4586	1.1121	0.608	0.964	0.6193
796	0.6613	0.4618	1.1098	0.6095	0.965	0.6211
797	0.6443	0.4483	1.1082	0.6009	0.9644	0.6136
798	0.6558	0.459	1.0991	0.6058	0.9563	0.6178
799	0.6795	0.4813	1.1205	0.6221	0.9735	0.6349
800	0.6496	0.4509	1.0848	0.5928	0.9504	0.6065
801	0.6572	0.4579	1.0954	0.6051	0.9465	0.6123
802	0.6944	0.5025	1.1236	0.6408	0.9899	0.6587
803	0.6612	0.4631	1.1057	0.6024	0.9718	0.6266
804	0.6849	0.488	1.1065	0.6308	0.9741	0.6395
805	0.6814	0.4789	1.1028	0.616	0.969	0.6336
806	0.6482	0.4514	1.08	0.5892	0.9477	0.606
807	0.6521	0.4551	1.0869	0.596	0.9553	0.6134
808	0.6666	0.4775	1.1099	0.6236	0.9783	0.6407
809	0.6622	0.4623	1.1113	0.6074	0.9651	0.623
810	0.6412	0.4446	1.0962	0.5898	0.9529	0.6075
811	0.6655	0.4691	1.1109	0.6168	0.9773	0.6317
812	0.6483	0.4486	1.0878	0.5972	0.9499	0.6068
813	0.6654	0.4618	1.0932	0.5971	0.959	0.6129
814	0.6769	0.4868	1.0983	0.6243	0.9709	0.6373
815	0.6987	0.503	1.1345	0.6482	0.9894	0.6548
816	0.6555	0.4582	1.1024	0.6094	0.9661	0.6208
817	0.6654	0.4634	1.1028	0.6081	0.969	0.6215
818	0.6848	0.4904	1.1177	0.6381	0.981	0.6446
819	0.6577	0.4561	1.0961	0.5975	0.9562	0.6123
820	0.6544	0.4548	1.0952	0.6003	0.959	0.6114
821	0.6561	0.4577	1.0916	0.5974	0.9523	0.613
822	0.6587	0.4651	1.1181	0.623	0.9733	0.6292
823	0.6472	0.4505	1.1129	0.6042	0.9637	0.6164
824	0.6395	0.441	1.1003	0.594	0.9492	0.6042
825	0.6371	0.4425	1.0845	0.5876	0.9484	0.6089
826	0.6394	0.4435	1.0929	0.5963	0.9503	0.606
827	0.6418	0.4475	1.0885	0.5971	0.9575	0.6156
828	0.6375	0.4458	1.0969	0.6033	0.9584	0.6147
829	0.6628	0.4735	1.1108	0.623	0.9749	0.6373
830	0.6689	0.472	1.105	0.6179	0.9656	0.6266
831	0.642	0.4473	1.1065	0.6026	0.9588	0.6133
832	0.6362	0.4407	1.0861	0.5927	0.946	0.6104
833	0.6305	0.4363	1.09	0.5942	0.9419	0.6025
834	0.6495	0.4509	1.0953	0.5983	0.9484	0.6084
835	0.698	0.4984	1.1424	0.6474	0.9908	0.6527
836	0.6356	0.4395	1.0931	0.5977	0.9421	0.6027
837	0.6306	0.436	1.0931	0.5881	0.9469	0.6059
838	0.6354	0.4398	1.0972	0.5967	0.9515	0.6093
839	0.6607	0.4649	1.1076	0.6161	0.9659	0.6269
840	0.6304	0.4374	1.0935	0.5897	0.9498	0.6058
841	0.638	0.4429	1.0921	0.5949	0.9493	0.6064
842	0.6493	0.4563	1.0987	0.6075	0.9608	0.6212
843	0.6467	0.4534	1.0965	0.6106	0.9659	0.6221
844	0.6382	0.4445	1.0831	0.5962	0.9506	0.6147
845	0.636	0.4422	1.0936	0.5971	0.955	0.6103
846	0.6286	0.434	1.0714	0.5881	0.9373	0.5987
847	0.6389	0.4421	1.0651	0.589	0.9381	0.6078
848	0.6284	0.4359	1.0736	0.5863	0.9473	0.6059
849	0.6326	0.4368	1.0906	0.5942	0.9488	0.6038
850	0.6697	0.4757	1.1077	0.6272	0.9675	0.6264
851	0.6295	0.4372	1.0698	0.5896	0.9422	0.6005
852	0.6367	0.4411	1.0711	0.5898	0.9459	0.61
853	0.6474	0.4495	1.0783	0.5961	0.9528	0.6141
854	0.6411	0.4433	1.0627	0.5901	0.9469	0.6081
855	0.645	0.4573	1.0817	0.6011	0.9551	0.6201
856	0.6324	0.4373	1.068	0.5839	0.9571	0.6053
857	0.6821	0.4839	1.0934	0.6236	0.971	0.6357
858	0.6386	0.4477	1.087	0.5998	0.9669	0.6166
859	0.6326	0.4412	1.0831	0.5941	0.9483	0.6101
860	0.6225	0.4334	1.0838	0.5895	0.9535	0.6064
861	0.6296	0.4369	1.0769	0.5929	0.9517	0.6041
862	0.6488	0.4512	1.0751	0.594	0.9513	0.6168
863	0.6456	0.4602	1.0963	0.6204	0.9773	0.6298
864	0.6253	0.4325	1.0673	0.5858	0.9398	0.6031
865	0.6207	0.4286	1.0637	0.5805	0.9496	0.6079
866	0.6272	0.4333	1.0803	0.5899	0.95	0.6008
867	0.6795	0.4873	1.1187	0.6318	1.0041	0.6511
868	0.6273	0.4359	1.0735	0.586	0.9617	0.6104
869	0.6843	0.4851	1.1035	0.6289	0.9817	0.6407
870	0.6914	0.5004	1.1273	0.6486	0.9999	0.6565
871	0.626	0.4345	1.0836	0.5848	0.9589	0.6066
872	0.6701	0.4744	1.0963	0.6242	0.9777	0.6323
873	0.7023	0.5112	1.1283	0.6589	1.0006	0.6661
874	0.6479	0.4625	1.109	0.6239	0.9765	0.6313
875	0.6348	0.4402	1.0693	0.5881	0.9476	0.61
876	0.6278	0.439	1.0698	0.5919	0.9465	0.6046
877	0.6469	0.4636	1.0791	0.6064	0.9517	0.6238
878	0.6648	0.4751	1.102	0.6213	0.9741	0.6345
879	0.6348	0.4413	1.0794	0.5906	0.9416	0.6036
880	0.6263	0.4328	1.0844	0.5941	0.9389	0.598
881	0.6248	0.4345	1.0718	0.5894	0.9501	0.608
882	0.6382	0.4488	1.0839	0.6008	0.9459	0.6098
883	0.6226	0.4302	1.084	0.5853	0.9514	0.6022
884	0.6154	0.426	1.0751	0.5826	0.9544	0.6027
885	0.669	0.4752	1.096	0.6184	0.9805	0.6412
886	0.6143	0.4243	1.0638	0.5814	0.9385	0.5972
887	0.6128	0.4245	1.0632	0.58	0.9379	0.595
888	0.6162	0.4264	1.077	0.5919	0.9491	0.6027
889	0.6152	0.4285	1.0715	0.5892	0.9546	0.6058
890	0.639	0.4437	1.075	0.5906	0.9549	0.6139
891	0.6585	0.4719	1.094	0.6252	0.9764	0.6358
892	0.6168	0.4279	1.0688	0.5816	0.9408	0.6031
893	0.6501	0.4607	1.0758	0.6023	0.9481	0.6196
894	0.6191	0.4356	1.0789	0.588	0.9489	0.6081
895	0.6296	0.4373	1.0666	0.5922	0.9511	0.6123
896	0.6304	0.4402	1.0663	0.5893	0.9425	0.609
897	0.6225	0.4325	1.0914	0.594	0.942	0.5995
898	0.6342	0.443	1.1011	0.5979	0.9591	0.6148
899	0.6099	0.4236	1.0779	0.5866	0.9468	0.5934
900	0.6255	0.4358	1.0872	0.5907	0.9542	0.6106
901	0.6514	0.4593	1.1039	0.6172	0.9728	0.6291
902	0.6468	0.4503	1.0783	0.5969	0.9598	0.615
903	0.6614	0.4664	1.1004	0.6131	0.9763	0.6312
904	0.6211	0.432	1.0673	0.59	0.9362	0.6013
905	0.6658	0.4704	1.0765	0.6097	0.9713	0.6332
906	0.62	0.4326	1.0816	0.5918	0.9479	0.6092
907	0.6439	0.4528	1.1079	0.6091	0.9661	0.6244
908	0.6365	0.4482	1.0694	0.5969	0.9545	0.6167
909	0.6316	0.4394	1.0573	0.5857	0.9379	0.6045
910	0.6521	0.4578	1.0807	0.5977	0.9662	0.6193
911	0.6327	0.4463	1.0773	0.5963	0.9452	0.6141
912	0.6114	0.4232	1.0733	0.5867	0.9427	0.5971
913	0.6096	0.4228	1.0646	0.582	0.9362	0.5997
914	0.6125	0.4269	1.0728	0.5896	0.9446	0.605
915	0.6225	0.4344	1.08	0.5952	0.9438	0.606
916	0.6053	0.4203	1.0643	0.5795	0.9349	0.5983
917	0.6218	0.4382	1.0752	0.5962	0.9532	0.6128
918	0.651	0.4702	1.0996	0.6312	0.9655	0.6365
919	0.6209	0.437	1.0632	0.5968	0.9397	0.6075
920	0.6309	0.4423	1.0471	0.5876	0.9399	0.6116
921	0.6603	0.4688	1.0939	0.6187	0.9652	0.6315
922	0.6926	0.5024	1.1049	0.6427	0.9826	0.655
923	0.6467	0.454	1.0781	0.6038	0.9494	0.6177
924	0.6439	0.4559	1.0658	0.6048	0.949	0.6196
925	0.6099	0.4237	1.0673	0.5839	0.9363	0.6007
926	0.6095	0.4244	1.0676	0.5865	0.948	0.6011
927	0.6248	0.4375	1.0698	0.5887	0.9583	0.6136
928	0.6237	0.4365	1.0933	0.6021	0.9721	0.6201
929	0.6095	0.4248	1.0592	0.575	0.9408	0.6004
930	0.6105	0.4265	1.0682	0.5851	0.9421	0.6004
931	0.6384	0.4531	1.1057	0.6173	0.974	0.6261
932	0.6199	0.4341	1.0864	0.5964	0.9554	0.605
933	0.6426	0.4563	1.0962	0.6097	0.9866	0.6312
934	0.6198	0.4374	1.0778	0.603	0.9601	0.6117
935	0.6094	0.4217	1.0608	0.5811	0.9443	0.5998
936	0.6372	0.4565	1.079	0.6031	0.951	0.6215
937	0.6635	0.479	1.1008	0.6309	0.9856	0.6469
938	0.6155	0.4347	1.0622	0.5934	0.9404	0.6067
939	0.6685	0.489	1.0886	0.6338	0.9704	0.6432
940	0.6599	0.4726	1.0892	0.6193	0.9693	0.6351
941	0.615	0.4306	1.0531	0.583	0.9338	0.6005
942	0.6455	0.4573	1.0781	0.608	0.9649	0.6291
943	0.6329	0.4433	1.0722	0.5958	0.9603	0.6171
944	0.6097	0.4288	1.0533	0.5821	0.9347	0.6013
945	0.6237	0.4466	1.0627	0.6043	0.9576	0.62
946	0.6049	0.4238	1.0413	0.5824	0.9311	0.5974
947	0.6215	0.4346	1.0639	0.589	0.9434	0.6065
948	0.6814	0.4996	1.094	0.6385	0.9844	0.6588
949	0.6011	0.4199	1.057	0.5813	0.9396	0.5991
950	0.6162	0.4336	1.0693	0.5966	0.9453	0.6088
951	0.6089	0.4256	1.0583	0.5742	0.9362	0.5993
952	0.6127	0.4326	1.0632	0.585	0.9387	0.6041
953	0.6324	0.4488	1.0698	0.5986	0.9577	0.6225
954	0.6481	0.4709	1.0864	0.6208	0.9589	0.6287
955	0.613	0.4294	1.0495	0.5799	0.9448	0.6016
956	0.6046	0.424	1.0519	0.5852	0.9273	0.5944
957	0.6578	0.4735	1.0629	0.6225	0.9714	0.6408
958	0.6668	0.4783	1.0921	0.632	0.9788	0.6463
959	0.5986	0.4183	1.0515	0.5793	0.9335	0.596
960	0.6387	0.4568	1.0694	0.6085	0.9558	0.6203
961	0.6365	0.4541	1.0753	0.6127	0.955	0.623
962	0.62	0.4411	1.0494	0.5873	0.9418	0.6132
963	0.6074	0.4263	1.0573	0.5826	0.9352	0.6011
964	0.6139	0.4329	1.0592	0.5855	0.9383	0.6023
965	0.5964	0.4146	1.0402	0.5773	0.9331	0.5957
966	0.5968	0.4183	1.0484	0.5853	0.9412	0.6035
967	0.6006	0.419	1.0308	0.5782	0.934	0.6039
968	0.6184	0.4421	1.0356	0.5958	0.9267	0.6031
969	0.623	0.4369	1.0509	0.5865	0.9435	0.6044
970	0.5976	0.4192	1.0517	0.5833	0.9353	0.598
971	0.5945	0.4183	1.0411	0.5815	0.9336	0.6026
972	0.6234	0.4434	1.0457	0.5903	0.9587	0.6215
973	0.6122	0.4325	1.0295	0.5856	0.9483	0.6092
974	0.594	0.4123	1.0264	0.5698	0.9255	0.5938
975	0.5969	0.4187	1.0255	0.5682	0.9336	0.5953
976	0.6046	0.4295	1.0335	0.5833	0.9257	0.5965
977	0.5943	0.4152	1.0316	0.5716	0.9283	0.5905
978	0.5979	0.42	1.0386	0.5822	0.932	0.5974
979	0.6028	0.4258	1.0317	0.5808	0.9272	0.5979
980	0.6119	0.4311	1.0504	0.5903	0.9336	0.6014
981	0.6136	0.4352	1.0498	0.5911	0.9419	0.6098
982	0.5979	0.4206	1.0378	0.5785	0.9405	0.6035
983	0.5924	0.414	1.0409	0.5821	0.9365	0.5956
984	0.6362	0.4529	1.052	0.5963	0.9554	0.6217
985	0.6422	0.4547	1.0706	0.6091	0.9668	0.6207
986	0.6198	0.4366	1.0517	0.591	0.9494	0.6154
987	0.6004	0.424	1.0565	0.5958	0.941	0.6041
988	0.6411	0.456	1.1015	0.624	0.9743	0.629
989	0.6219	0.4429	1.0579	0.5969	0.9515	0.6185
990	0.6367	0.4595	1.0623	0.6133	0.968	0.6364
991	0.5961	0.4253	1.0362	0.5794	0.9392	0.6056
992	0.585	0.4095	1.0382	0.5718	0.9375	0.5948
993	0.5946	0.4211	1.0408	0.5868	0.9351	0.6023
994	0.5962	0.4195	1.0535	0.5878	0.9372	0.5986
995	0.5966	0.4199	1.0361	0.5784	0.9305	0.5964
996	0.6085	0.4308	1.0524	0.5849	0.9433	0.6052
997	0.6	0.4198	1.0348	0.5824	0.9314	0.5953
998	0.5986	0.4219	1.0512	0.5836	0.939	0.6041
999	0.5937	0.4147	1.0355	0.5748	0.9286	0.5979
1000	0.5718	0.3974	1.0331	0.5668	0.9198	0.5849
1001	0.5693	0.3952	1.032	0.5638	0.9177	0.5822
1002	0.5859	0.4109	1.0467	0.5774	0.9315	0.5956
1003	0.5716	0.3972	1.0329	0.5664	0.9196	0.5832
1004	0.5684	0.3944	1.0334	0.5639	0.9188	0.5824
1005	0.575	0.401	1.0406	0.572	0.9268	0.5903
1006	0.5764	0.4036	1.0356	0.574	0.9249	0.5895
1007	0.5766	0.4021	1.0425	0.5739	0.931	0.5913
1008	0.5676	0.3944	1.0333	0.5643	0.9236	0.5845
1009	0.5669	0.3932	1.0322	0.5615	0.9242	0.5847
1010	0.5678	0.3936	1.0315	0.563	0.9225	0.5837
1011	0.5683	0.3944	1.0314	0.5651	0.92	0.5825
1012	0.57	0.3959	1.0389	0.5683	0.9235	0.5855
1013	0.5671	0.3933	1.0344	0.5643	0.9192	0.5834
1014	0.565	0.3918	1.034	0.5636	0.9225	0.5841
1015	0.5654	0.3928	1.0362	0.5657	0.9254	0.5861
1016	0.5664	0.3943	1.037	0.5657	0.9257	0.5855
1017	0.5649	0.3914	1.0289	0.5613	0.9214	0.5824
1018	0.5656	0.3929	1.0325	0.5641	0.9223	0.5853
1019	0.5653	0.3924	1.0279	0.5621	0.917	0.5817
1020	0.5661	0.3931	1.0292	0.5643	0.9182	0.5818
1021	0.5645	0.3922	1.0349	0.5639	0.9233	0.5834
1022	0.5701	0.3963	1.0366	0.5644	0.9253	0.5868
1023	0.5681	0.3944	1.0315	0.564	0.9234	0.585
1024	0.5641	0.3913	1.0353	0.5641	0.9225	0.5833
1025	0.5681	0.3945	1.0402	0.5676	0.9243	0.5866
1026	0.5624	0.39	1.0334	0.5622	0.9204	0.5829
1027	0.5627	0.3905	1.0324	0.5621	0.9202	0.583
1028	0.5622	0.3897	1.0293	0.5605	0.9179	0.5821
1029	0.5626	0.3901	1.0298	0.5606	0.9197	0.5832
1030	0.5629	0.3902	1.0299	0.5612	0.9197	0.5827
1031	0.5636	0.3907	1.0335	0.5619	0.9209	0.584
1032	0.5631	0.3908	1.0333	0.5622	0.9207	0.5824
1033	0.5631	0.3915	1.0331	0.5621	0.92	0.5824
1034	0.5639	0.3919	1.0384	0.564	0.9243	0.5863
1035	0.5646	0.3913	1.0297	0.5614	0.9206	0.5853
1036	0.5631	0.3907	1.0345	0.5655	0.9236	0.585
1037	0.5627	0.3901	1.0279	0.5617	0.9206	0.5819
1038	0.5613	0.3894	1.0348	0.5639	0.9231	0.5829
1039	0.5611	0.3891	1.0337	0.5627	0.9204	0.5829
1040	0.5624	0.3902	1.0339	0.5629	0.9192	0.5839
1041	0.5613	0.3889	1.0289	0.5626	0.9184	0.5829
1042	0.5651	0.3938	1.0296	0.5665	0.9209	0.5844
1043	0.5787	0.4051	1.0462	0.5777	0.9343	0.5966
1044	0.5631	0.3898	1.0287	0.5633	0.9188	0.5827
1045	0.5618	0.3896	1.0325	0.5648	0.9197	0.5822
1046	0.5639	0.3907	1.0333	0.5635	0.9206	0.5838
1047	0.562	0.3899	1.0291	0.5645	0.9198	0.5834
1048	0.5618	0.3893	1.0293	0.5639	0.9177	0.5825
1049	0.5745	0.4013	1.0401	0.5731	0.927	0.5919
1050	0.5791	0.4071	1.0409	0.5774	0.9303	0.597
1051	0.5616	0.3894	1.0299	0.5621	0.9206	0.5832
1052	0.5758	0.4049	1.0446	0.5788	0.932	0.5974
1053	0.5802	0.4086	1.0431	0.5784	0.9298	0.5988
1054	0.5602	0.3884	1.0341	0.5629	0.9202	0.5832
1055	0.5741	0.404	1.0408	0.5766	0.9295	0.5951
1056	0.5653	0.3948	1.0316	0.567	0.9186	0.5864
1057	0.5594	0.3882	1.0316	0.5626	0.9166	0.5817
1058	0.5594	0.3884	1.0336	0.5641	0.9191	0.5828
1059	0.5589	0.3879	1.0316	0.5612	0.9195	0.5826
1060	0.5592	0.3884	1.0317	0.5616	0.9177	0.5818
1061	0.561	0.3898	1.0345	0.5643	0.9186	0.5832
1062	0.5593	0.3879	1.0329	0.5633	0.9166	0.5809
1063	0.5585	0.3872	1.0336	0.5641	0.9181	0.5816
1064	0.5586	0.3875	1.0323	0.562	0.9203	0.5842
1065	0.5593	0.3886	1.0342	0.5636	0.9204	0.5841
1066	0.5627	0.3905	1.029	0.5632	0.918	0.583
1067	0.5593	0.3879	1.0295	0.5624	0.9172	0.5821
1068	0.5619	0.3907	1.0377	0.5657	0.9219	0.5866
1069	0.5603	0.3887	1.0296	0.5634	0.9165	0.5806
1070	0.5642	0.3933	1.0396	0.5711	0.9244	0.5872
1071	0.5593	0.3885	1.0322	0.5609	0.9194	0.5828
1072	0.562	0.3908	1.0265	0.5606	0.92	0.5846
1073	0.5719	0.402	1.0381	0.5739	0.9319	0.5945
1074	0.5665	0.3964	1.028	0.5663	0.9204	0.5879
1075	0.56	0.3894	1.0317	0.5628	0.919	0.5833
1076	0.5602	0.39	1.034	0.565	0.9232	0.5863
1077	0.5576	0.3869	1.0318	0.5614	0.9203	0.5828
1078	0.5583	0.3874	1.0313	0.562	0.9205	0.5836
1079	0.5599	0.3893	1.0376	0.5663	0.9251	0.5875
1080	0.5596	0.3895	1.0314	0.5639	0.919	0.5826
1081	0.5599	0.3882	1.0289	0.5617	0.9179	0.5822
1082	0.5574	0.3865	1.0319	0.5606	0.9197	0.5819
1083	0.5567	0.3858	1.0275	0.5588	0.9174	0.5804
1084	0.5566	0.3852	1.0273	0.5586	0.9174	0.5814
1085	0.5576	0.3857	1.0233	0.5581	0.9144	0.5803
1086	0.5577	0.387	1.0259	0.5629	0.9175	0.582
1087	0.5569	0.3862	1.0247	0.5598	0.9169	0.5809
1088	0.5576	0.387	1.0234	0.5592	0.9158	0.5806
1089	0.565	0.3942	1.0298	0.5678	0.9247	0.5876
1090	0.5569	0.3859	1.0229	0.5593	0.9186	0.5825
1091	0.5574	0.3862	1.0274	0.5592	0.9192	0.5831
1092	0.5581	0.3868	1.029	0.5628	0.9188	0.583
1093	0.5583	0.3882	1.0328	0.5663	0.9209	0.5834
1094	0.5566	0.3863	1.0331	0.5631	0.9187	0.5812
1095	0.5633	0.3921	1.0341	0.5663	0.9224	0.5858
1096	0.5596	0.3893	1.0274	0.5628	0.9198	0.5821
1097	0.5574	0.3867	1.0322	0.562	0.9221	0.5829
1098	0.5606	0.3892	1.03	0.5609	0.92	0.5844
1099	0.5562	0.3856	1.0292	0.5606	0.9201	0.5826
1100	0.5576	0.3863	1.0258	0.5607	0.9193	0.5833
1101	0.5585	0.3868	1.0268	0.56	0.9205	0.5834
1102	0.5567	0.3862	1.0314	0.5621	0.921	0.5832
1103	0.5559	0.3845	1.027	0.5602	0.9169	0.5807
1104	0.5553	0.3845	1.0295	0.5615	0.9202	0.5824
1105	0.5581	0.3884	1.036	0.5668	0.9246	0.5863
1106	0.555	0.3846	1.028	0.5609	0.9173	0.5809
1107	0.556	0.3854	1.0272	0.5598	0.9142	0.5794
1108	0.5576	0.3872	1.0301	0.5628	0.9193	0.5819
1109	0.5549	0.3841	1.0204	0.5587	0.9148	0.5785
1110	0.5551	0.385	1.0238	0.5597	0.918	0.5812
1111	0.5576	0.3865	1.0232	0.5606	0.92	0.5818
1112	0.5553	0.385	1.0271	0.562	0.9179	0.581
1113	0.5563	0.3862	1.0297	0.5622	0.918	0.5818
1114	0.5588	0.3872	1.0291	0.5618	0.9196	0.5833
1115	0.5557	0.385	1.0274	0.5606	0.9197	0.5825
1116	0.556	0.3858	1.0278	0.5622	0.9212	0.5828
1117	0.558	0.3893	1.0298	0.5639	0.922	0.5841
1118	0.5591	0.3888	1.0318	0.5645	0.9221	0.5857
1119	0.5557	0.3857	1.0272	0.5623	0.9193	0.5834
1120	0.5574	0.3874	1.0383	0.566	0.9232	0.5841
1121	0.5535	0.3841	1.0333	0.5627	0.9185	0.58
1122	0.5544	0.3838	1.0323	0.5625	0.9174	0.5807
1123	0.5539	0.3839	1.0375	0.5631	0.9201	0.5819
1124	0.5542	0.3842	1.0368	0.5629	0.9205	0.5821
1125	0.5526	0.3829	1.0304	0.5615	0.916	0.5805
1126	0.5542	0.3847	1.0352	0.5634	0.9186	0.582
1127	0.5546	0.3856	1.0366	0.5641	0.9201	0.5822
1128	0.5531	0.3833	1.0308	0.5585	0.9161	0.5796
1129	0.5522	0.3823	1.0315	0.5588	0.9158	0.5797
1130	0.5534	0.3829	1.031	0.5596	0.9157	0.5796
1131	0.5594	0.3903	1.0308	0.5664	0.9199	0.5853
1132	0.5606	0.3898	1.0351	0.5663	0.9238	0.587
1133	0.5535	0.3828	1.0234	0.5575	0.918	0.5819
1134	0.5561	0.3862	1.0289	0.5637	0.9232	0.5843
1135	0.5554	0.3848	1.0274	0.5608	0.9184	0.5806
1136	0.5576	0.3873	1.0341	0.5667	0.922	0.5842
1137	0.5567	0.3868	1.0337	0.5663	0.923	0.5851
1138	0.5549	0.3865	1.0284	0.5639	0.9186	0.5825
1139	0.556	0.3873	1.0283	0.5657	0.9205	0.5852
1140	0.5539	0.385	1.0263	0.5611	0.9179	0.5822
1141	0.5527	0.383	1.0232	0.5586	0.9141	0.5812
1142	0.5532	0.3842	1.027	0.5638	0.917	0.5827
1143	0.5523	0.3829	1.0232	0.5601	0.9128	0.5806
1144	0.5589	0.3899	1.0338	0.5671	0.9213	0.5879
1145	0.5521	0.3833	1.024	0.5604	0.9132	0.5805
1146	0.5527	0.3842	1.0268	0.5634	0.9172	0.583
1147	0.5525	0.3835	1.0244	0.5594	0.9143	0.5801
1148	0.5517	0.3822	1.0192	0.5576	0.9122	0.5794
1149	0.5512	0.3824	1.0216	0.559	0.9138	0.5807
1150	0.5617	0.393	1.0331	0.5698	0.9213	0.5878
1151	0.5557	0.3871	1.0232	0.5649	0.9113	0.5804
1152	0.5534	0.3843	1.0218	0.562	0.9093	0.579
1153	0.5569	0.3882	1.0309	0.5664	0.9185	0.585
1154	0.5519	0.3829	1.0185	0.5573	0.9135	0.5798
1155	0.5524	0.3839	1.0219	0.5605	0.9181	0.5833
1156	0.5518	0.3829	1.023	0.559	0.9171	0.5815
1157	0.5515	0.3824	1.0225	0.5581	0.9148	0.5809
1158	0.5505	0.382	1.0249	0.5606	0.9175	0.5822
1159	0.5646	0.3943	1.0328	0.5687	0.9267	0.5912
1160	0.5521	0.3828	1.0264	0.5588	0.9177	0.5822
1161	0.5524	0.3836	1.0274	0.5625	0.9185	0.5823
1162	0.5543	0.3867	1.0329	0.567	0.9216	0.5855
1163	0.5545	0.3865	1.024	0.563	0.9153	0.5813
1164	0.5568	0.3893	1.0314	0.5678	0.9218	0.5878
1165	0.5526	0.3851	1.0294	0.5639	0.9171	0.5813
1166	0.5506	0.3825	1.0271	0.5618	0.9161	0.5795
1167	0.5516	0.383	1.0297	0.5637	0.9198	0.5819
1168	0.5535	0.3834	1.0294	0.5599	0.918	0.581
1169	0.553	0.3829	1.031	0.5603	0.9201	0.5817
1170	0.5531	0.3841	1.034	0.5644	0.9211	0.5826
1171	0.5525	0.3833	1.0345	0.5615	0.9185	0.5823
1172	0.5548	0.386	1.0338	0.5626	0.9181	0.5806
1173	0.5574	0.3896	1.0327	0.5691	0.9194	0.5825
1174	0.5509	0.3823	1.0298	0.5605	0.9153	0.5793
1175	0.5517	0.3837	1.0311	0.561	0.9212	0.5818
1176	0.5501	0.3819	1.0242	0.5578	0.9189	0.5802
1177	0.5499	0.3817	1.0262	0.56	0.919	0.5815
1178	0.55	0.3813	1.0232	0.5579	0.9146	0.578
1179	0.5511	0.3831	1.024	0.5616	0.9153	0.5776
1180	0.5499	0.3817	1.0249	0.5616	0.9155	0.5795
1181	0.5505	0.3819	1.025	0.5592	0.9134	0.5788
1182	0.5498	0.3809	1.0256	0.5596	0.9149	0.5785
1183	0.5503	0.3823	1.0307	0.5641	0.9207	0.5813
1184	0.549	0.3805	1.0293	0.5619	0.9193	0.5819
1185	0.5521	0.3826	1.024	0.5597	0.9186	0.5832
1186	0.5488	0.3816	1.0318	0.5622	0.9227	0.5818
1187	0.5502	0.3812	1.0283	0.5595	0.9173	0.5809
1188	0.5481	0.3798	1.0237	0.5602	0.9149	0.5784
1189	0.5484	0.3804	1.0263	0.5605	0.9152	0.5792
1190	0.5488	0.3808	1.0288	0.5619	0.915	0.5792
1191	0.5496	0.3816	1.0282	0.5628	0.9145	0.5797
1192	0.5497	0.382	1.029	0.5623	0.9157	0.5794
1193	0.5485	0.3807	1.0279	0.5605	0.9158	0.5792
1194	0.5487	0.381	1.0284	0.5629	0.9145	0.5787
1195	0.5488	0.381	1.03	0.5613	0.9143	0.5784
1196	0.5498	0.3816	1.0272	0.561	0.9145	0.5786
1197	0.5484	0.3802	1.0252	0.5602	0.9159	0.5795
1198	0.548	0.3802	1.0278	0.5606	0.9175	0.5807
1199	0.5471	0.3802	1.0265	0.5595	0.917	0.5793
1200	0.5482	0.3804	1.023	0.5583	0.9174	0.5796
1201	0.5475	0.3801	1.0285	0.5594	0.9178	0.5799
1202	0.5497	0.382	1.0221	0.5584	0.9145	0.5797
1203	0.5524	0.3855	1.0299	0.5636	0.9224	0.5849
1204	0.5473	0.3799	1.0272	0.5582	0.9182	0.5812
1205	0.5466	0.3792	1.0223	0.5558	0.915	0.5804
1206	0.5535	0.3847	1.0213	0.5608	0.9165	0.5846
1207	0.5498	0.3824	1.0285	0.5637	0.919	0.5834
1208	0.5469	0.3799	1.0245	0.5582	0.9175	0.5803
1209	0.5469	0.3797	1.0225	0.5583	0.9172	0.5809
1210	0.5485	0.3812	1.0229	0.5579	0.9152	0.5803
1211	0.5526	0.3858	1.0324	0.5662	0.9224	0.5854
1212	0.5487	0.381	1.0237	0.5597	0.9168	0.5799
1213	0.5497	0.3827	1.0308	0.5609	0.9201	0.5829
1214	0.549	0.3813	1.0236	0.5562	0.9152	0.5809
1215	0.547	0.3802	1.0269	0.5591	0.9175	0.581
1216	0.5474	0.3803	1.0309	0.5608	0.9171	0.5799
1217	0.5483	0.38	1.0276	0.5598	0.9163	0.5811
1218	0.5484	0.3812	1.027	0.5626	0.9186	0.5815
1219	0.5466	0.3802	1.0245	0.5607	0.9169	0.58
1220	0.5497	0.3826	1.0286	0.5626	0.9191	0.5836
1221	0.5492	0.382	1.0289	0.5617	0.917	0.5821
1222	0.5482	0.3814	1.0251	0.562	0.9164	0.5811
1223	0.5559	0.3888	1.0292	0.5685	0.9205	0.5869
1224	0.5466	0.3805	1.0281	0.5599	0.9185	0.5821
1225	0.5495	0.3832	1.0323	0.5625	0.9229	0.5857
1226	0.5468	0.3814	1.0279	0.5624	0.9182	0.5809
1227	0.5506	0.3846	1.0303	0.5656	0.9212	0.585
1228	0.5475	0.3806	1.0225	0.5568	0.9117	0.5793
1229	0.548	0.3806	1.0246	0.5601	0.9133	0.5779
1230	0.5558	0.389	1.0285	0.5674	0.9189	0.5842
1231	0.5479	0.381	1.0254	0.5599	0.916	0.5814
1232	0.5557	0.3879	1.0271	0.5656	0.9167	0.5845
1233	0.5466	0.3801	1.0216	0.5614	0.9115	0.5774
1234	0.5596	0.394	1.0262	0.5708	0.9185	0.5868
1235	0.5466	0.3797	1.0225	0.5587	0.9138	0.5785
1236	0.5499	0.3832	1.0216	0.5613	0.9174	0.5825
1237	0.5484	0.3815	1.0228	0.5595	0.9172	0.58
1238	0.5491	0.3825	1.0235	0.563	0.9147	0.5807
1239	0.5476	0.3805	1.0214	0.5609	0.9119	0.5777
1240	0.5486	0.3827	1.0271	0.5644	0.9164	0.5808
1241	0.546	0.3801	1.0253	0.5612	0.9162	0.5804
1242	0.5453	0.3787	1.0237	0.5575	0.9143	0.5792
1243	0.5451	0.3783	1.021	0.5578	0.9131	0.5784
1244	0.5513	0.3844	1.024	0.5619	0.9171	0.5815
1245	0.5504	0.3842	1.0295	0.5657	0.9186	0.5834
1246	0.557	0.3913	1.0247	0.569	0.9153	0.5846
1247	0.5477	0.3814	1.0261	0.5645	0.913	0.5799
1248	0.5518	0.3841	1.0233	0.562	0.9126	0.5804
1249	0.5462	0.3802	1.0252	0.561	0.9143	0.5804
1250	0.5463	0.3802	1.0234	0.5585	0.9141	0.5794
1251	0.5516	0.3844	1.0233	0.5604	0.916	0.5802
1252	0.5459	0.3793	1.0203	0.5592	0.9143	0.5803
1253	0.5463	0.3796	1.023	0.5581	0.9153	0.5807
1254	0.5479	0.3808	1.0221	0.5602	0.9141	0.5805
1255	0.5465	0.3802	1.0282	0.5644	0.9144	0.581
1256	0.5482	0.3825	1.0264	0.5642	0.9146	0.5808
1257	0.5447	0.3784	1.0244	0.561	0.913	0.5783
1258	0.5468	0.3809	1.0286	0.5628	0.9149	0.5804
1259	0.5445	0.3785	1.0243	0.5594	0.9128	0.5771
1260	0.5438	0.3782	1.0241	0.5606	0.9155	0.5798
1261	0.5455	0.3808	1.0268	0.5608	0.9155	0.5808
1262	0.5502	0.3835	1.0279	0.5617	0.9169	0.5826
1263	0.5482	0.3819	1.0248	0.5624	0.9162	0.5831
1264	0.5471	0.3825	1.0232	0.5629	0.9166	0.5831
1265	0.5432	0.3775	1.0247	0.5604	0.9185	0.5827
1266	0.5429	0.3767	1.0227	0.5582	0.9173	0.5807
1267	0.5443	0.3791	1.0278	0.5625	0.9196	0.5832
1268	0.5428	0.3772	1.0247	0.5587	0.9134	0.5778
1269	0.5437	0.3774	1.0213	0.5583	0.9129	0.579
1270	0.5436	0.3782	1.0238	0.5619	0.9137	0.5795
1271	0.5432	0.3775	1.0198	0.5581	0.9106	0.5762
1272	0.5473	0.3818	1.0242	0.564	0.9164	0.5809
1273	0.5444	0.3789	1.0229	0.5614	0.913	0.5789
1274	0.5447	0.3786	1.0241	0.5631	0.914	0.5799
1275	0.5454	0.3803	1.0156	0.5595	0.91	0.5776
1276	0.5463	0.381	1.0211	0.5614	0.9157	0.5809
1277	0.5434	0.3777	1.0166	0.5587	0.9129	0.579
1278	0.5423	0.3775	1.0215	0.5589	0.9146	0.5781
1279	0.5434	0.3788	1.0265	0.5632	0.9178	0.5802
1280	0.5451	0.3802	1.0209	0.5622	0.9139	0.5805
1281	0.5446	0.3788	1.0215	0.5619	0.9136	0.5803
1282	0.5496	0.3836	1.027	0.5662	0.9206	0.5864
1283	0.542	0.3772	1.0217	0.5617	0.9181	0.5812
1284	0.5426	0.378	1.019	0.56	0.9159	0.5798
1285	0.5465	0.3803	1.0209	0.5622	0.9157	0.5819
1286	0.5445	0.3787	1.0214	0.56	0.9121	0.579
1287	0.5436	0.3788	1.0223	0.5601	0.914	0.5791
1288	0.5452	0.3809	1.0231	0.5621	0.9126	0.5791
1289	0.5423	0.3771	1.0237	0.5606	0.9114	0.5772
1290	0.5421	0.3766	1.0225	0.5613	0.9113	0.5772
1291	0.5479	0.3825	1.0245	0.5636	0.9132	0.58
1292	0.5472	0.3825	1.0219	0.5644	0.9117	0.5787
1293	0.5425	0.3767	1.0204	0.5585	0.914	0.5765
1294	0.5422	0.3763	1.0216	0.5565	0.9159	0.5767
1295	0.5429	0.3771	1.0229	0.5587	0.918	0.5798
1296	0.543	0.3769	1.018	0.5567	0.9136	0.5781
1297	0.5461	0.3811	1.0226	0.5643	0.9191	0.5834
1298	0.5447	0.379	1.0164	0.5618	0.9161	0.5808
1299	0.5442	0.3796	1.0186	0.5626	0.9138	0.5787
1300	0.5464	0.3807	1.0202	0.5638	0.9157	0.5788
1301	0.5454	0.379	1.0211	0.564	0.9149	0.5784
1302	0.5453	0.3798	1.0156	0.5595	0.9094	0.5758
1303	0.5457	0.3802	1.0178	0.5624	0.9136	0.5794
1304	0.5424	0.3779	1.0181	0.5597	0.9129	0.5772
1305	0.5465	0.3816	1.0215	0.5607	0.9148	0.5798
1306	0.5454	0.3815	1.0255	0.5652	0.9184	0.5829
1307	0.5457	0.3817	1.019	0.5611	0.9156	0.5822
1308	0.542	0.3774	1.0173	0.5595	0.9161	0.5817
1309	0.5427	0.379	1.0218	0.5634	0.9188	0.5827
1310	0.542	0.3778	1.0161	0.5583	0.9144	0.5779
1311	0.5409	0.3756	1.0159	0.5584	0.9135	0.5768
1312	0.5408	0.3756	1.0174	0.5591	0.9138	0.5777
1313	0.5436	0.3792	1.0199	0.5614	0.9165	0.5804
1314	0.542	0.377	1.0126	0.5583	0.9139	0.5788
1315	0.5404	0.3758	1.0148	0.559	0.9131	0.5768
1316	0.5395	0.3751	1.0157	0.5591	0.9125	0.5754
1317	0.5394	0.3748	1.0159	0.5594	0.9107	0.5756
1318	0.5404	0.3759	1.0178	0.5592	0.9105	0.5764
1319	0.5407	0.3762	1.0164	0.558	0.9088	0.575
1320	0.5407	0.3761	1.0212	0.5616	0.9131	0.5779
1321	0.5417	0.3766	1.0204	0.5602	0.9124	0.5767
1322	0.5403	0.3755	1.0202	0.561	0.9143	0.5769
1323	0.5413	0.3763	1.0164	0.5597	0.9151	0.578
1324	0.5413	0.377	1.0168	0.5597	0.9142	0.5774
1325	0.544	0.3796	1.0264	0.5641	0.919	0.5813
1326	0.5436	0.3796	1.0267	0.5651	0.9183	0.5819
1327	0.5397	0.3753	1.0197	0.5581	0.9119	0.5767
1328	0.5414	0.3762	1.0193	0.559	0.9138	0.5786
1329	0.5409	0.3766	1.0197	0.5609	0.9155	0.5784
1330	0.54	0.3751	1.0198	0.5578	0.9136	0.5779
1331	0.5427	0.3778	1.0235	0.5611	0.9167	0.5812
1332	0.541	0.3767	1.0226	0.5593	0.9175	0.5794
1333	0.5403	0.3762	1.014	0.5571	0.9112	0.5772
1334	0.5391	0.3748	1.0128	0.5579	0.9108	0.5782
1335	0.5402	0.3757	1.0127	0.5556	0.9102	0.578
1336	0.5462	0.3819	1.0225	0.5665	0.919	0.5859
1337	0.5403	0.3752	1.0138	0.556	0.9125	0.5765
1338	0.54	0.3752	1.0179	0.5589	0.9162	0.5791
1339	0.5418	0.3776	1.0109	0.5579	0.9129	0.5775
1340	0.5395	0.3751	1.0123	0.5589	0.9124	0.5766
1341	0.543	0.3786	1.0189	0.5628	0.9144	0.5793
1342	0.5399	0.3757	1.0163	0.5594	0.9124	0.5772
1343	0.5405	0.376	1.0119	0.5574	0.9141	0.5777
1344	0.5387	0.375	1.0136	0.5583	0.9171	0.5778
1345	0.5426	0.3789	1.0157	0.5606	0.9152	0.5797
1346	0.5437	0.3813	1.0121	0.5611	0.9111	0.5787
1347	0.5415	0.3772	1.0162	0.5603	0.9133	0.5789
1348	0.5397	0.3764	1.0165	0.5586	0.9161	0.578
1349	0.5406	0.3767	1.0142	0.559	0.9162	0.5784
1350	0.5438	0.3798	1.014	0.563	0.9132	0.5804
1351	0.5398	0.376	1.0113	0.5598	0.9085	0.5757
1352	0.5394	0.3754	1.0151	0.5587	0.9101	0.5739
1353	0.5398	0.3761	1.0194	0.5637	0.9131	0.5763
1354	0.5451	0.3814	1.0167	0.5628	0.9106	0.5776
1355	0.5389	0.3748	1.0186	0.5585	0.9127	0.5757
1356	0.5394	0.3756	1.0165	0.5597	0.9141	0.5764
1357	0.5385	0.3748	1.0155	0.5583	0.9139	0.5765
1358	0.5386	0.3746	1.0146	0.5598	0.9132	0.5785
1359	0.5458	0.3828	1.0108	0.5613	0.9131	0.5818
1360	0.5387	0.3755	1.0102	0.5594	0.9094	0.5754
1361	0.5385	0.3737	1.0072	0.5553	0.9058	0.574
1362	0.5427	0.3787	1.0163	0.5626	0.9135	0.5799
1363	0.5388	0.3757	1.01	0.5579	0.9094	0.575
1364	0.538	0.3743	1.0105	0.5584	0.9116	0.5755
1365	0.5475	0.3833	1.0225	0.5663	0.9189	0.5828
1366	0.5367	0.3724	1.0131	0.5574	0.9093	0.5741
1367	0.539	0.3752	1.0131	0.5609	0.9121	0.5758
1368	0.5402	0.3764	1.0177	0.5636	0.9212	0.581
1369	0.541	0.3763	1.018	0.5599	0.9176	0.5813
1370	0.5389	0.3741	1.0118	0.5561	0.9133	0.5777
1371	0.5373	0.3741	1.0193	0.5598	0.9156	0.577
1372	0.5378	0.3743	1.0166	0.5555	0.9119	0.5747
1373	0.5381	0.3748	1.0186	0.5598	0.9126	0.5772
1374	0.5406	0.3768	1.0193	0.5622	0.914	0.5787
1375	0.5368	0.3732	1.016	0.5598	0.9106	0.5744
1376	0.5365	0.3741	1.0205	0.5616	0.9134	0.5761
1377	0.5372	0.3739	1.0166	0.558	0.9112	0.5747
1378	0.5369	0.3746	1.022	0.5636	0.9141	0.5774
1379	0.5373	0.3745	1.0189	0.5605	0.9108	0.5752
1380	0.5363	0.3737	1.0207	0.5607	0.9102	0.5735
1381	0.5381	0.3754	1.0156	0.5586	0.9087	0.5749
1382	0.537	0.3729	1.0147	0.5565	0.9075	0.5739
1383	0.536	0.3731	1.017	0.5598	0.907	0.572
1384	0.5368	0.3742	1.0201	0.561	0.9099	0.575
1385	0.5388	0.3749	1.022	0.5589	0.9117	0.578
1386	0.5372	0.3734	1.0186	0.5585	0.9111	0.5769
1387	0.5384	0.3744	1.0259	0.5651	0.914	0.5761
1388	0.5376	0.3735	1.0242	0.561	0.9111	0.5747
1389	0.5378	0.3735	1.0174	0.5565	0.9103	0.5752
1390	0.5369	0.3739	1.0154	0.5573	0.9111	0.5752
1391	0.5348	0.3714	1.0197	0.5581	0.91	0.5735
1392	0.5359	0.3725	1.0215	0.559	0.91	0.5724
1393	0.5366	0.3726	1.0206	0.5603	0.909	0.5727
1394	0.5415	0.3772	1.0213	0.5611	0.9117	0.5782
1395	0.5377	0.3753	1.0264	0.5612	0.9158	0.5763
1396	0.5374	0.3737	1.0211	0.5581	0.9107	0.5739
1397	0.5369	0.3729	1.0209	0.5588	0.9093	0.5761
1398	0.544	0.3823	1.0211	0.5654	0.9131	0.582
1399	0.5378	0.3742	1.0202	0.5612	0.911	0.5752
1400	0.5433	0.3792	1.0212	0.564	0.9128	0.5789
1401	0.5466	0.3846	1.0197	0.5676	0.9141	0.5816
1402	0.5373	0.3744	1.0245	0.5638	0.9158	0.5778
1403	0.5362	0.3727	1.017	0.5568	0.9098	0.5744
1404	0.5346	0.3716	1.014	0.5567	0.9097	0.5746
1405	0.5449	0.3821	1.0231	0.5694	0.9186	0.5851
1406	0.5358	0.373	1.0149	0.5582	0.9119	0.5761
1407	0.5366	0.373	1.012	0.5576	0.9119	0.5764
1408	0.5368	0.3735	1.0167	0.5588	0.9137	0.5775
1409	0.5344	0.3717	1.0157	0.5578	0.9109	0.5741
1410	0.5348	0.3724	1.0164	0.5597	0.9132	0.5749
1411	0.5349	0.3711	1.0135	0.5568	0.9107	0.5759
1412	0.5368	0.3729	1.0194	0.5587	0.9137	0.5785
1413	0.5375	0.3749	1.0189	0.5607	0.9152	0.5786
1414	0.5364	0.3738	1.016	0.5592	0.9126	0.5771
1415	0.5382	0.3756	1.02	0.5605	0.9141	0.5795
1416	0.5379	0.3739	1.0194	0.5577	0.9122	0.5757
1417	0.5376	0.3751	1.0192	0.5626	0.9144	0.5785
1418	0.5338	0.3711	1.0144	0.5571	0.9091	0.5723
1419	0.5356	0.3737	1.0177	0.5603	0.9125	0.5756
1420	0.5347	0.3717	1.0152	0.5569	0.9121	0.5761
1421	0.5461	0.3828	1.0183	0.5648	0.9173	0.5831
1422	0.5359	0.374	1.015	0.562	0.9133	0.5767
1423	0.5347	0.373	1.015	0.5598	0.9108	0.5759
1424	0.5339	0.3716	1.0153	0.5573	0.9118	0.5766
1425	0.5347	0.3734	1.0119	0.5573	0.9111	0.5762
1426	0.5364	0.3742	1.0136	0.558	0.9105	0.5765
1427	0.5353	0.3726	1.0136	0.5575	0.9095	0.5762
1428	0.5357	0.3728	1.006	0.5554	0.9048	0.5741
1429	0.5343	0.3708	1.0063	0.5556	0.9056	0.5737
1430	0.534	0.3718	1.0134	0.5572	0.9065	0.5726
1431	0.5362	0.3745	1.0224	0.5629	0.9133	0.5767
1432	0.5373	0.375	1.0166	0.5591	0.9112	0.576
1433	0.534	0.3712	1.0132	0.5558	0.9092	0.5745
1434	0.5343	0.3717	1.0141	0.5557	0.9095	0.574
1435	0.5335	0.3717	1.0168	0.5601	0.9118	0.5766
1436	0.533	0.3715	1.018	0.56	0.911	0.5753
1437	0.5348	0.3729	1.0218	0.5623	0.9169	0.5793
1438	0.5333	0.3711	1.0109	0.5571	0.9117	0.5749
1439	0.5342	0.3729	1.0179	0.5623	0.9154	0.5769
1440	0.5369	0.3768	1.0157	0.5622	0.9114	0.5776
1441	0.5338	0.3719	1.0162	0.5616	0.9113	0.5747
1442	0.5346	0.372	1.0105	0.5577	0.9093	0.5738
1443	0.5335	0.3716	1.0134	0.5591	0.9118	0.5774
1444	0.5318	0.3697	1.0141	0.5575	0.9116	0.5749
1445	0.5323	0.3702	1.0159	0.5585	0.9113	0.5741
1446	0.5332	0.3709	1.0179	0.5586	0.9125	0.576
1447	0.5334	0.3715	1.0151	0.5556	0.9119	0.5757
1448	0.533	0.3715	1.0133	0.5555	0.9111	0.5744
1449	0.5342	0.3723	1.0109	0.5549	0.9084	0.5755
1450	0.5335	0.3708	1.0111	0.5574	0.9069	0.5737
1451	0.5321	0.3698	1.0134	0.5574	0.909	0.5752
1452	0.533	0.3716	1.0175	0.5599	0.9141	0.5778
1453	0.5318	0.3708	1.0149	0.5562	0.9129	0.5751
1454	0.5331	0.3723	1.0161	0.5593	0.9141	0.577
1455	0.5334	0.3713	1.0132	0.5559	0.9115	0.5748
1456	0.5314	0.37	1.0156	0.5563	0.9127	0.5756
1457	0.5315	0.3697	1.013	0.5558	0.9115	0.5756
1458	0.5318	0.3712	1.0111	0.5574	0.9105	0.575
1459	0.5311	0.3701	1.0132	0.5566	0.9108	0.5751
1460	0.5319	0.3708	1.0106	0.5553	0.9078	0.5741
1461	0.5315	0.3707	1.0147	0.5589	0.911	0.5759
1462	0.5326	0.3718	1.0126	0.558	0.9112	0.5751
1463	0.5358	0.3743	1.013	0.5599	0.9142	0.5788
1464	0.5318	0.371	1.0166	0.5565	0.9111	0.5758
1465	0.534	0.3745	1.0189	0.5624	0.9102	0.5763
1466	0.5342	0.3731	1.0167	0.5619	0.912	0.5768
1467	0.5327	0.3712	1.0163	0.5584	0.91	0.5754
1468	0.5356	0.3762	1.0181	0.5632	0.9109	0.5772
1469	0.5322	0.3714	1.0121	0.5578	0.9086	0.5748
1470	0.5317	0.3705	1.0129	0.5582	0.9081	0.5762
1471	0.533	0.3715	1.0117	0.5586	0.9071	0.5746
1472	0.5342	0.3733	1.0108	0.5602	0.9076	0.5762
1473	0.5317	0.3705	1.0129	0.5572	0.9082	0.5752
1474	0.5304	0.3696	1.0139	0.5575	0.9087	0.5761
1475	0.53	0.3689	1.0091	0.5556	0.9081	0.5746
1476	0.5306	0.3704	1.0146	0.5595	0.9115	0.576
1477	0.5335	0.3719	1.0142	0.5577	0.9103	0.5782
1478	0.5314	0.3696	1.0087	0.5549	0.9066	0.5731
1479	0.5413	0.3803	1.0238	0.5697	0.9178	0.5832
1480	0.5304	0.3695	1.0111	0.5558	0.9064	0.573
1481	0.531	0.3696	1.0132	0.5558	0.9094	0.5762
1482	0.5318	0.371	1.0129	0.5585	0.91	0.5748
1483	0.5383	0.3775	1.0187	0.5645	0.9158	0.5798
1484	0.5312	0.3702	1.0108	0.5578	0.9063	0.5731
1485	0.5316	0.3691	1.0127	0.5556	0.9063	0.5731
1486	0.5308	0.369	1.015	0.558	0.9083	0.5728
1487	0.5319	0.3708	1.0099	0.5575	0.9084	0.5732
1488	0.5311	0.37	1.0136	0.558	0.912	0.5754
1489	0.5331	0.3707	1.0124	0.5554	0.9094	0.5746
1490	0.5302	0.3691	1.0161	0.5588	0.9075	0.5722
1491	0.5337	0.3726	1.0095	0.5577	0.9067	0.5729
1492	0.5304	0.3686	1.0082	0.5537	0.9065	0.5731
1493	0.531	0.3705	1.0098	0.5564	0.9054	0.5724
1494	0.5308	0.3701	1.0074	0.5575	0.9043	0.5715
1495	0.5292	0.3683	1.0102	0.557	0.9036	0.5704
1496	0.5359	0.3744	1.0168	0.5621	0.9076	0.5756
1497	0.5305	0.3707	1.0103	0.559	0.9075	0.5735
1498	0.531	0.3702	1.0048	0.5553	0.9042	0.5722
1499	0.5296	0.3697	1.0097	0.5556	0.905	0.5719
