epoch:	train_RMSD:	train_MAE:	val_RMSD:	val_MAE:	test_RMSD:	test_MAE:
0	5.9433	5.2875	6.0967	5.474	6.0625	5.4163
1	4.0146	3.212	4.1264	3.3339	4.0392	3.2535
2	4.1368	3.286	4.1417	3.2757	4.0561	3.2596
3	3.6428	2.9159	3.7354	3.0137	3.6662	2.9579
4	3.2808	2.626	3.3247	2.668	3.258	2.6428
5	3.0516	2.4685	3.0829	2.4873	3.0066	2.4841
6	3.0039	2.4372	3.0322	2.4424	2.9431	2.4341
7	2.9367	2.3852	2.9691	2.3953	2.8792	2.3872
8	2.799	2.2265	2.8142	2.2259	2.7242	2.2212
9	2.6111	2.0417	2.6212	2.0461	2.5371	2.0378
10	2.4414	1.871	2.4419	1.8609	2.373	1.8518
11	2.3882	1.8235	2.3852	1.8116	2.3386	1.8028
12	2.3745	1.8019	2.3688	1.7864	2.3268	1.7776
13	2.3615	1.7983	2.3539	1.781	2.3118	1.773
14	2.3459	1.7562	2.3255	1.7318	2.2811	1.7267
15	2.3347	1.7602	2.3236	1.7418	2.2727	1.7344
16	2.3272	1.7735	2.3275	1.76	2.2733	1.7534
17	2.3092	1.7347	2.304	1.7196	2.2492	1.7122
18	2.2947	1.7093	2.2896	1.6956	2.2325	1.6864
19	2.2724	1.6984	2.272	1.6877	2.2119	1.6782
20	2.2575	1.7192	2.2743	1.7205	2.2056	1.7034
21	2.2175	1.6437	2.2241	1.6355	2.1516	1.6232
22	2.1762	1.6058	2.1927	1.6029	2.108	1.586
23	2.1293	1.5654	2.149	1.5634	2.0598	1.546
24	2.1065	1.5872	2.1344	1.5968	2.0477	1.5688
25	2.0619	1.5365	2.0723	1.5318	1.9961	1.507
26	2.016	1.4743	2.0109	1.4559	1.9427	1.4426
27	2.0033	1.4425	1.9852	1.4073	1.9242	1.4072
28	1.9376	1.4037	1.922	1.3755	1.8685	1.3752
29	1.9054	1.417	1.894	1.3998	1.8545	1.3919
30	1.8757	1.3618	1.8427	1.3207	1.8121	1.3339
31	1.8136	1.3301	1.7802	1.2975	1.7591	1.3024
32	1.8014	1.352	1.7788	1.3362	1.7605	1.3299
33	1.7499	1.2831	1.7146	1.2453	1.7012	1.2548
34	1.729	1.2653	1.6971	1.231	1.6858	1.2431
35	1.7555	1.3178	1.7481	1.3174	1.7319	1.3071
36	1.6753	1.2331	1.6572	1.2049	1.6437	1.217
37	1.6774	1.233	1.6529	1.193	1.6423	1.2151
38	1.641	1.2097	1.6268	1.1764	1.6112	1.1957
39	1.6147	1.1935	1.6058	1.1644	1.5905	1.1867
40	1.6207	1.1964	1.6053	1.1546	1.5935	1.189
41	1.622	1.2198	1.6308	1.2244	1.6097	1.2195
42	1.5802	1.1696	1.5821	1.1513	1.5565	1.1623
43	1.5607	1.154	1.5665	1.1341	1.5372	1.1519
44	1.5434	1.1522	1.5566	1.1462	1.533	1.1559
45	1.56	1.1526	1.5784	1.1453	1.5345	1.1489
46	1.5132	1.1258	1.5384	1.123	1.5004	1.1282
47	1.5007	1.1136	1.5258	1.1118	1.4891	1.1184
48	1.4851	1.1017	1.5226	1.1078	1.4789	1.1084
49	1.4889	1.1075	1.5185	1.1115	1.486	1.1134
50	1.6237	1.2055	1.6383	1.1846	1.5825	1.1944
51	1.4797	1.0955	1.5114	1.1023	1.4661	1.0974
52	1.4945	1.1006	1.5232	1.0974	1.4777	1.104
53	1.452	1.0663	1.5009	1.0759	1.4489	1.0751
54	1.5123	1.1394	1.553	1.1649	1.529	1.1541
55	1.4719	1.0968	1.5172	1.1176	1.478	1.1072
56	1.4385	1.0536	1.4868	1.059	1.4285	1.0614
57	1.4197	1.0444	1.4754	1.063	1.4249	1.0546
58	1.4047	1.0272	1.4649	1.0474	1.4065	1.0364
59	1.4074	1.0351	1.4654	1.0606	1.4146	1.0471
60	1.4054	1.0262	1.4653	1.042	1.3991	1.0329
61	1.3912	1.0215	1.4557	1.0518	1.4088	1.0367
62	1.4047	1.0256	1.4626	1.0369	1.394	1.0303
63	1.3779	1.0071	1.441	1.0385	1.3812	1.0179
64	1.4343	1.0729	1.4936	1.1132	1.458	1.0864
65	1.4063	1.0408	1.4725	1.0808	1.4326	1.0588
66	1.3713	1.0003	1.4306	1.0158	1.3784	1.0089
67	1.3892	1.0272	1.4546	1.0624	1.4144	1.043
68	1.3723	0.9987	1.4346	1.0165	1.3686	1.0073
69	1.3564	0.9838	1.4198	1.0048	1.3594	0.9932
70	1.3855	1.0251	1.4521	1.0627	1.4154	1.0483
71	1.3442	0.9755	1.4096	0.9962	1.354	0.9891
72	1.3411	0.9759	1.409	0.9998	1.3539	0.9918
73	1.3472	0.9885	1.4172	1.0245	1.3794	1.0116
74	1.3482	0.9817	1.4137	0.9989	1.3527	0.9881
75	1.321	0.9621	1.3924	0.9977	1.3438	0.9792
76	1.3298	0.9754	1.3973	1.0056	1.3524	0.9877
77	1.3539	0.9856	1.4205	1.0054	1.3554	0.994
78	1.3194	0.9617	1.3943	0.9998	1.3538	0.9895
79	1.3011	0.9438	1.3729	0.9746	1.331	0.9658
80	1.2953	0.9385	1.3725	0.9696	1.3216	0.959
81	1.2943	0.9407	1.3699	0.9741	1.3271	0.9623
82	1.2929	0.936	1.3664	0.9616	1.3116	0.953
83	1.3058	0.9586	1.3833	0.997	1.3467	0.9825
84	1.3055	0.948	1.3808	0.9692	1.3228	0.9635
85	1.3135	0.9661	1.3959	1.0136	1.3617	0.9994
86	1.276	0.925	1.3646	0.9649	1.3163	0.9526
87	1.2736	0.9217	1.358	0.9512	1.3014	0.943
88	1.2606	0.9131	1.3514	0.9512	1.3049	0.9403
89	1.3	0.9446	1.3719	0.9694	1.3143	0.9556
90	1.2868	0.9449	1.3759	0.9876	1.3311	0.9665
91	1.2537	0.9074	1.3454	0.9388	1.2918	0.9306
92	1.3055	0.9665	1.3991	1.0222	1.3638	1.0034
93	1.2606	0.9186	1.3524	0.9672	1.3058	0.9469
94	1.2561	0.9147	1.3486	0.9489	1.2898	0.9349
95	1.2456	0.904	1.3408	0.951	1.2962	0.9343
96	1.2365	0.8953	1.3306	0.9324	1.2751	0.9186
97	1.2223	0.8818	1.3241	0.9273	1.2739	0.9122
98	1.2189	0.8792	1.3195	0.9234	1.2644	0.9056
99	1.2199	0.8872	1.3229	0.9345	1.2712	0.9119
100	1.2097	0.876	1.3164	0.9223	1.2625	0.9016
101	1.2115	0.8743	1.3185	0.9234	1.263	0.9017
102	1.204	0.873	1.3102	0.9203	1.2629	0.9016
103	1.1942	0.8633	1.3	0.908	1.2486	0.8907
104	1.1978	0.8669	1.3034	0.9105	1.248	0.8929
105	1.2011	0.874	1.3107	0.9257	1.2605	0.8992
106	1.1907	0.8658	1.2982	0.9109	1.237	0.8868
107	1.179	0.8519	1.2984	0.9016	1.2497	0.8857
108	1.1756	0.8516	1.2814	0.8973	1.2245	0.8771
109	1.1754	0.8509	1.2871	0.8945	1.2267	0.8764
110	1.1635	0.8381	1.2819	0.8871	1.2269	0.8707
111	1.1626	0.8438	1.2736	0.8924	1.2256	0.8741
112	1.1673	0.8465	1.2881	0.8958	1.2296	0.8785
113	1.1597	0.8449	1.2685	0.8904	1.2234	0.8755
114	1.1496	0.8263	1.2704	0.8779	1.2169	0.8593
115	1.1457	0.8249	1.2655	0.8763	1.2155	0.8578
116	1.1462	0.835	1.257	0.8785	1.2109	0.8668
117	1.1348	0.8186	1.2574	0.8688	1.2038	0.8539
118	1.1346	0.8263	1.2534	0.8719	1.2106	0.8634
119	1.127	0.8113	1.2521	0.866	1.1953	0.8459
120	1.1254	0.8116	1.2479	0.8622	1.2007	0.8501
121	1.1402	0.8213	1.2588	0.8642	1.2077	0.8568
122	1.1305	0.8195	1.2552	0.8735	1.2092	0.859
123	1.1926	0.8892	1.2878	0.9124	1.2486	0.9095
124	1.1285	0.8161	1.2576	0.8704	1.2165	0.8561
125	1.1177	0.8056	1.2341	0.8511	1.1852	0.8435
126	1.1111	0.8034	1.2333	0.852	1.1914	0.8427
127	1.1337	0.8224	1.2626	0.8764	1.2179	0.8623
128	1.1383	0.841	1.249	0.8751	1.2063	0.8722
129	1.123	0.8172	1.2513	0.8709	1.2173	0.8624
130	1.1026	0.7958	1.2243	0.843	1.1819	0.8379
131	1.0995	0.7965	1.2336	0.8514	1.1907	0.8407
132	1.1075	0.8079	1.237	0.8552	1.1856	0.8475
133	1.1061	0.8026	1.234	0.8584	1.1908	0.8446
134	1.1113	0.8019	1.2339	0.8471	1.1899	0.842
135	1.0853	0.7839	1.2139	0.832	1.1718	0.8272
136	1.0936	0.7908	1.2206	0.8442	1.1862	0.836
137	1.0956	0.7998	1.2255	0.8441	1.1794	0.8407
138	1.0924	0.791	1.2253	0.8449	1.1821	0.8347
139	1.1031	0.804	1.228	0.8478	1.1822	0.8436
140	1.0863	0.7919	1.2176	0.8358	1.1722	0.8292
141	1.077	0.782	1.2157	0.8336	1.1735	0.8275
142	1.0678	0.7692	1.2123	0.8223	1.1614	0.8123
143	1.0681	0.768	1.21	0.8267	1.1611	0.8136
144	1.0736	0.7732	1.2125	0.8229	1.165	0.8197
145	1.0638	0.7701	1.1998	0.8165	1.1566	0.8147
146	1.1248	0.8318	1.2559	0.8925	1.2226	0.8813
147	1.1492	0.8584	1.2695	0.8881	1.2204	0.8898
148	1.0774	0.7822	1.2142	0.8332	1.1803	0.8302
149	1.0668	0.7683	1.2109	0.816	1.1614	0.8138
150	1.0534	0.7587	1.1888	0.8068	1.1449	0.8015
151	1.0494	0.7574	1.195	0.8089	1.1517	0.8046
152	1.0786	0.7848	1.2219	0.839	1.1902	0.8371
153	1.0628	0.7741	1.2053	0.8198	1.1502	0.8123
154	1.0558	0.7639	1.2021	0.8186	1.1683	0.8135
155	1.0453	0.7511	1.1878	0.8035	1.1405	0.7949
156	1.0516	0.7617	1.2	0.8102	1.1538	0.8085
157	1.0417	0.7505	1.1847	0.8012	1.1442	0.7957
158	1.0586	0.7692	1.2	0.8131	1.1567	0.8156
159	1.0325	0.7421	1.1846	0.7956	1.1393	0.7892
160	1.029	0.7405	1.1805	0.7903	1.1336	0.7863
161	1.0519	0.768	1.2025	0.8167	1.1506	0.8135
162	1.0505	0.762	1.1989	0.8194	1.1606	0.8121
163	1.028	0.7363	1.1754	0.786	1.1355	0.7846
164	1.0279	0.7339	1.1751	0.7836	1.117	0.7739
165	1.0272	0.7382	1.1811	0.793	1.1394	0.7867
166	1.02	0.7314	1.1733	0.7846	1.1234	0.7767
167	1.0196	0.7336	1.1752	0.7869	1.1368	0.7823
168	1.0187	0.73	1.171	0.7797	1.1258	0.7788
169	1.0292	0.7442	1.1831	0.8011	1.138	0.7936
170	1.0507	0.7633	1.2041	0.8097	1.1536	0.8101
171	1.0112	0.7245	1.169	0.7806	1.1217	0.7734
172	1.0211	0.7402	1.1788	0.7904	1.124	0.782
173	1.0073	0.724	1.1604	0.7764	1.1186	0.7726
174	1.0069	0.7212	1.1701	0.7738	1.1178	0.7672
175	1.0497	0.7661	1.2091	0.8146	1.1508	0.8115
176	1.0055	0.7273	1.1746	0.7851	1.1238	0.7768
177	1.0284	0.7501	1.1907	0.7999	1.1229	0.787
178	0.9971	0.715	1.1597	0.7704	1.1128	0.7655
179	1.0458	0.7686	1.2056	0.8135	1.1467	0.8098
180	0.9978	0.7149	1.1655	0.7699	1.1042	0.7573
181	1.0007	0.7176	1.1612	0.7678	1.1166	0.7695
182	0.9949	0.7078	1.16	0.7603	1.1032	0.7538
183	1.0024	0.7198	1.1727	0.7765	1.1252	0.7735
184	1.0365	0.7549	1.1891	0.7994	1.1304	0.7985
185	1.0665	0.7876	1.2257	0.8421	1.1847	0.8391
186	1.0223	0.7503	1.1814	0.7966	1.1257	0.7909
187	0.9919	0.7105	1.1693	0.772	1.1137	0.7602
188	0.9863	0.7052	1.1514	0.759	1.0953	0.7552
189	0.9842	0.7001	1.1652	0.7543	1.1041	0.7508
190	0.9867	0.7046	1.1601	0.7584	1.0966	0.7521
191	0.9875	0.711	1.1687	0.7716	1.1162	0.7641
192	0.9826	0.7053	1.1559	0.7603	1.0921	0.7511
193	0.9736	0.6923	1.1511	0.7472	1.0847	0.7385
194	0.971	0.6928	1.1505	0.7524	1.0914	0.7427
195	0.9729	0.6955	1.1503	0.7563	1.0954	0.7484
196	0.9672	0.692	1.1523	0.7499	1.0931	0.7423
197	0.9666	0.6917	1.1524	0.7511	1.0915	0.7424
198	0.9658	0.686	1.1446	0.7451	1.084	0.7394
199	0.9719	0.6899	1.1569	0.7478	1.09	0.7437
200	0.9709	0.6949	1.1559	0.7556	1.0852	0.7431
201	0.9734	0.7028	1.1593	0.7629	1.0987	0.7527
202	0.962	0.6839	1.1606	0.7442	1.1002	0.7404
203	0.9761	0.7042	1.1553	0.758	1.0911	0.753
204	0.9524	0.6748	1.1479	0.7369	1.0792	0.7262
205	0.9577	0.6836	1.1365	0.7423	1.0743	0.7369
206	0.9737	0.7007	1.162	0.7656	1.1101	0.7609
207	0.95	0.6764	1.1373	0.7361	1.0717	0.7268
208	0.9816	0.7078	1.1557	0.7609	1.0897	0.7596
209	0.946	0.6727	1.1389	0.7368	1.069	0.7227
210	0.9446	0.6723	1.1468	0.7371	1.0826	0.7283
211	0.9438	0.6713	1.1313	0.7341	1.0685	0.7275
212	0.9412	0.6675	1.1459	0.7278	1.0823	0.7263
213	1.0175	0.7565	1.1919	0.8053	1.1147	0.8025
214	1.0738	0.8055	1.2536	0.8519	1.218	0.8617
215	1.0695	0.8052	1.2232	0.8545	1.1866	0.8588
216	0.9555	0.6869	1.1432	0.7489	1.0842	0.7477
217	1.0319	0.7608	1.2085	0.8073	1.1335	0.8096
218	0.989	0.7241	1.1586	0.7778	1.1155	0.7813
219	0.9469	0.6779	1.1347	0.7346	1.0824	0.7384
220	0.959	0.6906	1.149	0.746	1.0796	0.7444
221	0.9346	0.6643	1.1338	0.7262	1.0711	0.7232
222	0.941	0.6747	1.1437	0.734	1.0773	0.7311
223	0.9403	0.6726	1.1462	0.7344	1.0779	0.7305
224	0.9496	0.6831	1.151	0.7461	1.0848	0.7389
225	0.9497	0.682	1.1483	0.7382	1.0777	0.7406
226	0.9401	0.6725	1.1369	0.7343	1.0728	0.7284
227	0.9267	0.658	1.1297	0.7172	1.0621	0.7195
228	0.9579	0.6988	1.1519	0.761	1.0939	0.759
229	0.9408	0.6742	1.1559	0.7363	1.0732	0.7322
230	0.9811	0.7178	1.1737	0.775	1.1178	0.7724
231	0.9858	0.7225	1.191	0.7837	1.1012	0.7745
232	0.949	0.6881	1.1406	0.7495	1.088	0.7488
233	0.9563	0.6795	1.1413	0.736	1.065	0.7379
234	0.9238	0.6555	1.1359	0.7172	1.0728	0.7205
235	0.923	0.6589	1.1337	0.7235	1.0679	0.7186
236	0.9189	0.6536	1.1224	0.7174	1.0622	0.7177
237	0.9761	0.719	1.1853	0.7812	1.1033	0.7765
238	0.9608	0.7009	1.1548	0.7638	1.0997	0.7598
239	0.9765	0.706	1.1712	0.7594	1.0892	0.7602
240	0.9364	0.6747	1.1392	0.7349	1.0789	0.732
241	0.9324	0.6667	1.1392	0.7239	1.0713	0.7285
242	0.9103	0.6453	1.115	0.7092	1.0411	0.7051
243	0.9124	0.6454	1.139	0.7127	1.0641	0.7047
244	0.9094	0.6428	1.1234	0.7094	1.0635	0.7084
245	0.9122	0.6453	1.1335	0.7096	1.0499	0.7074
246	0.9054	0.644	1.1289	0.7075	1.0587	0.7085
247	0.9044	0.6427	1.1171	0.7085	1.0458	0.7069
248	0.9004	0.6369	1.1169	0.702	1.0483	0.7008
249	0.9013	0.6403	1.1153	0.7044	1.0337	0.7014
250	0.8972	0.6354	1.1208	0.7012	1.0519	0.7016
251	0.9012	0.6368	1.1188	0.6998	1.0461	0.7005
252	0.9143	0.6565	1.1329	0.7234	1.0681	0.7301
253	0.9079	0.65	1.1353	0.7154	1.071	0.7113
254	0.9312	0.6767	1.1439	0.7362	1.073	0.7445
255	0.9062	0.6473	1.1211	0.7116	1.0551	0.709
256	0.9112	0.6532	1.124	0.7158	1.0596	0.7215
257	0.8913	0.6317	1.1152	0.6996	1.0508	0.7008
258	0.8951	0.6347	1.1128	0.6989	1.0498	0.7035
259	0.903	0.6412	1.1307	0.707	1.0541	0.7069
260	0.9157	0.6621	1.1403	0.7275	1.0812	0.73
261	0.8945	0.6382	1.1206	0.7049	1.0469	0.6981
262	0.8995	0.6385	1.1294	0.7075	1.055	0.7079
263	0.8883	0.6304	1.1111	0.6989	1.0439	0.6984
264	0.8855	0.6251	1.1074	0.6899	1.035	0.6926
265	0.885	0.6274	1.1126	0.6933	1.0433	0.6966
266	0.8796	0.6234	1.1129	0.6918	1.0386	0.6916
267	0.8804	0.6206	1.1104	0.6865	1.0485	0.6936
268	0.8861	0.6316	1.1167	0.7011	1.0475	0.7029
269	0.8879	0.6278	1.1192	0.6949	1.0457	0.6991
270	0.8948	0.6425	1.1166	0.7055	1.0574	0.7123
271	0.8775	0.6206	1.1086	0.6901	1.0396	0.6891
272	0.8959	0.6418	1.1285	0.7071	1.0729	0.7101
273	0.933	0.6795	1.1469	0.7423	1.0648	0.7421
274	0.913	0.6641	1.1334	0.727	1.0737	0.7263
275	0.8896	0.63	1.1078	0.6945	1.0391	0.6981
276	0.879	0.6196	1.1041	0.688	1.0337	0.6886
277	0.9104	0.6604	1.1355	0.7251	1.0863	0.7275
278	0.9111	0.6586	1.1378	0.7296	1.0587	0.7297
279	0.8849	0.6306	1.1266	0.6999	1.0657	0.6972
280	0.8767	0.6195	1.0994	0.6847	1.0291	0.6909
281	0.8807	0.6245	1.1145	0.6905	1.0385	0.688
282	0.8758	0.6228	1.1065	0.6885	1.0454	0.6976
283	0.8774	0.6203	1.103	0.6879	1.022	0.6904
284	0.9518	0.7013	1.179	0.7642	1.1241	0.7624
285	0.9089	0.6595	1.1302	0.7218	1.0552	0.7269
286	0.9042	0.6556	1.1354	0.7239	1.0776	0.725
287	0.894	0.6367	1.1064	0.6974	1.0313	0.7016
288	0.8815	0.6283	1.1147	0.6976	1.049	0.7018
289	0.9245	0.684	1.157	0.7531	1.0783	0.751
290	0.8972	0.6465	1.1342	0.7104	1.0705	0.7135
291	0.9192	0.6687	1.1247	0.7283	1.0494	0.7335
292	0.865	0.6076	1.1236	0.677	1.0525	0.6813
293	0.8942	0.6383	1.1142	0.702	1.0356	0.7024
294	0.8813	0.6285	1.137	0.7008	1.0671	0.7003
295	0.8915	0.6454	1.1159	0.7155	1.0358	0.7136
296	0.8879	0.6413	1.1265	0.7093	1.0692	0.7156
297	0.8925	0.6365	1.1113	0.7011	1.0428	0.7061
298	0.8811	0.6298	1.117	0.6992	1.0435	0.7044
299	0.894	0.6518	1.1286	0.7235	1.0579	0.7216
300	0.8727	0.6239	1.1209	0.6952	1.0495	0.6951
301	0.8757	0.6289	1.1171	0.6983	1.0342	0.7004
302	0.8709	0.6225	1.1226	0.6944	1.063	0.6984
303	0.8584	0.6064	1.0929	0.6803	1.0145	0.6767
304	0.8871	0.6347	1.1307	0.7034	1.0473	0.7092
305	0.9117	0.667	1.1469	0.7318	1.0788	0.7317
306	0.8841	0.636	1.119	0.7025	1.0398	0.7091
307	0.8667	0.622	1.1037	0.6925	1.0359	0.6942
308	0.8523	0.602	1.1004	0.676	1.0319	0.6806
309	0.8623	0.6148	1.1044	0.6826	1.0306	0.6881
310	0.854	0.6055	1.1191	0.6858	1.0323	0.6766
311	0.847	0.5971	1.0979	0.6725	1.024	0.6755
312	0.8456	0.5973	1.1001	0.6753	1.0238	0.6721
313	0.8439	0.5951	1.1054	0.6702	1.0242	0.6733
314	0.8602	0.6116	1.1121	0.6905	1.015	0.6834
315	0.8454	0.5983	1.1142	0.6779	1.0358	0.674
316	0.8832	0.6376	1.1277	0.7102	1.0529	0.7131
317	0.8629	0.6191	1.1306	0.6921	1.0547	0.6913
318	0.8511	0.6073	1.1086	0.68	1.0295	0.685
319	0.8721	0.6291	1.1336	0.7027	1.0707	0.7062
320	0.8606	0.6165	1.1164	0.6979	1.0286	0.6948
321	0.8491	0.6038	1.1242	0.6848	1.0477	0.6821
322	0.8358	0.59	1.0939	0.6697	1.011	0.6686
323	0.8364	0.5893	1.112	0.6675	1.0397	0.6759
324	0.8601	0.6176	1.1156	0.6896	1.0496	0.6974
325	0.8586	0.615	1.1272	0.6953	1.0361	0.6912
326	0.8775	0.6371	1.1369	0.7116	1.0679	0.7123
327	0.8809	0.6449	1.1352	0.7221	1.0467	0.7223
328	0.8528	0.6115	1.1142	0.6856	1.0496	0.6928
329	0.8873	0.6392	1.1366	0.7089	1.0461	0.713
330	0.8459	0.6043	1.1051	0.6768	1.0338	0.6855
331	0.8335	0.5893	1.094	0.6707	1.0096	0.6668
332	0.8297	0.5855	1.1023	0.6683	1.0214	0.6628
333	0.8335	0.5887	1.092	0.6653	1.0139	0.674
334	0.8448	0.6051	1.1267	0.6884	1.046	0.6842
335	0.8253	0.5808	1.1001	0.661	1.019	0.665
336	0.8312	0.5898	1.0997	0.6718	1.0285	0.6736
337	0.8325	0.5871	1.1146	0.6734	1.0248	0.6628
338	0.8501	0.6083	1.102	0.6842	1.0189	0.6892
339	0.8339	0.5866	1.1302	0.6723	1.0515	0.6668
340	0.8299	0.5886	1.0786	0.6639	1.001	0.6649
341	0.8251	0.5815	1.0939	0.6608	1.0136	0.6651
342	0.8189	0.5758	1.0926	0.6606	1.0111	0.6597
343	0.8314	0.5894	1.1281	0.6762	1.0541	0.6733
344	0.8573	0.617	1.1244	0.6911	1.0551	0.6932
345	0.9095	0.6816	1.1708	0.7669	1.0874	0.7617
346	0.8272	0.5856	1.1169	0.6664	1.0441	0.6691
347	0.8282	0.5883	1.0858	0.6646	0.998	0.6675
348	0.8236	0.5818	1.1206	0.6674	1.0423	0.6685
349	0.836	0.5984	1.0952	0.6798	1.0125	0.6764
350	0.832	0.5914	1.1071	0.6694	1.0232	0.6696
351	0.8353	0.5965	1.1244	0.6802	1.0506	0.6788
352	0.8939	0.6559	1.136	0.7296	1.0452	0.7271
353	0.8574	0.6146	1.1381	0.6976	1.0693	0.6925
354	0.8321	0.5924	1.101	0.6761	1.0081	0.6754
355	0.8141	0.5762	1.1012	0.6594	1.0187	0.6621
356	0.8153	0.577	1.0923	0.6633	1.0153	0.6646
357	0.8194	0.5793	1.1045	0.6664	1.0164	0.6633
358	0.8258	0.5887	1.114	0.6771	1.0233	0.6701
359	0.8301	0.592	1.1326	0.6822	1.0472	0.6798
360	0.8444	0.6071	1.123	0.6908	1.0505	0.6859
361	0.8131	0.5752	1.0998	0.6578	1.0183	0.662
362	0.8148	0.5783	1.0968	0.6636	1.0187	0.6632
363	0.8096	0.5728	1.0902	0.6596	1.0017	0.653
364	0.8135	0.5739	1.0837	0.6572	0.9966	0.6564
365	0.8743	0.6405	1.1572	0.7273	1.0897	0.716
366	0.8558	0.6178	1.1122	0.6907	1.0282	0.6941
367	0.8194	0.5802	1.1139	0.6624	1.034	0.661
368	0.8969	0.6629	1.1391	0.7375	1.0579	0.7367
369	0.8091	0.5732	1.0969	0.6578	1.0206	0.6561
370	0.8733	0.6405	1.1442	0.7192	1.0786	0.7189
371	0.8875	0.6542	1.1462	0.7295	1.0502	0.7283
372	0.8409	0.6082	1.098	0.6928	1.0232	0.6884
373	0.8192	0.5805	1.0954	0.6616	1.0045	0.6596
374	0.8107	0.5748	1.0712	0.6499	0.9814	0.6522
375	0.806	0.5684	1.0939	0.6516	1.0124	0.653
376	0.8101	0.5715	1.1004	0.6588	1.0093	0.66
377	0.8115	0.5737	1.1054	0.664	1.0225	0.6594
378	0.8052	0.5694	1.0975	0.6613	1.0076	0.6562
379	0.8048	0.5669	1.1002	0.6577	1.0076	0.6541
380	0.8058	0.5708	1.0932	0.6602	1.0087	0.6573
381	0.7971	0.5589	1.0845	0.6487	1.0022	0.6485
382	0.7972	0.5598	1.0882	0.6487	1.0024	0.6496
383	0.8027	0.5657	1.1048	0.6541	1.0238	0.6559
384	0.7989	0.5622	1.0857	0.6516	0.9963	0.6483
385	0.8048	0.5659	1.1129	0.6602	1.033	0.6517
386	0.8066	0.5713	1.0836	0.6558	0.9878	0.6532
387	0.7983	0.5614	1.1128	0.6551	1.0203	0.6482
388	0.7986	0.5629	1.0782	0.654	0.9869	0.6494
389	0.804	0.566	1.1288	0.6619	1.0434	0.6558
390	0.7954	0.563	1.0952	0.6538	1.0047	0.6507
391	0.8329	0.6007	1.1303	0.6887	1.0428	0.6876
392	0.8055	0.5726	1.0848	0.6598	1.001	0.661
393	0.7924	0.5579	1.0906	0.6482	1.0023	0.644
394	0.8342	0.606	1.1272	0.6954	1.0403	0.6936
395	0.8089	0.5709	1.1234	0.6648	1.0415	0.6544
396	0.8045	0.5714	1.1066	0.664	1.0214	0.6611
397	0.7971	0.5668	1.1016	0.6575	1.0138	0.6563
398	0.7922	0.5593	1.0949	0.6522	1.0132	0.6513
399	0.8087	0.5756	1.095	0.6577	1.0097	0.6621
400	0.7908	0.5548	1.095	0.6465	0.9991	0.6382
401	0.7863	0.554	1.0855	0.6456	0.9956	0.6458
402	0.8475	0.6141	1.1241	0.6955	1.0346	0.6939
403	0.8758	0.6482	1.1536	0.7315	1.0716	0.7247
404	0.8512	0.6256	1.1338	0.7094	1.042	0.7035
405	0.7929	0.5603	1.0986	0.6512	1.0159	0.6514
406	0.799	0.5666	1.1012	0.6568	1.0029	0.6541
407	0.7996	0.5688	1.0719	0.6595	0.9875	0.6548
408	0.8085	0.579	1.1049	0.6696	1.0127	0.6638
409	0.795	0.5653	1.0794	0.6519	0.988	0.6529
410	0.7903	0.561	1.1101	0.6547	1.0133	0.6511
411	0.7939	0.5607	1.106	0.658	1.0157	0.6538
412	0.779	0.5468	1.0858	0.6443	0.9967	0.642
413	0.7844	0.5534	1.1088	0.65	1.0213	0.6449
414	0.7893	0.5594	1.1081	0.6575	1.0111	0.6538
415	0.7909	0.5597	1.1063	0.6573	1.0181	0.6527
416	0.778	0.5453	1.0911	0.6414	0.9949	0.6362
417	0.7958	0.5649	1.1173	0.6615	1.0263	0.6541
418	0.7993	0.5706	1.0937	0.6564	0.9948	0.6607
419	0.7917	0.5612	1.1087	0.6581	1.023	0.6541
420	0.7738	0.5422	1.0801	0.6392	0.9757	0.6334
421	0.7746	0.5446	1.0849	0.6405	0.9948	0.6377
422	0.7707	0.5379	1.0828	0.6361	0.9958	0.6324
423	0.7777	0.547	1.0809	0.6432	0.9869	0.6389
424	0.7708	0.543	1.0812	0.6401	0.9798	0.6314
425	0.7726	0.5421	1.0844	0.6409	0.9921	0.6319
426	0.8122	0.5855	1.1092	0.6716	1.0122	0.6738
427	0.8127	0.586	1.1077	0.6747	1.0293	0.6696
428	0.7718	0.5419	1.1017	0.6448	1.0009	0.6361
429	0.8052	0.5798	1.1323	0.6798	1.0361	0.6745
430	0.7777	0.5467	1.0942	0.6467	1.0066	0.6389
431	0.7791	0.5498	1.0891	0.6441	0.9838	0.6414
432	0.7782	0.5521	1.087	0.6478	0.9916	0.6423
433	0.7771	0.5484	1.0809	0.6464	0.9849	0.634
434	0.7677	0.5383	1.0921	0.6354	0.9972	0.633
435	0.7765	0.5482	1.0761	0.6458	0.9739	0.6365
436	0.7726	0.5429	1.1045	0.6503	1.0127	0.636
437	0.8035	0.5752	1.1078	0.6728	1.0138	0.6629
438	0.7837	0.5586	1.1045	0.6619	1.0048	0.6506
439	0.7816	0.5548	1.093	0.6571	1.0091	0.649
440	0.7669	0.5384	1.0897	0.6406	0.9955	0.635
441	0.7929	0.567	1.1061	0.6631	1.0068	0.6602
442	0.7726	0.5446	1.1004	0.6494	1.0072	0.6383
443	0.7664	0.5378	1.0988	0.6425	1.0063	0.6305
444	0.777	0.5538	1.0927	0.6507	0.9903	0.6478
445	0.7939	0.5639	1.123	0.6655	1.0283	0.6505
446	0.7689	0.5408	1.0672	0.6402	0.9663	0.6347
447	0.7718	0.5439	1.0906	0.6396	0.9848	0.6354
448	0.7765	0.5481	1.0859	0.6437	0.9933	0.6426
449	0.7624	0.5338	1.0872	0.6406	0.9963	0.6293
450	0.7712	0.5448	1.0903	0.6444	0.9928	0.6378
451	0.7624	0.5368	1.0937	0.6407	0.9971	0.6337
452	0.7851	0.5593	1.0958	0.6562	0.9984	0.6523
453	0.782	0.5557	1.1063	0.6609	1.0123	0.6466
454	0.7546	0.5286	1.0813	0.6349	0.9854	0.6264
455	0.7762	0.5529	1.1232	0.6612	1.0252	0.6545
456	0.7671	0.5435	1.097	0.6492	0.9999	0.6383
457	0.759	0.5331	1.0938	0.642	0.9868	0.6311
458	0.7632	0.5399	1.0923	0.6426	0.9841	0.6303
459	0.7563	0.531	1.0809	0.6336	0.9733	0.6211
460	0.7931	0.5688	1.1153	0.6699	1.0074	0.6604
461	0.7811	0.5606	1.1028	0.6671	1.0097	0.6537
462	0.7529	0.5294	1.0805	0.6334	0.9778	0.621
463	0.7604	0.5352	1.0829	0.6334	0.9763	0.6299
464	0.7584	0.5336	1.0692	0.6347	0.9711	0.6293
465	0.7588	0.5329	1.0833	0.6349	0.9803	0.6252
466	0.7504	0.5266	1.0696	0.6314	0.9685	0.6232
467	0.7567	0.5335	1.0897	0.6374	0.9874	0.6309
468	0.7478	0.5216	1.0871	0.6328	0.9889	0.6167
469	0.7544	0.5273	1.0906	0.638	0.9966	0.627
470	0.7463	0.522	1.0697	0.6267	0.9652	0.6181
471	0.7873	0.5641	1.1111	0.6623	1.0094	0.6569
472	0.7458	0.5201	1.0775	0.6263	0.9735	0.6161
473	0.766	0.5449	1.0991	0.6497	1.007	0.6391
474	0.7523	0.5274	1.0693	0.6304	0.9531	0.6213
475	0.7517	0.5306	1.0788	0.6349	0.9775	0.6273
476	0.7597	0.5349	1.0917	0.6469	0.9994	0.6348
477	0.7555	0.5334	1.0992	0.6457	1.0029	0.6343
478	0.7471	0.5237	1.0788	0.6353	0.9807	0.6245
479	0.7469	0.5229	1.1069	0.6374	1.008	0.6278
480	0.7522	0.532	1.0842	0.6397	0.9782	0.6303
481	0.7506	0.5263	1.1099	0.6398	1.0051	0.6222
482	0.7482	0.5259	1.1003	0.6391	0.9985	0.6259
483	0.7532	0.5302	1.0995	0.6458	1.0014	0.6259
484	0.7502	0.5274	1.0874	0.6411	0.9894	0.6242
485	0.745	0.521	1.1039	0.6375	1.0042	0.6224
486	0.7394	0.5154	1.0928	0.6322	0.9894	0.6161
487	0.7445	0.5225	1.1036	0.6388	0.9994	0.6243
488	0.8008	0.5864	1.1085	0.6833	1.0107	0.6805
489	0.8126	0.5894	1.1465	0.6977	1.0643	0.6822
490	0.7502	0.528	1.0701	0.6296	0.9705	0.6243
491	0.7459	0.5262	1.0727	0.6299	0.9709	0.6241
492	0.7464	0.5229	1.0813	0.6332	0.9879	0.6235
493	0.7638	0.5409	1.1083	0.6535	1.0112	0.6352
494	0.7442	0.5243	1.0612	0.6303	0.9494	0.6187
495	0.7505	0.527	1.0871	0.6375	0.9829	0.6255
496	0.735	0.513	1.0769	0.6271	0.9796	0.612
497	0.7456	0.5225	1.0939	0.6367	0.9959	0.6238
498	0.7585	0.5421	1.0991	0.6537	0.9925	0.6429
499	0.7721	0.5522	1.113	0.6619	1.0223	0.6472
500	0.7539	0.5307	1.1067	0.6465	1.008	0.6302
501	0.739	0.5168	1.0951	0.6347	0.9924	0.6179
502	0.7414	0.5189	1.086	0.633	0.9796	0.613
503	0.7724	0.5577	1.1226	0.6763	1.0125	0.6597
504	0.734	0.5132	1.0911	0.6328	0.9861	0.6132
505	0.7276	0.5074	1.0743	0.6236	0.9647	0.6085
506	0.7303	0.5112	1.0731	0.6231	0.9684	0.6156
507	0.7389	0.5193	1.0901	0.6278	0.9817	0.6202
508	0.7638	0.5449	1.0899	0.6506	0.9879	0.6419
509	0.725	0.5039	1.0804	0.6199	0.9739	0.6088
510	0.732	0.5161	1.0644	0.6256	0.9656	0.6188
511	0.738	0.5162	1.0747	0.6301	0.9867	0.6189
512	0.7312	0.51	1.0793	0.623	0.9784	0.614
513	0.733	0.5175	1.0728	0.6326	0.9656	0.6196
514	0.7311	0.5091	1.0821	0.6266	0.9835	0.6143
515	0.756	0.5341	1.0969	0.6506	0.9995	0.6324
516	0.7385	0.5189	1.0986	0.6388	0.9984	0.6223
517	0.7278	0.5069	1.0876	0.6291	0.987	0.6098
518	0.7246	0.5062	1.0771	0.6221	0.9717	0.6106
519	0.7353	0.5168	1.0727	0.6262	0.9701	0.6172
520	0.7258	0.5079	1.0848	0.6251	0.9851	0.6148
521	0.7367	0.5197	1.0688	0.6289	0.9588	0.6208
522	0.7296	0.5115	1.0684	0.6226	0.973	0.6154
523	0.7214	0.5038	1.0808	0.6187	0.9856	0.6126
524	0.7372	0.5195	1.072	0.6339	0.9805	0.6234
525	0.7281	0.5103	1.0709	0.6231	0.978	0.6171
526	0.7644	0.5507	1.0968	0.6594	0.9849	0.6512
527	0.7759	0.561	1.1195	0.6738	1.028	0.6566
528	0.7313	0.5116	1.0574	0.6179	0.9601	0.6136
529	0.7222	0.5043	1.0669	0.6194	0.9565	0.6092
530	0.7183	0.502	1.0636	0.617	0.963	0.6049
531	0.7244	0.5015	1.0914	0.6238	0.9897	0.6059
532	0.7876	0.576	1.0968	0.6746	0.9916	0.6657
533	0.7665	0.5467	1.1239	0.6632	1.037	0.6455
534	0.7201	0.5008	1.0767	0.6181	0.9859	0.6051
535	0.734	0.518	1.0678	0.633	0.9694	0.6265
536	0.7533	0.5388	1.0906	0.6451	0.9779	0.6372
537	0.7163	0.4972	1.0779	0.6216	0.9759	0.6107
538	0.7262	0.5083	1.075	0.6286	0.9855	0.6171
539	0.7141	0.4967	1.0553	0.6086	0.9526	0.6
540	0.7119	0.4927	1.0707	0.6159	0.9728	0.6052
541	0.7128	0.4961	1.065	0.6134	0.9622	0.604
542	0.7132	0.4938	1.0766	0.622	0.9798	0.6085
543	0.7216	0.5083	1.0728	0.6246	0.9724	0.6181
544	0.7246	0.5061	1.0766	0.6282	0.9887	0.6137
545	0.7169	0.4974	1.0873	0.6213	0.9954	0.6073
546	0.7437	0.533	1.0898	0.6477	0.9818	0.6366
547	0.7299	0.513	1.0863	0.6362	0.9932	0.6151
548	0.8614	0.6524	1.1381	0.7376	1.0392	0.729
549	1.2799	1.0565	1.4605	1.0909	1.3948	1.0845
550	0.9561	0.7418	1.1971	0.8024	1.0974	0.7953
551	0.8488	0.6325	1.1303	0.7086	1.028	0.7052
552	0.8056	0.5942	1.0977	0.6877	1.0073	0.681
553	0.7763	0.5567	1.1059	0.6683	1.0242	0.6564
554	0.7292	0.5133	1.0739	0.6207	0.9657	0.6163
555	0.7443	0.5288	1.0829	0.6471	0.9916	0.6345
556	0.7229	0.5049	1.0709	0.6192	0.971	0.6144
557	0.7297	0.513	1.0842	0.6342	0.9892	0.6223
558	0.7236	0.5062	1.0728	0.6209	0.962	0.611
559	0.7145	0.4988	1.0704	0.6205	0.9717	0.608
560	0.7164	0.4996	1.0811	0.6233	0.979	0.6062
561	0.7506	0.5312	1.096	0.65	1.0036	0.632
562	0.733	0.5207	1.0973	0.6467	0.998	0.6294
563	0.7148	0.4978	1.0807	0.6225	0.9762	0.6025
564	0.7115	0.4979	1.0651	0.6193	0.967	0.6075
565	0.7229	0.5057	1.0614	0.6262	0.9496	0.6106
566	0.7263	0.514	1.065	0.6249	0.9567	0.6173
567	0.7209	0.5075	1.0501	0.627	0.9321	0.6111
568	0.7146	0.5017	1.0695	0.6209	0.969	0.6087
569	0.7077	0.4939	1.0613	0.612	0.9485	0.5994
570	0.7272	0.5082	1.104	0.6334	1.0093	0.6095
571	0.7251	0.5145	1.0817	0.6395	0.9749	0.626
572	0.7213	0.5033	1.0972	0.6345	0.9999	0.6113
573	0.7025	0.4877	1.0586	0.614	0.9462	0.5986
574	0.7128	0.4981	1.0927	0.6239	0.9886	0.6103
575	0.7045	0.4902	1.0708	0.6133	0.9614	0.6027
576	0.7178	0.5082	1.0772	0.635	0.9684	0.6184
577	0.7018	0.4869	1.0541	0.6113	0.9373	0.5979
578	0.7327	0.5206	1.1051	0.6391	0.998	0.63
579	0.7448	0.5309	1.0991	0.6501	0.9967	0.637
580	0.7137	0.4999	1.083	0.6257	0.9786	0.611
581	0.7	0.4849	1.0654	0.6075	0.9582	0.5941
582	0.7015	0.4875	1.0713	0.6121	0.9612	0.5985
583	0.7124	0.4985	1.084	0.6237	0.9773	0.6128
584	0.7074	0.4942	1.0621	0.6123	0.952	0.6031
585	0.7125	0.5001	1.0604	0.6186	0.9674	0.6085
586	0.7386	0.5297	1.097	0.6469	0.9881	0.6336
587	0.7258	0.5132	1.0598	0.6286	0.963	0.6172
588	0.7497	0.5398	1.1091	0.6606	1.0093	0.6489
589	0.7294	0.515	1.0947	0.6381	0.9947	0.6178
590	0.7103	0.4973	1.0909	0.628	0.98	0.6113
591	0.7137	0.498	1.0868	0.6295	0.9771	0.6094
592	0.732	0.5203	1.0957	0.6361	0.9759	0.6227
593	0.7041	0.4911	1.075	0.6219	0.9668	0.6104
594	0.716	0.5012	1.0882	0.6268	0.9885	0.6094
595	0.7183	0.5096	1.0832	0.6364	0.9729	0.6198
596	0.712	0.4968	1.0778	0.6224	0.9769	0.606
597	0.6971	0.4824	1.0672	0.6035	0.9566	0.5931
598	0.695	0.4823	1.0616	0.612	0.9465	0.5954
599	0.6993	0.4859	1.0782	0.62	0.9709	0.5987
600	0.7136	0.5058	1.0927	0.6374	0.9754	0.619
601	0.7008	0.4883	1.0784	0.62	0.9783	0.6035
602	0.6944	0.4815	1.0675	0.6107	0.9552	0.5975
603	0.6959	0.484	1.0551	0.612	0.9531	0.5987
604	0.6935	0.482	1.0688	0.6123	0.964	0.5981
605	0.6934	0.4836	1.0657	0.616	0.9469	0.5987
606	0.6971	0.4832	1.0891	0.6214	0.9755	0.5964
607	0.7091	0.5033	1.0698	0.6308	0.9441	0.617
608	0.7206	0.5064	1.1061	0.6394	0.9956	0.6169
609	0.6946	0.4847	1.0749	0.6188	0.9533	0.6027
610	0.6951	0.484	1.0846	0.6111	0.9581	0.5992
611	0.7236	0.5162	1.0868	0.6322	0.9626	0.624
612	0.7557	0.5534	1.1054	0.6811	1.0038	0.6598
613	0.7529	0.5438	1.0843	0.6494	0.9608	0.6414
614	0.7809	0.5799	1.1169	0.7027	1.0184	0.6824
615	0.7226	0.5142	1.0847	0.6357	0.9692	0.6231
616	0.7187	0.5049	1.1009	0.6347	0.9983	0.6174
617	0.699	0.4902	1.0777	0.6233	0.9606	0.6045
618	0.6914	0.4792	1.0742	0.6168	0.9638	0.5967
619	0.6944	0.4819	1.0762	0.6075	0.9495	0.594
620	0.7111	0.5014	1.0729	0.6313	0.9645	0.6157
621	0.6916	0.482	1.0748	0.6091	0.9509	0.5952
622	0.7152	0.5101	1.0772	0.6304	0.9484	0.6146
623	0.7222	0.5097	1.0934	0.6419	0.9945	0.6263
624	0.7029	0.4971	1.0743	0.6271	0.9443	0.6108
625	0.6863	0.4759	1.0631	0.6141	0.9472	0.592
626	0.6845	0.4714	1.0655	0.6081	0.9503	0.588
627	0.6866	0.4766	1.0698	0.6034	0.9528	0.5926
628	0.7053	0.4975	1.0812	0.6329	0.9758	0.6161
629	0.6811	0.4701	1.0788	0.6084	0.9516	0.5864
630	0.6917	0.4831	1.0714	0.6168	0.9576	0.5988
631	0.6884	0.479	1.0792	0.6142	0.9583	0.5988
632	0.7245	0.5173	1.0732	0.6357	0.9617	0.6248
633	0.6908	0.4812	1.0702	0.6155	0.9575	0.5943
634	0.6865	0.4745	1.0857	0.6149	0.9725	0.5899
635	0.6872	0.4822	1.0734	0.6188	0.9512	0.5986
636	0.6841	0.4713	1.0865	0.6176	0.9737	0.5914
637	0.7085	0.4999	1.0852	0.6383	0.9687	0.6149
638	0.6824	0.4743	1.0682	0.6067	0.9573	0.5899
639	0.688	0.4806	1.0543	0.6086	0.9353	0.5965
640	0.7027	0.4951	1.0815	0.6295	0.9707	0.6098
641	0.6907	0.4813	1.0537	0.6041	0.9484	0.593
642	0.6902	0.4776	1.0827	0.6159	0.9802	0.5962
643	0.698	0.4895	1.0681	0.6279	0.9583	0.6079
644	0.6807	0.4747	1.0528	0.6075	0.9439	0.5957
645	0.6841	0.4765	1.0544	0.6047	0.9377	0.5937
646	0.6985	0.4935	1.0614	0.6277	0.9503	0.6113
647	0.7167	0.5055	1.0824	0.6255	0.9587	0.6113
648	0.6857	0.4801	1.0611	0.6055	0.9433	0.5946
649	0.6831	0.4727	1.0659	0.6139	0.956	0.5906
650	0.6828	0.471	1.0795	0.6137	0.9731	0.595
651	0.7056	0.5032	1.0828	0.6356	0.9685	0.6221
652	0.7268	0.5159	1.1094	0.6546	1.0078	0.6294
653	0.6835	0.4797	1.0645	0.6095	0.9472	0.5984
654	0.7028	0.493	1.0949	0.6336	0.9875	0.6117
655	0.6763	0.4708	1.0554	0.6029	0.9381	0.5862
656	0.6853	0.4793	1.0545	0.6095	0.9357	0.5955
657	0.7007	0.4924	1.0475	0.6134	0.9297	0.5998
658	0.6904	0.4852	1.067	0.6156	0.9489	0.6018
659	0.684	0.4743	1.0667	0.6169	0.9569	0.5928
660	0.6805	0.4732	1.0744	0.6125	0.9626	0.5949
661	0.6879	0.4803	1.076	0.6186	0.9704	0.6011
662	0.6772	0.467	1.0709	0.6137	0.9653	0.5893
663	0.6912	0.4822	1.0834	0.6253	0.9732	0.6004
664	0.7244	0.5201	1.0824	0.6361	0.9794	0.6294
665	0.6715	0.4661	1.0655	0.5991	0.9427	0.5834
666	0.6735	0.4638	1.0581	0.6079	0.9541	0.5914
667	0.6702	0.4624	1.0658	0.601	0.9556	0.5851
668	0.6755	0.4712	1.0703	0.6099	0.9488	0.5917
669	0.674	0.4653	1.0692	0.6117	0.9649	0.5915
670	0.6729	0.4679	1.0594	0.6095	0.9315	0.589
671	0.6823	0.4763	1.0726	0.6098	0.9599	0.5971
672	0.686	0.4802	1.0731	0.6214	0.9648	0.6028
673	0.6792	0.4741	1.0626	0.6095	0.9429	0.5931
674	0.6771	0.4711	1.0639	0.6083	0.9513	0.5912
675	0.6651	0.4587	1.0616	0.5988	0.9447	0.5832
676	0.671	0.4633	1.0718	0.6079	0.9649	0.5892
677	0.7015	0.5028	1.0898	0.6408	0.9747	0.6242
678	0.6944	0.4846	1.1008	0.6261	1.0006	0.6065
679	0.6661	0.4602	1.0611	0.6072	0.9453	0.5846
680	0.6916	0.485	1.0845	0.6227	0.9618	0.6031
681	0.6804	0.4736	1.0668	0.6162	0.9535	0.5951
682	0.6735	0.4637	1.0787	0.6051	0.9626	0.5823
683	0.6802	0.4777	1.051	0.6116	0.934	0.5967
684	0.6621	0.4568	1.0648	0.6043	0.9438	0.5817
685	0.669	0.4637	1.0637	0.6094	0.955	0.5854
686	0.6712	0.4686	1.0534	0.6071	0.934	0.592
687	0.6811	0.4767	1.0735	0.621	0.9608	0.5992
688	0.6889	0.4835	1.0752	0.6241	0.9715	0.6006
689	0.6948	0.4865	1.0978	0.6361	0.9947	0.6076
690	0.6709	0.467	1.0766	0.6169	0.9563	0.5905
691	0.6624	0.4581	1.0619	0.6031	0.9447	0.5836
692	0.7124	0.5092	1.079	0.6477	0.9692	0.6283
693	0.7137	0.5112	1.1078	0.6452	0.9909	0.6334
694	0.6825	0.4802	1.0533	0.6134	0.951	0.6024
695	0.6619	0.456	1.0663	0.6047	0.9581	0.5849
696	0.6598	0.4548	1.0539	0.6017	0.938	0.5823
697	0.6779	0.4698	1.0679	0.6162	0.9705	0.5972
698	0.6646	0.4584	1.0839	0.6113	0.9679	0.5854
699	0.6655	0.4654	1.0636	0.6132	0.9409	0.5915
700	0.6655	0.457	1.0811	0.6108	0.9694	0.5822
701	0.6651	0.4668	1.0637	0.6134	0.9406	0.5925
702	0.6617	0.4584	1.0727	0.6081	0.9573	0.5859
703	0.6625	0.4589	1.0616	0.6026	0.9419	0.5859
704	0.6681	0.4664	1.0664	0.6103	0.9441	0.5924
705	0.6764	0.4692	1.0933	0.617	0.9874	0.595
706	0.6564	0.4529	1.0591	0.6016	0.9454	0.583
707	0.653	0.4503	1.0595	0.5992	0.9396	0.5789
708	0.6567	0.4512	1.0744	0.6037	0.9632	0.5818
709	0.6543	0.4519	1.0556	0.5978	0.9343	0.5803
710	0.661	0.4585	1.0684	0.6139	0.9456	0.5865
711	0.672	0.4724	1.0811	0.628	0.9607	0.6003
712	0.6961	0.4879	1.1111	0.634	1.0048	0.6055
713	0.6652	0.4639	1.0637	0.615	0.946	0.5921
714	0.6909	0.4963	1.0797	0.6308	0.9679	0.6176
715	0.6631	0.4642	1.071	0.6127	0.9619	0.5941
716	0.6519	0.4493	1.0597	0.5985	0.9378	0.5764
717	0.6771	0.4788	1.0534	0.6103	0.9327	0.5973
718	0.6958	0.4978	1.0777	0.6471	0.9652	0.6209
719	0.6652	0.4654	1.0624	0.6087	0.9378	0.587
720	0.6693	0.4689	1.0419	0.6065	0.9169	0.5866
721	0.6553	0.4534	1.0567	0.6	0.9308	0.5811
722	0.6664	0.4666	1.0648	0.6151	0.9435	0.597
723	0.6499	0.4477	1.0571	0.6006	0.9374	0.5806
724	0.689	0.4939	1.0751	0.6255	0.9436	0.6082
725	0.6646	0.4614	1.0759	0.6168	0.9701	0.5921
726	0.6619	0.461	1.0734	0.6135	0.9596	0.5881
727	0.7034	0.5118	1.0968	0.6499	0.978	0.6311
728	0.6726	0.4712	1.0839	0.619	0.974	0.5952
729	0.6514	0.4529	1.0445	0.5977	0.9158	0.5782
730	0.662	0.4589	1.061	0.6046	0.9396	0.5841
731	0.6872	0.4913	1.0666	0.6342	0.9481	0.6107
732	0.6789	0.4788	1.053	0.6164	0.9309	0.595
733	0.7139	0.5205	1.0956	0.6663	0.9934	0.6454
734	0.6615	0.4634	1.0448	0.5982	0.9182	0.5847
735	0.6812	0.4822	1.0714	0.619	0.9531	0.6067
736	0.6619	0.46	1.0696	0.6129	0.9485	0.5895
737	0.6577	0.4548	1.067	0.6045	0.9568	0.5804
738	0.6605	0.4572	1.0727	0.6107	0.9584	0.5845
739	0.6485	0.447	1.06	0.6002	0.9361	0.5772
740	0.6624	0.4615	1.0561	0.6115	0.955	0.593
741	0.649	0.4478	1.0568	0.5987	0.9367	0.577
742	0.6938	0.5005	1.07	0.6322	0.9516	0.6147
743	0.7176	0.5161	1.0989	0.6577	1.0069	0.6316
744	0.6626	0.4649	1.0527	0.6095	0.9313	0.5904
745	0.6536	0.4541	1.0606	0.6047	0.9472	0.5852
746	0.6545	0.4523	1.0726	0.6098	0.9597	0.5847
747	0.6493	0.4496	1.0726	0.6046	0.9515	0.5808
748	0.655	0.4597	1.0527	0.6034	0.9274	0.5875
749	0.6583	0.4554	1.0843	0.6115	0.9658	0.5827
750	0.659	0.4585	1.0735	0.6149	0.9544	0.589
751	0.6605	0.4568	1.0756	0.6104	0.9613	0.5825
752	0.6471	0.4445	1.073	0.605	0.955	0.5773
753	0.6657	0.4702	1.0815	0.6231	0.9637	0.5998
754	0.6451	0.445	1.0557	0.5961	0.9321	0.5744
755	0.6591	0.4546	1.0667	0.6078	0.9611	0.5876
756	0.6494	0.4482	1.0589	0.6032	0.947	0.5852
757	0.6467	0.4431	1.0792	0.6028	0.9679	0.5799
758	0.6891	0.4946	1.06	0.6266	0.9443	0.6171
759	0.6628	0.4618	1.0746	0.6134	0.9652	0.5913
760	0.6509	0.4494	1.0644	0.6033	0.9503	0.5795
761	0.6933	0.504	1.0833	0.6369	0.9582	0.6229
762	0.6536	0.4519	1.077	0.6121	0.9649	0.5849
763	0.6504	0.4537	1.0667	0.6085	0.9522	0.5876
764	0.6405	0.4422	1.0597	0.5976	0.9407	0.5764
765	0.6353	0.4367	1.05	0.5951	0.9222	0.5707
766	0.6507	0.4509	1.0694	0.6101	0.96	0.5838
767	0.652	0.4565	1.0832	0.6113	0.9539	0.5896
768	0.6389	0.4415	1.0599	0.5962	0.9408	0.5769
769	0.64	0.4397	1.0521	0.6007	0.9375	0.5773
770	0.6604	0.4604	1.0794	0.6178	0.9769	0.5936
771	0.639	0.4433	1.0497	0.5913	0.9282	0.5732
772	0.6363	0.4376	1.0514	0.594	0.9359	0.5729
773	0.7145	0.5265	1.0967	0.6527	0.971	0.6355
774	0.6944	0.4956	1.0996	0.6473	0.99	0.6221
775	0.6365	0.4398	1.0523	0.5983	0.9281	0.5735
776	0.6595	0.4654	1.0892	0.624	0.9621	0.5957
777	0.6788	0.4768	1.0812	0.6303	0.9731	0.6111
778	0.6648	0.4644	1.0747	0.6185	0.9626	0.5969
779	0.6451	0.4505	1.0567	0.6069	0.9322	0.5852
780	0.6407	0.4437	1.0659	0.6004	0.9476	0.5808
781	0.6313	0.4335	1.0634	0.5944	0.9282	0.5687
782	0.6337	0.4365	1.0533	0.596	0.9372	0.5749
783	0.6714	0.4794	1.0795	0.6205	0.9489	0.6058
784	0.6351	0.4363	1.0558	0.5956	0.941	0.5755
785	0.6353	0.4385	1.0552	0.5975	0.9229	0.5713
786	0.6299	0.4322	1.0617	0.5925	0.9239	0.5664
787	0.6413	0.4434	1.0696	0.6046	0.951	0.5803
788	0.6759	0.4873	1.105	0.6424	0.9707	0.6158
789	0.6424	0.4435	1.075	0.6064	0.9592	0.5827
790	0.6371	0.4396	1.054	0.596	0.9387	0.5727
791	0.6417	0.4431	1.0692	0.6068	0.9529	0.5785
792	0.6511	0.4606	1.0664	0.6135	0.9407	0.5926
793	0.6325	0.437	1.0543	0.5881	0.9263	0.5684
794	0.6443	0.446	1.074	0.6055	0.956	0.5762
795	0.6412	0.4447	1.0604	0.6042	0.9422	0.5801
796	0.6308	0.4351	1.0583	0.5891	0.9379	0.5712
797	0.6673	0.472	1.0696	0.6229	0.9576	0.6056
798	0.641	0.4402	1.0736	0.6011	0.9636	0.5752
799	0.6923	0.51	1.0896	0.6478	0.9579	0.6274
800	0.6325	0.4335	1.0673	0.5963	0.9554	0.5732
801	0.6517	0.4538	1.0799	0.6161	0.9666	0.5941
802	0.6311	0.4358	1.0651	0.5988	0.9517	0.5814
803	0.6313	0.4365	1.0553	0.5956	0.9362	0.5771
804	0.6442	0.4528	1.0657	0.6112	0.9461	0.5896
805	0.6322	0.4362	1.064	0.6011	0.9464	0.5749
806	0.6553	0.4643	1.0708	0.6089	0.9408	0.5914
807	0.6366	0.4416	1.057	0.605	0.9368	0.5788
808	0.6258	0.4305	1.0664	0.598	0.9442	0.5702
809	0.6511	0.4621	1.0737	0.6146	0.9456	0.5926
810	0.714	0.5182	1.0979	0.6609	0.9944	0.644
811	0.7479	0.5647	1.1189	0.6853	0.9936	0.672
812	0.6713	0.4763	1.0882	0.628	0.9802	0.6073
813	0.671	0.4799	1.0574	0.6127	0.9317	0.5979
814	0.6748	0.4793	1.0814	0.631	0.9765	0.6091
815	0.6323	0.436	1.0658	0.5941	0.9368	0.5698
816	0.635	0.4398	1.0645	0.6018	0.9413	0.575
817	0.6321	0.4392	1.053	0.5907	0.9309	0.5734
818	0.6236	0.4291	1.0713	0.5936	0.945	0.5713
819	0.6593	0.462	1.0895	0.6261	0.9774	0.5969
820	0.6761	0.4907	1.0835	0.6394	0.9545	0.614
821	0.6605	0.4607	1.0918	0.6162	0.9822	0.5917
822	0.6512	0.4573	1.0862	0.614	0.9662	0.5919
823	0.6396	0.4473	1.0544	0.6028	0.94	0.5871
824	0.6257	0.4276	1.0566	0.5913	0.9395	0.5674
825	0.6276	0.432	1.0695	0.5969	0.9445	0.57
826	0.6322	0.4373	1.0574	0.6001	0.9363	0.5758
827	0.6308	0.4381	1.0615	0.5957	0.9323	0.5753
828	0.6256	0.4306	1.0618	0.5986	0.9385	0.5718
829	0.6737	0.4807	1.0566	0.6122	0.9218	0.5951
830	0.6903	0.5008	1.0839	0.6513	0.9889	0.6283
831	0.6264	0.4301	1.0574	0.591	0.9291	0.5604
832	0.6229	0.4286	1.0448	0.5911	0.9284	0.5662
833	0.6284	0.4336	1.061	0.5976	0.9406	0.5762
834	0.6432	0.4522	1.0667	0.6054	0.9404	0.582
835	0.6698	0.4758	1.0754	0.6345	0.9569	0.6055
836	0.6524	0.4635	1.0706	0.6091	0.9477	0.591
837	0.6591	0.4653	1.0697	0.6243	0.9508	0.5999
838	0.6374	0.4446	1.0528	0.6037	0.9271	0.5792
839	0.6262	0.4308	1.0846	0.5974	0.9523	0.5691
840	0.6276	0.4359	1.064	0.6017	0.9363	0.5745
841	0.6254	0.4339	1.0658	0.5971	0.9327	0.5703
842	0.6388	0.4433	1.0676	0.6074	0.9528	0.5795
843	0.6428	0.4533	1.07	0.6081	0.937	0.5862
844	0.6195	0.4237	1.0527	0.5917	0.9345	0.5642
845	0.6201	0.427	1.0471	0.5941	0.9237	0.567
846	0.6242	0.4281	1.067	0.595	0.9561	0.5721
847	0.6239	0.4341	1.0453	0.5932	0.9122	0.5684
848	0.6211	0.4274	1.0639	0.5923	0.9444	0.5658
849	0.6159	0.4224	1.0662	0.5895	0.9421	0.5634
850	0.6212	0.4271	1.0665	0.5946	0.947	0.5709
851	0.6143	0.4204	1.0559	0.591	0.9236	0.5632
852	0.6138	0.4229	1.0509	0.586	0.9222	0.5603
853	0.6255	0.4352	1.0635	0.5972	0.937	0.5761
854	0.6169	0.4254	1.0644	0.5934	0.9412	0.5734
855	0.6159	0.4272	1.0467	0.5846	0.9097	0.5652
856	0.6215	0.4303	1.0622	0.5904	0.94	0.5704
857	0.6192	0.4276	1.0501	0.5916	0.9187	0.5694
858	0.623	0.4351	1.0378	0.5863	0.9109	0.5729
859	0.6214	0.43	1.0498	0.5887	0.9185	0.5711
860	0.6305	0.4392	1.0612	0.604	0.9443	0.5792
861	0.6137	0.4219	1.0517	0.5923	0.9179	0.5637
862	0.6132	0.4209	1.0647	0.5857	0.9383	0.5641
863	0.6176	0.4294	1.0446	0.5915	0.9131	0.5714
864	0.6293	0.4396	1.0557	0.6047	0.9342	0.5807
865	0.6585	0.4627	1.0976	0.6228	0.9832	0.5966
866	0.627	0.4339	1.0688	0.6032	0.9424	0.5701
867	0.6302	0.4408	1.0717	0.6026	0.9519	0.5797
868	0.6271	0.4355	1.0617	0.6045	0.9383	0.5801
869	0.6312	0.4395	1.0795	0.6109	0.961	0.5803
870	0.624	0.4347	1.04	0.5917	0.9026	0.5692
871	0.6162	0.4255	1.0513	0.5882	0.9364	0.5708
872	0.6227	0.4329	1.0601	0.6004	0.9429	0.5829
873	0.6147	0.4226	1.0598	0.5947	0.9345	0.5699
874	0.6104	0.4215	1.0341	0.5809	0.9048	0.5616
875	0.6204	0.4321	1.0561	0.5903	0.9253	0.5687
876	0.614	0.4219	1.0666	0.5916	0.9469	0.5668
877	0.6058	0.416	1.0439	0.5847	0.9135	0.5644
878	0.6462	0.4645	1.0662	0.6166	0.9348	0.5982
879	0.609	0.4177	1.0626	0.5882	0.9375	0.5619
880	0.6075	0.4183	1.0535	0.5874	0.9201	0.5635
881	0.6118	0.4216	1.07	0.5929	0.9399	0.5692
882	0.6073	0.4173	1.0591	0.5857	0.922	0.5621
883	0.6303	0.4407	1.0782	0.6102	0.9524	0.586
884	0.6198	0.4319	1.0543	0.5926	0.9111	0.5674
885	0.6103	0.4208	1.052	0.5882	0.9165	0.5631
886	0.6101	0.4209	1.0679	0.5926	0.936	0.5678
887	0.6172	0.4314	1.06	0.5893	0.9144	0.5671
888	0.6077	0.4196	1.0486	0.5843	0.9185	0.5609
889	0.6175	0.4241	1.0748	0.5967	0.9528	0.5726
890	0.6087	0.4167	1.0617	0.5879	0.9443	0.5672
891	0.6599	0.4815	1.0746	0.6276	0.9484	0.6123
892	0.6115	0.4225	1.0491	0.5906	0.9289	0.57
893	0.6303	0.4452	1.0553	0.5956	0.9201	0.5756
894	0.6774	0.4888	1.0973	0.6444	0.995	0.621
895	0.6877	0.5111	1.0967	0.6516	0.974	0.635
896	0.6985	0.5011	1.0903	0.6445	0.9871	0.628
897	0.6462	0.4601	1.0824	0.6168	0.9611	0.5939
898	0.6282	0.4447	1.0638	0.6089	0.9383	0.5883
899	0.636	0.4405	1.0715	0.606	0.9538	0.5767
900	0.6282	0.4395	1.0455	0.5985	0.9189	0.5787
901	0.6133	0.4232	1.0526	0.5862	0.9228	0.5608
902	0.6411	0.4557	1.0718	0.6184	0.9487	0.5947
903	0.639	0.4542	1.06	0.6054	0.9229	0.5891
904	0.613	0.4232	1.06	0.5943	0.9299	0.5669
905	0.611	0.4226	1.0517	0.587	0.9247	0.5674
906	0.6084	0.4188	1.0598	0.5884	0.9281	0.5632
907	0.6149	0.4296	1.0624	0.5942	0.9198	0.5693
908	0.6174	0.4303	1.0525	0.5945	0.9204	0.5782
909	0.6091	0.4188	1.0705	0.5893	0.9337	0.5631
910	0.6136	0.4298	1.0623	0.5981	0.9237	0.5723
911	0.616	0.4274	1.0628	0.5937	0.9407	0.5753
912	0.605	0.4145	1.0581	0.5895	0.9266	0.5613
913	0.61	0.4245	1.0576	0.591	0.9098	0.5654
914	0.6308	0.4402	1.0796	0.6076	0.9513	0.5817
915	0.6116	0.4254	1.075	0.5964	0.9291	0.5722
916	0.6167	0.4347	1.0679	0.6037	0.9238	0.577
917	0.6465	0.4578	1.0929	0.6252	0.964	0.5988
918	0.6039	0.4162	1.0541	0.5837	0.9222	0.565
919	0.6172	0.4316	1.0532	0.6043	0.9169	0.5741
920	0.6047	0.4186	1.0479	0.5927	0.9104	0.567
921	0.6061	0.4209	1.0575	0.5843	0.9126	0.5665
922	0.5992	0.4115	1.0449	0.5834	0.9013	0.5566
923	0.6392	0.453	1.0789	0.6223	0.9533	0.5961
924	0.6327	0.4561	1.076	0.6154	0.9267	0.5932
925	0.6119	0.423	1.0675	0.5945	0.9484	0.5722
926	0.6027	0.4164	1.059	0.5918	0.9155	0.5659
927	0.6122	0.4252	1.0678	0.5935	0.9398	0.5763
928	0.6167	0.4251	1.0829	0.5992	0.9499	0.5726
929	0.6071	0.4242	1.0723	0.5933	0.9248	0.5713
930	0.6079	0.42	1.0762	0.5969	0.9418	0.5689
931	0.5973	0.411	1.0512	0.5865	0.9086	0.5631
932	0.5973	0.4096	1.0648	0.5849	0.9264	0.5583
933	0.5984	0.4124	1.0439	0.5815	0.897	0.5594
934	0.6601	0.4826	1.0916	0.6291	0.9401	0.6086
935	0.6082	0.4211	1.0659	0.5933	0.932	0.5704
936	0.6154	0.4273	1.0587	0.595	0.9411	0.5792
937	0.6369	0.4572	1.0785	0.6111	0.9459	0.5928
938	0.6212	0.4326	1.0554	0.6011	0.9247	0.5787
939	0.6045	0.4183	1.0638	0.5847	0.9375	0.5668
940	0.5992	0.4133	1.0415	0.5823	0.9002	0.5627
941	0.6065	0.417	1.0676	0.5958	0.9437	0.5701
942	0.6065	0.4238	1.0538	0.5869	0.9064	0.57
943	0.6157	0.4321	1.065	0.6051	0.9323	0.581
944	0.6007	0.4118	1.074	0.5922	0.9424	0.5679
945	0.5914	0.4065	1.059	0.5826	0.9035	0.556
946	0.591	0.4045	1.0528	0.5842	0.9142	0.5595
947	0.5938	0.4093	1.0534	0.5846	0.9085	0.5562
948	0.594	0.4059	1.0631	0.5861	0.9242	0.5586
949	0.6039	0.4144	1.0717	0.5987	0.94	0.5675
950	0.6166	0.4283	1.0727	0.6036	0.9405	0.577
951	0.6153	0.4359	1.0798	0.6103	0.9516	0.5831
952	0.6078	0.4268	1.0688	0.5978	0.9344	0.5803
953	0.5932	0.4083	1.0474	0.5866	0.9105	0.5591
954	0.6095	0.4243	1.063	0.5998	0.9318	0.5727
955	0.5938	0.4062	1.0563	0.5886	0.9341	0.563
956	0.5935	0.4108	1.0502	0.5807	0.9101	0.5624
957	0.5944	0.4083	1.0639	0.589	0.9326	0.5605
958	0.5973	0.4108	1.0615	0.5925	0.9356	0.566
959	0.6077	0.4298	1.0762	0.6006	0.9287	0.5713
960	0.6803	0.4967	1.1221	0.6584	1.0084	0.6336
961	0.6016	0.4215	1.0837	0.5987	0.9438	0.5731
962	0.5874	0.4041	1.0509	0.5858	0.9085	0.5638
963	0.5982	0.4116	1.0619	0.599	0.9358	0.568
964	0.5965	0.4126	1.0678	0.5954	0.9377	0.5671
965	0.5983	0.4203	1.0556	0.5934	0.9201	0.5729
966	0.6529	0.4675	1.0883	0.6334	0.9796	0.6091
967	0.598	0.4171	1.0564	0.5833	0.9247	0.5639
968	0.5841	0.3998	1.0493	0.5779	0.9225	0.5581
969	0.6114	0.4277	1.0682	0.6068	0.9479	0.5819
970	0.6277	0.4522	1.0689	0.6138	0.9253	0.5921
971	0.5916	0.4065	1.054	0.5873	0.9347	0.567
972	0.5878	0.4042	1.0492	0.5873	0.9195	0.5628
973	0.5939	0.4116	1.0538	0.5896	0.9286	0.5661
974	0.6041	0.4178	1.0642	0.5969	0.9419	0.5742
975	0.5905	0.4051	1.0636	0.5826	0.9372	0.5592
976	0.607	0.4237	1.0409	0.5951	0.9087	0.5746
977	0.5889	0.4037	1.0554	0.5796	0.9271	0.5577
978	0.586	0.4028	1.0461	0.5828	0.9145	0.555
979	0.583	0.3991	1.045	0.5775	0.912	0.5544
980	0.5853	0.4028	1.0431	0.5838	0.9145	0.5597
981	0.5905	0.41	1.0441	0.5823	0.8996	0.5606
982	0.5918	0.4131	1.062	0.5945	0.9218	0.5686
983	0.5956	0.4112	1.0697	0.5951	0.9329	0.5695
984	0.6173	0.4371	1.0672	0.6133	0.9393	0.5914
985	0.6302	0.4561	1.0894	0.6171	0.9399	0.5969
986	0.6027	0.4233	1.0576	0.5963	0.9194	0.5695
987	0.6025	0.4178	1.0631	0.5974	0.9429	0.573
988	0.606	0.4277	1.0635	0.6019	0.9201	0.5775
989	0.5886	0.4049	1.0586	0.5892	0.9369	0.569
990	0.6088	0.4208	1.0808	0.6005	0.9621	0.5779
991	0.6485	0.4803	1.0967	0.6529	0.9545	0.622
992	0.5832	0.3998	1.0612	0.5828	0.9226	0.5605
993	0.6193	0.4367	1.0604	0.6124	0.9387	0.5904
994	0.6472	0.4758	1.0786	0.6294	0.938	0.6088
995	0.6235	0.4407	1.0811	0.6152	0.9572	0.5905
996	0.5814	0.3986	1.0462	0.5799	0.9132	0.5594
997	0.5929	0.4099	1.082	0.5872	0.9449	0.5654
998	0.601	0.4159	1.0746	0.6	0.9412	0.5748
999	0.5787	0.3946	1.0509	0.5798	0.9083	0.5517
1000	0.5768	0.3946	1.0389	0.5733	0.8922	0.5503
1001	0.5859	0.4005	1.065	0.5896	0.9251	0.5598
1002	0.5731	0.3888	1.0509	0.5759	0.9091	0.5509
1003	0.5759	0.3941	1.0455	0.574	0.9011	0.5537
1004	0.5802	0.3962	1.0633	0.5843	0.9223	0.5591
1005	0.5755	0.3926	1.0469	0.578	0.9024	0.5544
1006	0.5759	0.3952	1.0523	0.5788	0.9032	0.555
1007	0.5723	0.3875	1.0556	0.5787	0.914	0.5515
1008	0.5733	0.3892	1.0522	0.5779	0.913	0.553
1009	0.5771	0.3973	1.0559	0.5813	0.9117	0.557
1010	0.5773	0.3936	1.0494	0.581	0.911	0.5561
1011	0.5718	0.3882	1.0476	0.5756	0.9066	0.5512
1012	0.5767	0.3971	1.0516	0.579	0.9073	0.5567
1013	0.5839	0.4007	1.0586	0.5888	0.9228	0.5622
1014	0.5714	0.39	1.0474	0.5743	0.9013	0.5509
1015	0.5717	0.3891	1.0567	0.5785	0.9143	0.5528
1016	0.5718	0.3888	1.0513	0.5791	0.9131	0.5527
1017	0.572	0.3913	1.0531	0.5787	0.9083	0.5539
1018	0.5711	0.3881	1.0542	0.5808	0.9107	0.5521
1019	0.5699	0.387	1.0556	0.5796	0.91	0.5506
1020	0.5693	0.3875	1.0525	0.5767	0.9076	0.5505
1021	0.5692	0.3872	1.053	0.5781	0.909	0.5517
1022	0.574	0.3908	1.055	0.5834	0.9153	0.5546
1023	0.5695	0.3876	1.052	0.5788	0.9083	0.5515
1024	0.5691	0.3864	1.0538	0.5776	0.9081	0.549
1025	0.5687	0.3856	1.0553	0.5752	0.9112	0.5477
1026	0.5683	0.3851	1.0527	0.5749	0.9096	0.5482
1027	0.5692	0.3869	1.0552	0.5775	0.9095	0.5505
1028	0.569	0.3877	1.0479	0.5739	0.9023	0.5499
1029	0.5682	0.3856	1.0534	0.5749	0.9095	0.5484
1030	0.5687	0.3853	1.0566	0.577	0.9152	0.5488
1031	0.5688	0.3859	1.0526	0.5769	0.9131	0.5503
1032	0.5727	0.3924	1.0566	0.5782	0.9104	0.5532
1033	0.5672	0.385	1.051	0.5738	0.9051	0.5471
1034	0.568	0.3847	1.0533	0.5758	0.9083	0.5479
1035	0.5708	0.3896	1.0555	0.577	0.9097	0.5514
1036	0.5667	0.384	1.0474	0.574	0.9025	0.5474
1037	0.5719	0.3888	1.0585	0.5827	0.9158	0.5524
1038	0.5674	0.3852	1.0517	0.5746	0.9082	0.547
1039	0.5683	0.3868	1.054	0.576	0.9101	0.5497
1040	0.5683	0.3869	1.0531	0.5756	0.9089	0.5501
1041	0.5676	0.3852	1.0519	0.5759	0.9076	0.5496
1042	0.5686	0.3861	1.0587	0.5785	0.9152	0.5517
1043	0.5684	0.3869	1.0562	0.5757	0.9092	0.5509
1044	0.5668	0.3856	1.0518	0.5758	0.9034	0.5503
1045	0.5707	0.3882	1.0562	0.5817	0.9126	0.5531
1046	0.5671	0.3849	1.0578	0.5777	0.9129	0.5494
1047	0.5661	0.3833	1.0557	0.5765	0.9113	0.5484
1048	0.5665	0.3844	1.0559	0.5769	0.9101	0.5503
1049	0.5664	0.3852	1.0459	0.5746	0.8977	0.5497
1050	0.569	0.3865	1.0567	0.5799	0.9136	0.5535
1051	0.5674	0.3847	1.0535	0.5776	0.9117	0.551
1052	0.5666	0.3855	1.0556	0.5773	0.9094	0.5509
1053	0.5668	0.3853	1.0579	0.5766	0.9134	0.551
1054	0.5658	0.3842	1.053	0.5747	0.9092	0.5495
1055	0.5679	0.3861	1.0504	0.5767	0.9089	0.5512
1056	0.5668	0.3849	1.0541	0.578	0.911	0.55
1057	0.5688	0.3865	1.0615	0.5802	0.9188	0.5523
1058	0.5674	0.3862	1.0513	0.5758	0.909	0.5516
1059	0.5692	0.3878	1.0529	0.5795	0.9089	0.5529
1060	0.5661	0.3862	1.047	0.5752	0.8979	0.5489
1061	0.5656	0.3849	1.0539	0.577	0.9091	0.5504
1062	0.5684	0.3873	1.051	0.5788	0.909	0.5529
1063	0.5664	0.3861	1.0577	0.5795	0.9103	0.5517
1064	0.5678	0.3888	1.049	0.5752	0.8971	0.5509
1065	0.5672	0.3856	1.0557	0.5789	0.9115	0.551
1066	0.5719	0.3898	1.0584	0.5826	0.9183	0.5551
1067	0.5644	0.3838	1.0523	0.5735	0.9073	0.5485
1068	0.5682	0.3888	1.0568	0.5768	0.9084	0.5517
1069	0.5666	0.384	1.0594	0.5784	0.9174	0.5504
1070	0.5659	0.3841	1.0541	0.5752	0.9122	0.5495
1071	0.5662	0.3839	1.0568	0.577	0.9131	0.5494
1072	0.5648	0.3831	1.0496	0.5759	0.9059	0.5489
1073	0.5643	0.3828	1.0489	0.575	0.9057	0.5483
1074	0.5653	0.3836	1.0554	0.5779	0.9126	0.5497
1075	0.5656	0.3857	1.0543	0.5749	0.9064	0.5489
1076	0.5663	0.3872	1.0517	0.5744	0.9015	0.5494
1077	0.5658	0.3843	1.0492	0.5768	0.9034	0.5484
1078	0.5664	0.3845	1.0535	0.5776	0.91	0.5494
1079	0.5665	0.3853	1.0613	0.577	0.9167	0.5508
1080	0.5637	0.3831	1.0488	0.5739	0.9037	0.5479
1081	0.5671	0.3871	1.0479	0.5789	0.9028	0.5512
1082	0.5662	0.3871	1.0493	0.5778	0.9033	0.5495
1083	0.5646	0.3835	1.0516	0.5775	0.9086	0.5487
1084	0.5672	0.3862	1.0489	0.5781	0.9048	0.5527
1085	0.5643	0.3831	1.0491	0.5763	0.9036	0.5488
1086	0.5649	0.3836	1.056	0.578	0.9117	0.5486
1087	0.5644	0.3831	1.0558	0.5744	0.913	0.5503
1088	0.5682	0.3863	1.0622	0.5801	0.9209	0.5534
1089	0.5632	0.3826	1.0559	0.5766	0.9122	0.5484
1090	0.5624	0.3825	1.0554	0.5758	0.9049	0.5474
1091	0.5651	0.3838	1.0634	0.5799	0.9145	0.5499
1092	0.5661	0.3854	1.0592	0.5801	0.9134	0.5506
1093	0.5629	0.3826	1.0599	0.5774	0.9112	0.5494
1094	0.5679	0.3882	1.0578	0.583	0.9107	0.5542
1095	0.5626	0.3827	1.0563	0.5771	0.9086	0.5497
1096	0.5644	0.3852	1.0568	0.576	0.9106	0.5505
1097	0.566	0.3864	1.0635	0.5784	0.9154	0.5521
1098	0.5682	0.3878	1.0569	0.5826	0.9135	0.5554
1099	0.5626	0.3822	1.0508	0.5763	0.9026	0.549
1100	0.5627	0.3827	1.0562	0.5771	0.9075	0.5494
1101	0.5621	0.3824	1.0523	0.5738	0.9056	0.5495
1102	0.5645	0.383	1.0594	0.5802	0.9166	0.5531
1103	0.5624	0.3812	1.0559	0.578	0.9084	0.5499
1104	0.5625	0.3838	1.056	0.5765	0.9052	0.5499
1105	0.5636	0.3852	1.0598	0.5777	0.9115	0.5519
1106	0.5619	0.3817	1.0548	0.5759	0.9086	0.5489
1107	0.5619	0.3826	1.0561	0.578	0.9074	0.5502
1108	0.5619	0.3819	1.0555	0.5772	0.9067	0.5475
1109	0.5614	0.3815	1.0531	0.5757	0.9005	0.5456
1110	0.566	0.3848	1.0576	0.5794	0.9079	0.5492
1111	0.5612	0.3808	1.0548	0.573	0.9056	0.5467
1112	0.5653	0.3836	1.0666	0.5783	0.9237	0.5509
1113	0.561	0.3807	1.0546	0.5732	0.9056	0.5476
1114	0.5653	0.3846	1.0597	0.5809	0.9137	0.5538
1115	0.5607	0.3813	1.0509	0.5735	0.9043	0.5489
1116	0.5611	0.381	1.0594	0.5769	0.9104	0.5486
1117	0.5668	0.386	1.0611	0.5818	0.9146	0.5516
1118	0.5609	0.3812	1.0562	0.574	0.9098	0.5466
1119	0.5605	0.3806	1.0551	0.5726	0.9089	0.5465
1120	0.5632	0.3847	1.0595	0.5778	0.9086	0.5512
1121	0.5602	0.3798	1.0542	0.5743	0.9067	0.549
1122	0.5601	0.3803	1.0532	0.5728	0.9049	0.5487
1123	0.5622	0.3817	1.0548	0.5762	0.9085	0.5515
1124	0.5604	0.3803	1.0534	0.5753	0.906	0.5484
1125	0.5602	0.3801	1.0586	0.576	0.9138	0.5479
1126	0.56	0.3798	1.0562	0.5746	0.9098	0.5475
1127	0.5632	0.3854	1.0555	0.5754	0.9036	0.5502
1128	0.5604	0.3808	1.0499	0.5726	0.9	0.5465
1129	0.5617	0.3815	1.0576	0.577	0.9112	0.5478
1130	0.5647	0.385	1.0508	0.5766	0.9036	0.5517
1131	0.561	0.3821	1.0538	0.574	0.9025	0.5482
1132	0.5609	0.3803	1.051	0.5751	0.9025	0.5487
1133	0.5602	0.3804	1.0508	0.5733	0.9062	0.5486
1134	0.5597	0.3793	1.0539	0.5748	0.908	0.5476
1135	0.5618	0.3824	1.0603	0.5775	0.9114	0.5508
1136	0.5616	0.3813	1.0555	0.5775	0.9087	0.5509
1137	0.5619	0.3816	1.0596	0.5793	0.911	0.5506
1138	0.5609	0.3816	1.056	0.575	0.9079	0.5493
1139	0.5593	0.3806	1.0498	0.5731	0.9013	0.5471
1140	0.5595	0.3795	1.0522	0.5759	0.9052	0.5481
1141	0.5591	0.3792	1.0534	0.5735	0.9086	0.5467
1142	0.5592	0.3797	1.0521	0.5735	0.9066	0.5472
1143	0.5592	0.3796	1.0512	0.5737	0.905	0.5466
1144	0.5599	0.3791	1.0541	0.576	0.91	0.5475
1145	0.5594	0.3801	1.0542	0.5722	0.9091	0.5482
1146	0.5594	0.3798	1.0529	0.5733	0.9104	0.549
1147	0.5588	0.3793	1.0457	0.5729	0.8994	0.5473
1148	0.5629	0.3848	1.0571	0.5771	0.9108	0.5515
1149	0.5588	0.3789	1.0522	0.5722	0.9093	0.5456
1150	0.5596	0.3804	1.0516	0.5735	0.9073	0.5485
1151	0.5595	0.3809	1.0487	0.5713	0.904	0.5486
1152	0.559	0.379	1.0536	0.5738	0.9127	0.5477
1153	0.5599	0.3812	1.0504	0.5724	0.9032	0.5467
1154	0.5602	0.3823	1.055	0.5753	0.9088	0.5503
1155	0.5616	0.3815	1.0557	0.5768	0.914	0.5503
1156	0.5621	0.3824	1.0522	0.5778	0.9128	0.5519
1157	0.5589	0.3804	1.0499	0.5721	0.9065	0.5483
1158	0.5581	0.3794	1.0522	0.5731	0.9055	0.5486
1159	0.5578	0.3795	1.049	0.5714	0.9014	0.5473
1160	0.5608	0.3806	1.0611	0.5769	0.9163	0.5488
1161	0.5626	0.3825	1.0552	0.5764	0.9162	0.5509
1162	0.5597	0.3797	1.056	0.576	0.9123	0.5482
1163	0.558	0.3791	1.0507	0.5733	0.9051	0.547
1164	0.5603	0.3814	1.0545	0.5767	0.9096	0.5485
1165	0.5582	0.3807	1.0496	0.5725	0.8995	0.5471
1166	0.5603	0.383	1.0502	0.5729	0.898	0.5492
1167	0.5625	0.3822	1.0557	0.578	0.9137	0.5508
1168	0.5644	0.3842	1.057	0.5803	0.9155	0.5544
1169	0.5611	0.3839	1.0521	0.5719	0.9067	0.5501
1170	0.5577	0.3788	1.0533	0.5709	0.9081	0.5458
1171	0.559	0.3804	1.0515	0.5749	0.9056	0.5481
1172	0.561	0.3825	1.0526	0.5778	0.9075	0.551
1173	0.559	0.3797	1.0529	0.5745	0.9131	0.5502
1174	0.5593	0.3827	1.0551	0.5735	0.91	0.5521
1175	0.5577	0.3785	1.057	0.5732	0.9123	0.5499
1176	0.5566	0.3784	1.0539	0.5717	0.9051	0.5471
1177	0.5598	0.3832	1.0507	0.5727	0.9007	0.5498
1178	0.5576	0.3797	1.0498	0.5721	0.9019	0.5477
1179	0.5607	0.3812	1.0568	0.5786	0.9123	0.5512
1180	0.5649	0.3868	1.0579	0.582	0.9138	0.556
1181	0.5576	0.3795	1.0565	0.5724	0.9086	0.5491
1182	0.5583	0.3812	1.0538	0.5728	0.9059	0.55
1183	0.5562	0.3785	1.0536	0.5726	0.9035	0.5475
1184	0.5589	0.3798	1.0585	0.5783	0.9106	0.5493
1185	0.5567	0.378	1.0553	0.5757	0.9067	0.5478
1186	0.5562	0.3785	1.0567	0.5757	0.9045	0.5476
1187	0.5568	0.3777	1.0617	0.5769	0.9138	0.5474
1188	0.5585	0.3794	1.0596	0.5772	0.9127	0.5497
1189	0.5605	0.3813	1.0628	0.5794	0.9162	0.5522
1190	0.5575	0.3783	1.0572	0.5764	0.9111	0.5498
1191	0.5579	0.3807	1.0544	0.5745	0.9082	0.5513
1192	0.5582	0.3808	1.0541	0.5733	0.9058	0.5495
1193	0.5567	0.3781	1.0585	0.5756	0.91	0.5482
1194	0.5554	0.3774	1.0531	0.5713	0.9014	0.5453
1195	0.5573	0.3787	1.0624	0.5748	0.9118	0.5466
1196	0.5579	0.3811	1.0588	0.5744	0.9074	0.547
1197	0.5576	0.3803	1.0552	0.5734	0.904	0.5467
1198	0.5594	0.3801	1.0577	0.5789	0.9106	0.5502
1199	0.5698	0.3921	1.0652	0.5885	0.922	0.5603
1200	0.556	0.3776	1.0535	0.5739	0.9047	0.5491
1201	0.5592	0.3828	1.0575	0.575	0.9064	0.551
1202	0.5562	0.3768	1.0571	0.575	0.9107	0.5482
1203	0.5557	0.3769	1.0576	0.5739	0.9115	0.5482
1204	0.5563	0.3775	1.0524	0.5736	0.9035	0.5472
1205	0.5558	0.377	1.0592	0.5752	0.907	0.5461
1206	0.5568	0.3803	1.0548	0.5734	0.9007	0.5479
1207	0.5545	0.3765	1.0526	0.5723	0.9039	0.5466
1208	0.5552	0.3762	1.0527	0.5729	0.9066	0.547
1209	0.5558	0.3762	1.0524	0.5737	0.9091	0.5474
1210	0.5562	0.3762	1.0548	0.5748	0.9114	0.5474
1211	0.5542	0.3757	1.0452	0.5702	0.8958	0.5464
1212	0.5562	0.3777	1.055	0.5758	0.9051	0.5488
1213	0.5549	0.3766	1.05	0.5716	0.9019	0.5456
1214	0.5552	0.3781	1.0514	0.5728	0.9004	0.547
1215	0.5564	0.3786	1.0539	0.5736	0.9045	0.5478
1216	0.5564	0.3795	1.057	0.5741	0.9115	0.5487
1217	0.5541	0.3761	1.0484	0.5728	0.9047	0.5469
1218	0.5571	0.3783	1.0597	0.5796	0.9141	0.5509
1219	0.5581	0.3789	1.0567	0.579	0.9149	0.5509
1220	0.5554	0.376	1.0552	0.5761	0.9129	0.5482
1221	0.5533	0.375	1.0509	0.5722	0.9048	0.5465
1222	0.5584	0.3835	1.0536	0.5759	0.9036	0.5514
1223	0.5534	0.3753	1.0486	0.5718	0.9002	0.5454
1224	0.554	0.3756	1.0533	0.573	0.9054	0.546
1225	0.5552	0.3765	1.0562	0.5739	0.9104	0.5469
1226	0.5547	0.3762	1.0482	0.5735	0.901	0.5479
1227	0.5535	0.3753	1.0507	0.5739	0.9019	0.5471
1228	0.5534	0.3748	1.0535	0.5735	0.9094	0.547
1229	0.5542	0.3756	1.0509	0.5732	0.9081	0.5477
1230	0.5529	0.3747	1.0497	0.5717	0.9054	0.5465
1231	0.5579	0.3824	1.0538	0.5745	0.9085	0.5505
1232	0.5537	0.3765	1.0515	0.5735	0.9041	0.5461
1233	0.557	0.3787	1.0552	0.5783	0.9079	0.5484
1234	0.5569	0.378	1.0636	0.5784	0.9162	0.5472
1235	0.5537	0.3756	1.0557	0.574	0.9083	0.5451
1236	0.5544	0.3782	1.0547	0.5744	0.908	0.5488
1237	0.5547	0.3771	1.0548	0.5742	0.9076	0.5492
1238	0.5529	0.3761	1.0564	0.5712	0.909	0.5475
1239	0.5527	0.3749	1.0582	0.5732	0.9121	0.5474
1240	0.5558	0.3778	1.0599	0.577	0.9126	0.5496
1241	0.5533	0.3765	1.049	0.5716	0.9021	0.5465
1242	0.556	0.3783	1.0559	0.5783	0.9081	0.5485
1243	0.5565	0.3801	1.0631	0.5771	0.9146	0.549
1244	0.5621	0.3896	1.0541	0.5762	0.905	0.5539
1245	0.5545	0.3763	1.0573	0.575	0.9118	0.5478
1246	0.5668	0.3892	1.0646	0.5871	0.9241	0.5584
1247	0.5559	0.378	1.0572	0.5776	0.9129	0.5494
1248	0.5522	0.3755	1.0489	0.5708	0.9012	0.5449
1249	0.5612	0.3884	1.0582	0.5783	0.9078	0.5531
1250	0.5589	0.3838	1.0537	0.5732	0.9043	0.5506
1251	0.5551	0.3758	1.0603	0.5756	0.916	0.5491
1252	0.5637	0.3858	1.0616	0.584	0.918	0.5577
1253	0.5525	0.3751	1.0538	0.5733	0.9049	0.5475
1254	0.5607	0.3867	1.0611	0.5776	0.9085	0.5537
1255	0.5523	0.374	1.0576	0.5709	0.9092	0.5456
1256	0.5531	0.3747	1.0563	0.5722	0.9103	0.5476
1257	0.5572	0.3821	1.0588	0.5743	0.9102	0.5521
1258	0.5555	0.3778	1.0563	0.5766	0.9099	0.5511
1259	0.5519	0.3748	1.0545	0.571	0.9063	0.5467
1260	0.5538	0.3757	1.0631	0.5755	0.9132	0.5481
1261	0.553	0.3759	1.0541	0.5729	0.9036	0.5476
1262	0.5528	0.3755	1.0557	0.5742	0.9082	0.5482
1263	0.5527	0.3756	1.0533	0.5738	0.902	0.5469
1264	0.5524	0.3759	1.0572	0.5754	0.905	0.5468
1265	0.5537	0.3779	1.0521	0.5722	0.8995	0.5474
1266	0.5536	0.3778	1.0552	0.5739	0.9023	0.5499
1267	0.5509	0.3736	1.0513	0.571	0.8979	0.5465
1268	0.5514	0.3739	1.0554	0.5731	0.9009	0.5455
1269	0.5518	0.3738	1.0562	0.5727	0.905	0.5459
1270	0.5507	0.3734	1.054	0.5705	0.8999	0.5453
1271	0.5511	0.3738	1.0551	0.5732	0.8999	0.5474
1272	0.5505	0.3737	1.0538	0.5718	0.9007	0.5467
1273	0.5533	0.3749	1.0615	0.5782	0.9131	0.5498
1274	0.5539	0.3767	1.0539	0.5764	0.9068	0.5509
1275	0.5531	0.3751	1.06	0.5769	0.9102	0.5482
1276	0.5508	0.3751	1.0533	0.5723	0.896	0.5442
1277	0.5531	0.3781	1.049	0.5726	0.8936	0.5459
1278	0.5543	0.3764	1.0596	0.5761	0.9066	0.5487
1279	0.5526	0.3748	1.0545	0.5736	0.903	0.547
1280	0.5513	0.3759	1.0468	0.5705	0.8902	0.5464
1281	0.552	0.3761	1.0568	0.5752	0.9001	0.5484
1282	0.5507	0.3746	1.0592	0.5725	0.9027	0.5463
1283	0.5537	0.3762	1.0616	0.5772	0.9072	0.5477
1284	0.5508	0.3737	1.056	0.5744	0.9019	0.547
1285	0.5504	0.3731	1.0585	0.5743	0.908	0.548
1286	0.5536	0.3786	1.0549	0.572	0.9034	0.5503
1287	0.5508	0.3746	1.0585	0.575	0.9059	0.5479
1288	0.5511	0.3753	1.0593	0.5724	0.907	0.5475
1289	0.5502	0.3738	1.0559	0.5728	0.9012	0.5464
1290	0.5515	0.3747	1.0572	0.5732	0.9032	0.5468
1291	0.5527	0.3779	1.0578	0.5736	0.9029	0.5482
1292	0.56	0.3879	1.0597	0.577	0.9025	0.5528
1293	0.5501	0.3731	1.0546	0.5713	0.9029	0.5434
1294	0.5537	0.3767	1.0517	0.5744	0.9039	0.547
1295	0.5515	0.3753	1.0495	0.5716	0.8989	0.5463
1296	0.5539	0.3771	1.0493	0.5743	0.9009	0.5476
1297	0.5609	0.3828	1.0638	0.5817	0.9181	0.5525
1298	0.5502	0.3743	1.053	0.5693	0.9018	0.5444
1299	0.5519	0.377	1.0526	0.5725	0.9013	0.5481
1300	0.552	0.3764	1.0566	0.5742	0.9051	0.5481
1301	0.551	0.3746	1.0476	0.5716	0.898	0.5467
1302	0.5526	0.375	1.0617	0.5762	0.9125	0.5473
1303	0.5511	0.3738	1.0585	0.5737	0.908	0.546
1304	0.5504	0.3731	1.0611	0.5754	0.9091	0.5467
1305	0.5488	0.3727	1.0569	0.5728	0.9015	0.5454
1306	0.5488	0.3725	1.0604	0.5735	0.9036	0.545
1307	0.556	0.3789	1.0621	0.579	0.9098	0.5504
1308	0.5481	0.3719	1.0572	0.5701	0.9016	0.5433
1309	0.5513	0.3764	1.0614	0.5737	0.9053	0.5477
1310	0.5492	0.3736	1.055	0.5689	0.8999	0.5442
1311	0.55	0.3732	1.0623	0.5742	0.9103	0.5463
1312	0.5482	0.372	1.0545	0.5699	0.8994	0.5428
1313	0.5486	0.373	1.0555	0.5718	0.9008	0.5444
1314	0.5494	0.3719	1.0593	0.5728	0.9083	0.5451
1315	0.5492	0.3722	1.057	0.5702	0.9071	0.546
1316	0.5515	0.3765	1.0551	0.5737	0.9008	0.5492
1317	0.5482	0.3723	1.0528	0.5705	0.8963	0.5441
1318	0.5473	0.37	1.0553	0.5718	0.9013	0.5435
1319	0.5514	0.3744	1.0537	0.5754	0.8991	0.5466
1320	0.5497	0.3741	1.0583	0.574	0.9031	0.5466
1321	0.5485	0.3722	1.0559	0.5701	0.9011	0.5447
1322	0.5479	0.3713	1.0518	0.5706	0.8963	0.545
1323	0.5562	0.3789	1.0609	0.5792	0.9117	0.5518
1324	0.5536	0.376	1.0634	0.5774	0.9153	0.5489
1325	0.5516	0.377	1.0564	0.5722	0.9011	0.5473
1326	0.5535	0.38	1.0575	0.5758	0.901	0.5501
1327	0.5494	0.3726	1.0584	0.5739	0.9015	0.5453
1328	0.5515	0.3749	1.0536	0.5739	0.9005	0.5458
1329	0.5505	0.3728	1.0573	0.5743	0.9061	0.5474
1330	0.5487	0.3729	1.05	0.57	0.8971	0.5461
1331	0.5524	0.379	1.0603	0.5771	0.904	0.551
1332	0.5474	0.3716	1.0499	0.5702	0.8973	0.5447
1333	0.5475	0.3706	1.0582	0.5717	0.9098	0.5445
1334	0.5487	0.3739	1.0556	0.5728	0.9028	0.5467
1335	0.5496	0.3762	1.0481	0.5729	0.8932	0.5473
1336	0.5479	0.3715	1.052	0.5735	0.9001	0.5454
1337	0.5513	0.3738	1.0598	0.5769	0.9092	0.5488
1338	0.5473	0.3709	1.0582	0.5718	0.9021	0.5458
1339	0.5484	0.3728	1.062	0.5734	0.9052	0.5473
1340	0.5477	0.372	1.0559	0.5724	0.8992	0.5452
1341	0.5477	0.372	1.0558	0.5732	0.8993	0.5447
1342	0.5474	0.3711	1.0595	0.5722	0.9042	0.5433
1343	0.5497	0.3743	1.064	0.5759	0.9066	0.5457
1344	0.5464	0.3702	1.055	0.571	0.8991	0.5432
1345	0.5492	0.3723	1.0617	0.5765	0.9061	0.5468
1346	0.5459	0.3696	1.0572	0.5713	0.9032	0.5449
1347	0.5485	0.3716	1.055	0.5728	0.9051	0.5487
1348	0.549	0.3715	1.0656	0.5756	0.9138	0.5469
1349	0.5472	0.3705	1.0588	0.5737	0.9052	0.5462
1350	0.5479	0.3719	1.0535	0.5735	0.9013	0.5467
1351	0.5472	0.3701	1.0575	0.5731	0.9058	0.5451
1352	0.5483	0.3706	1.0595	0.5738	0.9115	0.547
1353	0.549	0.3718	1.0579	0.5748	0.9088	0.5472
1354	0.5521	0.3763	1.0576	0.5788	0.9049	0.5501
1355	0.546	0.3699	1.0549	0.5723	0.9035	0.5455
1356	0.549	0.3748	1.0556	0.5732	0.9025	0.5483
1357	0.5488	0.372	1.063	0.576	0.9125	0.5478
1358	0.546	0.3708	1.051	0.5691	0.8996	0.5453
1359	0.5466	0.3704	1.0582	0.5718	0.9065	0.5446
1360	0.5481	0.372	1.0551	0.5736	0.9059	0.547
1361	0.5475	0.3715	1.0523	0.5731	0.9034	0.5473
1362	0.5476	0.3729	1.058	0.5742	0.9042	0.5471
1363	0.5463	0.3713	1.0524	0.5703	0.899	0.5441
1364	0.5476	0.3721	1.0577	0.574	0.9034	0.5461
1365	0.5485	0.3727	1.0567	0.5746	0.9042	0.5476
1366	0.5451	0.3694	1.053	0.5694	0.8989	0.5445
1367	0.5476	0.3705	1.0603	0.5741	0.9093	0.5471
1368	0.5472	0.3715	1.0578	0.5698	0.9069	0.5467
1369	0.547	0.37	1.0566	0.5718	0.9065	0.5468
1370	0.549	0.3721	1.0594	0.5749	0.9102	0.5493
1371	0.5475	0.3703	1.0614	0.5744	0.911	0.5468
1372	0.5501	0.3766	1.0582	0.5723	0.9026	0.5484
1373	0.5463	0.3705	1.0557	0.5716	0.9012	0.5457
1374	0.5484	0.3722	1.0558	0.574	0.903	0.5456
1375	0.5513	0.3761	1.0499	0.5752	0.8986	0.5483
1376	0.5524	0.3753	1.0621	0.578	0.9162	0.5485
1377	0.5452	0.3704	1.052	0.5684	0.9016	0.5437
1378	0.548	0.3761	1.055	0.5726	0.901	0.549
1379	0.5477	0.3742	1.0525	0.5716	0.8968	0.5464
1380	0.546	0.3708	1.0578	0.5745	0.9057	0.5448
1381	0.5458	0.3693	1.0536	0.572	0.9055	0.5451
1382	0.5473	0.3707	1.0568	0.5733	0.9077	0.5466
1383	0.5486	0.3725	1.0563	0.5747	0.9064	0.5487
1384	0.5441	0.3695	1.0507	0.5699	0.8993	0.5452
1385	0.545	0.3706	1.0541	0.5729	0.9004	0.5456
1386	0.5436	0.3684	1.0514	0.5713	0.8979	0.5441
1387	0.5459	0.371	1.0589	0.5741	0.905	0.5471
1388	0.5523	0.3772	1.0608	0.5811	0.9108	0.5524
1389	0.5496	0.3736	1.0544	0.5772	0.9025	0.5483
1390	0.5446	0.3698	1.05	0.5719	0.894	0.5446
1391	0.5482	0.3747	1.0511	0.5714	0.8954	0.5484
1392	0.5465	0.3704	1.0514	0.5729	0.9002	0.548
1393	0.5466	0.3705	1.0482	0.5715	0.8992	0.5466
1394	0.5461	0.3706	1.0554	0.5726	0.9021	0.5449
1395	0.5444	0.3707	1.046	0.5671	0.8922	0.544
1396	0.5443	0.3708	1.046	0.5662	0.8936	0.5432
1397	0.5448	0.3689	1.0568	0.5716	0.9069	0.5425
1398	0.5437	0.369	1.0496	0.5693	0.8976	0.5419
1399	0.5439	0.3689	1.0506	0.5707	0.8996	0.5429
1400	0.546	0.3719	1.0514	0.5714	0.8977	0.5454
1401	0.5464	0.3733	1.0559	0.573	0.9029	0.5469
1402	0.5428	0.3676	1.0516	0.5681	0.8983	0.5427
1403	0.5461	0.37	1.0577	0.5738	0.9058	0.5467
1404	0.5457	0.3703	1.0489	0.5715	0.8975	0.5457
1405	0.5445	0.3686	1.0536	0.5726	0.9011	0.5441
1406	0.5438	0.3692	1.0518	0.572	0.8959	0.5433
1407	0.5443	0.3693	1.0524	0.5721	0.8976	0.5441
1408	0.5438	0.3693	1.0523	0.5711	0.8955	0.545
1409	0.5445	0.3705	1.0501	0.5696	0.8932	0.5448
1410	0.5436	0.3694	1.0502	0.5704	0.8947	0.5442
1411	0.5426	0.3675	1.055	0.5716	0.9019	0.5431
1412	0.5497	0.3743	1.0627	0.5784	0.9138	0.5496
1413	0.5445	0.3697	1.0497	0.571	0.8993	0.546
1414	0.5432	0.3694	1.0505	0.5695	0.8965	0.545
1415	0.5443	0.3699	1.0539	0.5706	0.9012	0.5443
1416	0.543	0.3674	1.0529	0.5708	0.9028	0.5429
1417	0.5433	0.3698	1.0514	0.5702	0.8957	0.5435
1418	0.5424	0.3673	1.053	0.5707	0.8978	0.5401
1419	0.5443	0.3687	1.0507	0.5724	0.8971	0.5423
1420	0.5454	0.3695	1.0533	0.573	0.9	0.5439
1421	0.5454	0.3723	1.0521	0.5709	0.8952	0.5436
1422	0.5432	0.3693	1.0538	0.5704	0.9017	0.5422
1423	0.5424	0.3676	1.056	0.571	0.9055	0.5417
1424	0.5479	0.3727	1.059	0.577	0.9085	0.5472
1425	0.5428	0.3681	1.0561	0.571	0.9045	0.5434
1426	0.5452	0.3716	1.0616	0.573	0.9075	0.5446
1427	0.5427	0.3675	1.056	0.5726	0.9019	0.543
1428	0.5457	0.3708	1.0508	0.5732	0.8982	0.5475
1429	0.5494	0.3742	1.0597	0.5779	0.9068	0.5492
1430	0.5424	0.3688	1.0575	0.5717	0.9011	0.5449
1431	0.5422	0.3672	1.0548	0.5715	0.9025	0.5445
1432	0.5462	0.371	1.0556	0.5769	0.9069	0.5482
1433	0.5456	0.3701	1.0589	0.577	0.9066	0.5461
1434	0.5419	0.3678	1.0516	0.5699	0.8971	0.5417
1435	0.5422	0.367	1.0562	0.5722	0.9072	0.5427
1436	0.5411	0.3664	1.0486	0.5688	0.8994	0.543
1437	0.5437	0.3691	1.0519	0.5735	0.8994	0.546
1438	0.5439	0.3712	1.0551	0.573	0.8987	0.5467
1439	0.5407	0.3661	1.0531	0.5694	0.8977	0.5418
1440	0.5433	0.3685	1.056	0.573	0.9003	0.544
1441	0.5418	0.3675	1.0553	0.5702	0.8985	0.5421
1442	0.5427	0.368	1.0577	0.5722	0.9071	0.5454
1443	0.5414	0.3675	1.0568	0.5709	0.9013	0.5445
1444	0.5415	0.3674	1.0577	0.573	0.8997	0.5447
1445	0.5485	0.3739	1.0618	0.5785	0.9073	0.55
1446	0.5421	0.3672	1.0567	0.5714	0.9006	0.5436
1447	0.5412	0.3672	1.0573	0.5724	0.8993	0.5437
1448	0.5475	0.3764	1.057	0.5747	0.8986	0.549
1449	0.5415	0.3686	1.0486	0.5682	0.892	0.5428
1450	0.5412	0.3667	1.0576	0.5721	0.9016	0.5422
1451	0.5407	0.3663	1.0528	0.5708	0.8967	0.5411
1452	0.5519	0.3763	1.0654	0.5811	0.9141	0.5504
1453	0.5501	0.3755	1.0618	0.5817	0.9085	0.5502
1454	0.5418	0.3683	1.0522	0.5733	0.8931	0.5436
1455	0.5407	0.3674	1.0539	0.571	0.8966	0.543
1456	0.5425	0.3696	1.0579	0.5716	0.8991	0.5434
1457	0.5437	0.3696	1.0566	0.5746	0.8995	0.5448
1458	0.5444	0.3702	1.0547	0.5745	0.9026	0.5473
1459	0.5434	0.3698	1.0641	0.5769	0.9071	0.5463
1460	0.5435	0.3707	1.0494	0.5701	0.889	0.5438
1461	0.5431	0.3695	1.0613	0.5766	0.9048	0.5459
1462	0.5441	0.3702	1.053	0.5745	0.8973	0.5464
1463	0.5434	0.3688	1.0617	0.5755	0.9008	0.5443
1464	0.5406	0.367	1.0559	0.5706	0.8951	0.5422
1465	0.541	0.3676	1.0559	0.5707	0.8982	0.5436
1466	0.5433	0.3704	1.0605	0.5736	0.9021	0.5459
1467	0.5417	0.3689	1.0532	0.5691	0.8977	0.5438
1468	0.5429	0.3681	1.0602	0.5744	0.9077	0.5461
1469	0.5406	0.3665	1.0447	0.5685	0.8917	0.5433
1470	0.5417	0.3668	1.0569	0.5728	0.9036	0.5444
1471	0.547	0.373	1.0603	0.5783	0.9063	0.5476
1472	0.542	0.3681	1.0538	0.5716	0.8985	0.5454
1473	0.5398	0.3661	1.0521	0.5674	0.8945	0.5416
1474	0.5408	0.3662	1.0585	0.5709	0.9028	0.5426
1475	0.5414	0.3679	1.0516	0.5724	0.8962	0.545
1476	0.5403	0.367	1.0536	0.571	0.894	0.5435
1477	0.5402	0.3659	1.0599	0.5729	0.9026	0.5444
1478	0.5441	0.3696	1.0602	0.5768	0.9066	0.5469
1479	0.5389	0.3653	1.0562	0.5715	0.8948	0.5424
1480	0.5463	0.3762	1.0585	0.5762	0.8949	0.5499
1481	0.5391	0.3649	1.0515	0.5688	0.8934	0.5431
1482	0.546	0.371	1.0582	0.5769	0.9039	0.5487
1483	0.5413	0.3669	1.0508	0.5705	0.8974	0.5457
1484	0.5395	0.3662	1.0531	0.5693	0.8974	0.5451
1485	0.5425	0.3703	1.0572	0.5741	0.8995	0.5486
1486	0.5388	0.366	1.046	0.5683	0.8933	0.5453
1487	0.542	0.3669	1.0619	0.5722	0.9136	0.5456
1488	0.5399	0.3664	1.0577	0.5701	0.9056	0.5452
1489	0.5395	0.3664	1.0575	0.5708	0.9005	0.544
1490	0.5398	0.3665	1.0571	0.5687	0.8994	0.5423
1491	0.5396	0.3675	1.0535	0.5706	0.8982	0.5453
1492	0.5394	0.3663	1.0516	0.572	0.8979	0.5453
1493	0.5438	0.37	1.0588	0.5775	0.907	0.5482
1494	0.5384	0.3653	1.0495	0.5686	0.8971	0.5435
1495	0.5389	0.3657	1.0581	0.5706	0.9039	0.5436
1496	0.5401	0.3674	1.0517	0.5684	0.8936	0.5434
1497	0.5395	0.3672	1.0543	0.5715	0.8975	0.5449
1498	0.5423	0.3684	1.0595	0.5741	0.9086	0.5462
1499	0.5539	0.3809	1.0623	0.5836	0.9172	0.5567
