epoch:	train_RMSD:	train_MAE:	val_RMSD:	val_MAE:	test_RMSD:	test_MAE:
0	6.2591	5.6266	6.4145	5.8114	6.3835	5.7589
1	4.2554	3.4442	4.3867	3.5985	4.3185	3.5235
2	4.366	3.4812	4.3354	3.4307	4.2604	3.4308
3	3.5062	2.8002	3.5777	2.8717	3.5136	2.8301
4	3.252	2.6114	3.3118	2.6671	3.2488	2.6521
5	3.0772	2.4854	3.1014	2.4923	3.0262	2.4918
6	3.0528	2.5108	3.0992	2.533	3.0123	2.5275
7	3.0201	2.4422	3.044	2.4411	2.956	2.4341
8	2.9668	2.4174	3.0044	2.4339	2.9186	2.4281
9	2.8662	2.2904	2.8803	2.289	2.7945	2.2838
10	2.6839	2.1183	2.6927	2.122	2.6111	2.1149
11	2.4998	1.9395	2.497	1.9331	2.4305	1.9184
12	2.4116	1.8286	2.398	1.8104	2.3525	1.7984
13	2.3968	1.79	2.3743	1.7665	2.3372	1.7581
14	2.3751	1.8145	2.3682	1.8	2.3212	1.7834
15	2.3572	1.791	2.3498	1.7757	2.2964	1.7606
16	2.3453	1.7839	2.3473	1.7731	2.2862	1.7562
17	2.3308	1.7492	2.3348	1.7407	2.2664	1.7204
18	2.3137	1.7392	2.3155	1.7294	2.2493	1.7123
19	2.2968	1.7344	2.3031	1.7301	2.2341	1.7106
20	2.2833	1.6939	2.2829	1.6851	2.2113	1.6663
21	2.2557	1.6813	2.2599	1.6764	2.1851	1.6548
22	2.2265	1.6829	2.2507	1.692	2.1659	1.6636
23	2.192	1.6553	2.2236	1.6694	2.1302	1.6357
24	2.1436	1.5936	2.1732	1.6041	2.0724	1.5676
25	2.1074	1.5456	2.131	1.5472	2.0306	1.5148
26	2.0635	1.5148	2.087	1.5167	1.991	1.4843
27	2.0552	1.5457	2.0806	1.5607	2.004	1.5201
28	2.0056	1.4928	2.0163	1.4961	1.9498	1.4614
29	1.9573	1.428	1.9546	1.4167	1.8944	1.4006
30	1.9128	1.4021	1.9063	1.3899	1.8588	1.3823
31	1.9517	1.4747	1.9432	1.4769	1.9171	1.4601
32	1.8437	1.3508	1.8205	1.3257	1.7908	1.3324
33	1.8039	1.3277	1.781	1.3067	1.7587	1.3139
34	1.7741	1.2994	1.7489	1.2668	1.7251	1.2886
35	1.7791	1.3306	1.739	1.3113	1.7409	1.3115
36	1.7124	1.2622	1.6714	1.2308	1.6685	1.2448
37	1.7151	1.2606	1.6908	1.2287	1.6635	1.2449
38	1.6598	1.2329	1.642	1.2076	1.622	1.2241
39	1.6596	1.2361	1.6367	1.218	1.6285	1.2279
40	1.6048	1.1828	1.5963	1.1572	1.5715	1.1786
41	1.5787	1.1712	1.5839	1.1563	1.5559	1.1721
42	1.5589	1.1513	1.5733	1.1368	1.5313	1.1559
43	1.5944	1.2032	1.598	1.2004	1.5787	1.1963
44	1.5475	1.1419	1.5599	1.1237	1.5148	1.1442
45	1.5093	1.1145	1.5364	1.1092	1.4894	1.1202
46	1.5034	1.1192	1.5273	1.1184	1.4877	1.1231
47	1.51	1.1298	1.5358	1.1381	1.5016	1.1345
48	1.4927	1.0982	1.5197	1.0913	1.4684	1.0985
49	1.4948	1.1161	1.533	1.1324	1.4942	1.1267
50	1.4701	1.0814	1.5054	1.0852	1.4482	1.0833
51	1.5912	1.2132	1.6174	1.2354	1.5942	1.2127
52	1.51	1.1377	1.5399	1.1596	1.5129	1.1435
53	1.5512	1.1763	1.5906	1.2064	1.5624	1.1866
54	1.4621	1.0849	1.5026	1.1052	1.4632	1.0958
55	1.4354	1.0504	1.482	1.0598	1.4222	1.0536
56	1.4248	1.0445	1.4754	1.0627	1.4157	1.0493
57	1.4131	1.0331	1.463	1.0473	1.4029	1.0391
58	1.4028	1.0242	1.4593	1.0461	1.3983	1.0342
59	1.4039	1.0229	1.463	1.0379	1.3957	1.0277
60	1.3988	1.0251	1.4526	1.0498	1.402	1.0359
61	1.3912	1.0106	1.4584	1.0382	1.3927	1.0221
62	1.4705	1.1048	1.5267	1.1389	1.493	1.1167
63	1.3826	1.0103	1.4435	1.0397	1.3916	1.0226
64	1.3965	1.0121	1.4631	1.0283	1.3895	1.0164
65	1.3764	1.0085	1.4395	1.0412	1.3915	1.021
66	1.4	1.0346	1.4702	1.0718	1.4261	1.0527
67	1.356	0.984	1.4234	1.0087	1.3677	0.9945
68	1.349	0.9765	1.4187	1.0072	1.3554	0.9869
69	1.345	0.97	1.4189	1.002	1.3503	0.9796
70	1.4144	1.0514	1.4783	1.0888	1.4464	1.0722
71	1.355	0.9813	1.4292	1.0146	1.3628	0.9924
72	1.3433	0.9785	1.4153	1.0187	1.3662	0.9971
73	1.3321	0.9655	1.4003	0.9989	1.3501	0.9779
74	1.3208	0.9535	1.3966	0.9897	1.3414	0.9701
75	1.3255	0.9656	1.4004	1.0062	1.3539	0.9851
76	1.3167	0.9491	1.395	0.9809	1.3361	0.9587
77	1.3182	0.9579	1.393	1.0011	1.3437	0.975
78	1.3264	0.9654	1.4003	0.992	1.3408	0.9719
79	1.3015	0.9382	1.3765	0.9709	1.3236	0.951
80	1.3151	0.9558	1.4003	0.9987	1.35	0.9792
81	1.3046	0.9432	1.3849	0.9789	1.3325	0.959
82	1.2951	0.9408	1.3758	0.9796	1.3298	0.9575
83	1.2904	0.9353	1.3722	0.9738	1.3197	0.9495
84	1.2885	0.9325	1.3713	0.9752	1.3218	0.9518
85	1.2768	0.9161	1.3603	0.9527	1.3013	0.9282
86	1.2785	0.9267	1.3659	0.9742	1.3166	0.9477
87	1.28	0.9285	1.3614	0.9684	1.3091	0.943
88	1.2784	0.9252	1.3676	0.9738	1.3187	0.9492
89	1.2679	0.9114	1.3584	0.9551	1.3069	0.9329
90	1.2689	0.917	1.35	0.9535	1.2983	0.9309
91	1.2595	0.9103	1.3505	0.9543	1.2977	0.9287
92	1.2518	0.9013	1.3403	0.9467	1.2919	0.9211
93	1.2514	0.8943	1.3434	0.9345	1.2923	0.9141
94	1.2434	0.8911	1.3324	0.9364	1.2824	0.9136
95	1.2942	0.9433	1.3676	0.9674	1.3128	0.9492
96	1.2463	0.8955	1.334	0.9384	1.2839	0.9139
97	1.2389	0.8864	1.3366	0.9288	1.2809	0.9028
98	1.2379	0.8923	1.3326	0.9428	1.285	0.9147
99	1.2245	0.8763	1.3211	0.9241	1.2698	0.8997
100	1.2298	0.8848	1.3151	0.9213	1.2663	0.9013
101	1.2211	0.8753	1.3152	0.916	1.2634	0.8967
102	1.2137	0.8677	1.313	0.9155	1.2642	0.8953
103	1.228	0.8746	1.328	0.9185	1.2723	0.8954
104	1.2169	0.8753	1.3164	0.9282	1.2732	0.9042
105	1.2253	0.8924	1.3231	0.9333	1.2715	0.9145
106	1.2014	0.8666	1.3014	0.9133	1.2546	0.8932
107	1.215	0.8657	1.3206	0.9169	1.2613	0.8892
108	1.1902	0.8484	1.2971	0.898	1.2437	0.8726
109	1.1944	0.8619	1.2926	0.909	1.2502	0.8917
110	1.1884	0.8573	1.2953	0.905	1.2481	0.8863
111	1.2024	0.8653	1.3161	0.9236	1.2637	0.8939
112	1.2129	0.885	1.3059	0.9321	1.2741	0.9152
113	1.3708	1.0528	1.4576	1.1059	1.436	1.0833
114	1.4044	1.0827	1.4922	1.1297	1.4654	1.1061
115	1.2575	0.9256	1.3528	0.9732	1.3255	0.959
116	1.2002	0.8627	1.2931	0.8949	1.2418	0.8843
117	1.2542	0.9221	1.3336	0.9407	1.2891	0.937
118	1.1782	0.8503	1.2802	0.8996	1.2406	0.8788
119	1.1788	0.8521	1.2858	0.9017	1.2396	0.8803
120	1.1926	0.8686	1.2858	0.9007	1.2368	0.8901
121	1.1714	0.8418	1.2838	0.8962	1.2353	0.8724
122	1.1623	0.842	1.2678	0.8874	1.2286	0.8727
123	1.1442	0.819	1.2549	0.8666	1.2076	0.851
124	1.1861	0.8685	1.2905	0.9229	1.2495	0.8978
125	1.1802	0.8628	1.2808	0.8952	1.2328	0.8876
126	1.1786	0.8597	1.287	0.9055	1.2569	0.8957
127	1.1526	0.828	1.2456	0.8611	1.2014	0.8559
128	1.1627	0.841	1.2637	0.875	1.2098	0.8662
129	1.1517	0.8358	1.263	0.879	1.2322	0.8741
130	1.123	0.8035	1.2293	0.8429	1.1874	0.8364
131	1.116	0.8003	1.2231	0.843	1.1911	0.8353
132	1.1255	0.821	1.2359	0.8584	1.1965	0.8527
133	1.1082	0.7954	1.2231	0.8424	1.1835	0.831
134	1.1046	0.7984	1.2141	0.8405	1.1764	0.8337
135	1.1058	0.7962	1.2192	0.8405	1.1846	0.8332
136	1.1143	0.8072	1.2263	0.8507	1.1991	0.847
137	1.1015	0.7922	1.2083	0.8266	1.1723	0.8288
138	1.0931	0.7874	1.2031	0.828	1.1708	0.823
139	1.0927	0.7854	1.2127	0.8308	1.1761	0.8233
140	1.1456	0.8406	1.2433	0.8674	1.2083	0.8691
141	1.1269	0.8227	1.2401	0.8647	1.2107	0.8601
142	1.1127	0.812	1.2135	0.8439	1.1794	0.8446
143	1.0881	0.7856	1.2075	0.831	1.1784	0.8266
144	1.0881	0.7879	1.2004	0.8249	1.1666	0.8239
145	1.0863	0.786	1.2007	0.831	1.1793	0.8289
146	1.0746	0.777	1.1915	0.8164	1.1576	0.8127
147	1.0789	0.7795	1.1882	0.8246	1.1632	0.8217
148	1.1031	0.805	1.216	0.8383	1.1826	0.8407
149	1.086	0.7885	1.1919	0.8317	1.1655	0.8257
150	1.129	0.8323	1.2392	0.874	1.2144	0.8673
151	1.0847	0.7898	1.1931	0.8231	1.1672	0.8256
152	1.0616	0.764	1.1796	0.8057	1.1501	0.8058
153	1.0594	0.7607	1.1754	0.8036	1.1485	0.8036
154	1.0705	0.7808	1.1848	0.8183	1.1553	0.8189
155	1.0796	0.7849	1.1927	0.8311	1.1671	0.8262
156	1.0799	0.7872	1.1974	0.8209	1.1657	0.8236
157	1.062	0.7696	1.1773	0.8132	1.1513	0.8122
158	1.0643	0.7667	1.1776	0.8022	1.1507	0.8045
159	1.0459	0.7534	1.168	0.7963	1.1433	0.7967
160	1.0391	0.7451	1.1598	0.7884	1.1343	0.7894
161	1.0505	0.7553	1.1682	0.7992	1.1383	0.7957
162	1.0371	0.7476	1.1631	0.7937	1.1337	0.7922
163	1.0341	0.7445	1.1607	0.7863	1.1367	0.7904
164	1.0371	0.7469	1.1557	0.7892	1.1221	0.7874
165	1.0518	0.7626	1.1767	0.8074	1.1532	0.8055
166	1.0449	0.7566	1.1602	0.7903	1.1373	0.7973
167	1.0343	0.7511	1.1577	0.7904	1.1415	0.7977
168	1.025	0.7343	1.1504	0.7786	1.1256	0.7777
169	1.0342	0.7365	1.1461	0.7713	1.1179	0.7769
170	1.0368	0.7491	1.1626	0.7953	1.148	0.7999
171	1.0684	0.7829	1.1804	0.8112	1.1539	0.8206
172	1.063	0.7789	1.1802	0.8226	1.1625	0.8243
173	1.0214	0.7393	1.1455	0.7774	1.1273	0.7872
174	1.0134	0.7244	1.1399	0.7664	1.1211	0.7727
175	1.0173	0.7277	1.1385	0.7687	1.1171	0.7736
176	1.0109	0.7256	1.141	0.7666	1.1183	0.7737
177	1.0329	0.749	1.1496	0.7935	1.1348	0.7988
178	1.0062	0.7225	1.1364	0.766	1.1116	0.7709
179	1.0311	0.742	1.1535	0.7755	1.1268	0.7866
180	1.0034	0.7181	1.1303	0.7592	1.1117	0.7642
181	0.9997	0.7155	1.1351	0.762	1.109	0.7626
182	1.0008	0.715	1.1303	0.7596	1.1078	0.7633
183	0.9964	0.7113	1.1316	0.7568	1.1076	0.7611
184	1.0143	0.7317	1.1437	0.7811	1.1198	0.7832
185	0.993	0.7097	1.1332	0.7562	1.1141	0.7625
186	1.0033	0.7148	1.1362	0.7578	1.1072	0.7628
187	0.9964	0.7204	1.1338	0.7642	1.1106	0.7712
188	0.99	0.7115	1.1292	0.76	1.1084	0.7659
189	0.9866	0.7024	1.1222	0.7496	1.0967	0.7512
190	0.986	0.699	1.1243	0.7476	1.0948	0.75
191	0.9806	0.7027	1.1229	0.7541	1.0907	0.7549
192	0.9985	0.7259	1.1459	0.775	1.1212	0.7812
193	1.0169	0.7393	1.1496	0.7838	1.1257	0.7858
194	1.0211	0.7398	1.1417	0.7717	1.1194	0.786
195	0.9818	0.7049	1.1305	0.7533	1.1044	0.7585
196	0.9744	0.697	1.1202	0.7446	1.0956	0.7466
197	0.9865	0.7108	1.1225	0.7569	1.1007	0.759
198	1.0163	0.7448	1.1553	0.784	1.1318	0.795
199	0.9867	0.7117	1.1329	0.7612	1.1124	0.7654
200	1.0264	0.7462	1.1561	0.7771	1.1401	0.7979
201	0.9706	0.6963	1.1111	0.7407	1.0933	0.7527
202	1.0191	0.7427	1.1646	0.7854	1.1446	0.7963
203	1.015	0.7373	1.1454	0.7716	1.1211	0.7871
204	1.0247	0.754	1.1615	0.8002	1.1446	0.8073
205	1.0075	0.7334	1.1451	0.7658	1.1286	0.7872
206	0.9763	0.7042	1.1196	0.7473	1.1011	0.7572
207	1.0114	0.7394	1.1555	0.7862	1.1414	0.7956
208	0.9874	0.7072	1.1279	0.7506	1.1001	0.758
209	0.9593	0.6841	1.101	0.7316	1.0826	0.7395
210	0.9717	0.6981	1.1287	0.7455	1.1124	0.755
211	0.9552	0.6769	1.1	0.7277	1.0773	0.7324
212	0.9535	0.6795	1.1045	0.7223	1.0865	0.7344
213	0.9487	0.6748	1.1074	0.7261	1.0808	0.7346
214	0.9449	0.6745	1.1054	0.7213	1.0864	0.7314
215	0.9397	0.6672	1.0949	0.7148	1.0729	0.7214
216	0.939	0.666	1.0929	0.7164	1.0714	0.7245
217	0.9386	0.6682	1.0985	0.7176	1.0778	0.727
218	0.934	0.6623	1.0919	0.7124	1.066	0.7189
219	0.9324	0.6629	1.0917	0.7119	1.0703	0.7206
220	0.9457	0.678	1.1156	0.7281	1.0933	0.7408
221	0.9365	0.6685	1.096	0.7173	1.0806	0.7299
222	0.9315	0.661	1.0869	0.7111	1.0677	0.7206
223	0.9495	0.6808	1.0994	0.729	1.0761	0.7382
224	0.9368	0.6706	1.1065	0.7195	1.0853	0.7289
225	0.9454	0.6773	1.115	0.7249	1.0985	0.7405
226	0.9391	0.6697	1.0974	0.7196	1.0759	0.7294
227	0.9237	0.6539	1.0929	0.7053	1.0646	0.7133
228	0.9354	0.67	1.1033	0.72	1.0883	0.7335
229	0.9355	0.6678	1.1051	0.7224	1.0768	0.7298
230	0.9289	0.6658	1.0941	0.7134	1.0755	0.7275
231	0.9233	0.6539	1.0822	0.7062	1.0569	0.7135
232	0.9206	0.656	1.0826	0.7041	1.0696	0.717
233	0.9197	0.6588	1.0959	0.7065	1.0711	0.7181
234	0.9278	0.666	1.1001	0.7207	1.0726	0.7295
235	0.9425	0.6843	1.0996	0.7339	1.0827	0.7403
236	0.9238	0.6544	1.086	0.7058	1.0591	0.712
237	0.9135	0.6513	1.0908	0.7009	1.0694	0.716
238	0.9155	0.6546	1.0917	0.7083	1.0678	0.7168
239	0.9052	0.6459	1.0904	0.6978	1.0618	0.7089
240	0.9173	0.6544	1.0834	0.7061	1.0585	0.7169
241	0.9044	0.6413	1.0872	0.6934	1.0619	0.7045
242	0.9027	0.6402	1.0843	0.694	1.0614	0.7058
243	0.9127	0.6498	1.0841	0.7004	1.0589	0.7109
244	0.9072	0.6463	1.0917	0.6991	1.0582	0.7069
245	0.9022	0.6418	1.0816	0.6949	1.0616	0.7041
246	0.9033	0.6435	1.0803	0.6976	1.059	0.7103
247	0.8955	0.6354	1.0808	0.6883	1.0491	0.6984
248	0.9085	0.6484	1.0993	0.7038	1.0748	0.7165
249	0.9785	0.721	1.1358	0.765	1.1056	0.7806
250	0.9519	0.6967	1.1155	0.7463	1.0964	0.7572
251	0.9121	0.6508	1.0794	0.6992	1.0604	0.712
252	0.9006	0.6446	1.0813	0.6969	1.057	0.7102
253	0.896	0.6408	1.0774	0.6959	1.0564	0.7101
254	0.8969	0.6418	1.0864	0.6914	1.0658	0.7069
255	0.9253	0.667	1.086	0.7204	1.0574	0.7247
256	0.8925	0.635	1.0758	0.6847	1.0504	0.6961
257	0.8934	0.6367	1.0831	0.6947	1.0532	0.7058
258	0.9039	0.6458	1.1005	0.7	1.0723	0.7132
259	0.9355	0.6769	1.1099	0.7243	1.0801	0.742
260	0.8971	0.6446	1.0761	0.6962	1.0591	0.7091
261	0.8797	0.6249	1.0662	0.6798	1.0364	0.6877
262	0.903	0.6482	1.0802	0.7025	1.056	0.7145
263	0.8794	0.6255	1.0701	0.6809	1.0421	0.6935
264	0.9145	0.6632	1.0917	0.7163	1.0711	0.7229
265	0.902	0.6482	1.0836	0.6962	1.0612	0.712
266	0.8927	0.6441	1.0844	0.6963	1.0561	0.7089
267	0.8884	0.6341	1.0649	0.6933	1.0365	0.7002
268	0.8881	0.6398	1.0774	0.6937	1.0564	0.7046
269	0.9063	0.653	1.0898	0.708	1.0588	0.7191
270	0.889	0.6378	1.0865	0.6922	1.0619	0.7069
271	0.8744	0.623	1.0846	0.6846	1.053	0.6943
272	0.89	0.6346	1.072	0.6907	1.0409	0.6998
273	0.8771	0.6266	1.0807	0.6836	1.0541	0.6931
274	0.8706	0.6212	1.0715	0.678	1.0472	0.6898
275	0.9032	0.6571	1.1041	0.7113	1.0709	0.7235
276	0.8721	0.6235	1.074	0.6794	1.0504	0.6912
277	0.8724	0.6191	1.0623	0.6769	1.0302	0.6853
278	0.8668	0.6159	1.0666	0.6741	1.0366	0.685
279	0.8661	0.6184	1.0655	0.6764	1.0402	0.6861
280	0.8671	0.6172	1.0769	0.6755	1.0407	0.6864
281	0.8818	0.6327	1.0846	0.694	1.0566	0.7067
282	0.8711	0.6174	1.0751	0.6775	1.0457	0.6846
283	0.8759	0.622	1.0697	0.6764	1.0415	0.6937
284	0.8634	0.6151	1.0711	0.6717	1.0344	0.6827
285	0.8881	0.6375	1.093	0.6954	1.0749	0.71
286	0.8665	0.6185	1.0734	0.6761	1.0463	0.6901
287	0.8603	0.6099	1.0652	0.6658	1.0315	0.6788
288	0.8771	0.6308	1.0746	0.687	1.0562	0.7034
289	0.8674	0.6244	1.0698	0.6839	1.0373	0.694
290	0.8535	0.6074	1.065	0.6681	1.033	0.6818
291	0.8609	0.6145	1.0828	0.675	1.0557	0.692
292	0.8517	0.608	1.0612	0.6671	1.0307	0.6788
293	0.8541	0.6091	1.0592	0.6714	1.033	0.6855
294	0.9065	0.6567	1.0983	0.7066	1.068	0.7254
295	0.8496	0.6047	1.0547	0.6627	1.0285	0.68
296	0.8538	0.6085	1.0717	0.6678	1.0436	0.6819
297	0.8535	0.6077	1.0704	0.6692	1.0413	0.683
298	0.8493	0.6047	1.0624	0.666	1.04	0.6776
299	0.8515	0.6021	1.0542	0.6668	1.0243	0.6765
300	0.8461	0.6018	1.0689	0.6659	1.0327	0.677
301	0.8505	0.6048	1.0631	0.6657	1.0424	0.6817
302	0.8424	0.5967	1.0644	0.6637	1.0323	0.6743
303	0.848	0.6057	1.0688	0.6657	1.0434	0.6803
304	0.8462	0.602	1.0637	0.6674	1.0321	0.676
305	0.8904	0.641	1.0934	0.6949	1.0636	0.7118
306	0.838	0.5942	1.0447	0.6568	1.0171	0.6689
307	0.8421	0.599	1.0525	0.6603	1.0301	0.676
308	0.8472	0.6019	1.0613	0.662	1.0363	0.6777
309	0.8369	0.5963	1.0538	0.6646	1.0193	0.6706
310	0.869	0.6267	1.0892	0.6907	1.0657	0.7048
311	0.848	0.6114	1.075	0.6794	1.0423	0.6927
312	0.8417	0.6001	1.0675	0.6661	1.0335	0.6801
313	0.8487	0.6088	1.0459	0.6692	1.0235	0.6832
314	0.8458	0.6053	1.0631	0.6688	1.0352	0.6751
315	0.8827	0.6427	1.0871	0.6989	1.0567	0.7142
316	0.8667	0.6292	1.0845	0.6909	1.0603	0.7044
317	0.8324	0.5926	1.049	0.6561	1.0194	0.6659
318	0.8416	0.599	1.0674	0.6637	1.0431	0.68
319	0.8478	0.6025	1.049	0.6671	1.0122	0.6674
320	0.8493	0.6044	1.0667	0.6625	1.0405	0.6814
321	0.8277	0.5853	1.0489	0.6539	1.0113	0.6585
322	0.8386	0.5987	1.0689	0.6654	1.0386	0.6759
323	0.8416	0.5991	1.0712	0.6698	1.0355	0.6801
324	0.8334	0.5886	1.0376	0.6549	1.0132	0.6669
325	0.8317	0.5939	1.0625	0.6552	1.0349	0.6708
326	0.8223	0.5805	1.0479	0.6491	1.0166	0.6645
327	0.8379	0.6021	1.058	0.6659	1.0348	0.6818
328	0.8208	0.5826	1.052	0.649	1.0179	0.6625
329	0.8294	0.5888	1.0458	0.653	1.0234	0.6685
330	0.8365	0.5969	1.0781	0.6606	1.0502	0.6734
331	0.8186	0.5777	1.0428	0.6422	1.0139	0.66
332	0.8271	0.5896	1.0532	0.6541	1.0295	0.6734
333	0.8236	0.5874	1.0547	0.6566	1.0234	0.6689
334	0.8178	0.5811	1.0486	0.6481	1.0231	0.6623
335	0.8226	0.5827	1.0574	0.6474	1.0308	0.665
336	0.8495	0.6137	1.08	0.6853	1.0393	0.6945
337	0.8184	0.5807	1.0599	0.6485	1.0384	0.665
338	0.8134	0.5755	1.0429	0.6427	1.0114	0.6545
339	0.8127	0.575	1.0359	0.6452	1.0025	0.6553
340	0.809	0.572	1.0572	0.643	1.026	0.6574
341	0.8234	0.5872	1.0604	0.6534	1.033	0.6686
342	0.8183	0.5838	1.0531	0.6535	1.0203	0.6663
343	0.8211	0.585	1.0527	0.6551	1.0173	0.6638
344	0.8405	0.6041	1.0766	0.6698	1.0464	0.6821
345	0.8905	0.6604	1.1161	0.7226	1.0851	0.7388
346	0.8453	0.6082	1.0892	0.6756	1.0561	0.6863
347	0.827	0.5914	1.0454	0.6568	1.0086	0.6635
348	0.826	0.5877	1.0598	0.6558	1.0265	0.6684
349	0.8212	0.5879	1.0682	0.6611	1.0411	0.6681
350	0.8275	0.594	1.0666	0.6626	1.033	0.679
351	0.8233	0.5858	1.0464	0.6483	1.0184	0.6673
352	0.8183	0.5798	1.0469	0.6482	1.0198	0.6585
353	0.8109	0.5752	1.0516	0.644	1.023	0.6623
354	0.8217	0.588	1.0513	0.6595	1.0207	0.6708
355	0.8259	0.5943	1.0711	0.6655	1.0452	0.6729
356	0.8629	0.6268	1.0835	0.6894	1.0432	0.7025
357	0.8202	0.5869	1.0658	0.6585	1.039	0.674
358	0.8021	0.5709	1.0436	0.6397	1.0153	0.655
359	0.809	0.5733	1.0672	0.6477	1.0376	0.66
360	0.8112	0.5805	1.0576	0.655	1.0241	0.6645
361	0.802	0.5699	1.0531	0.6437	1.0191	0.6547
362	0.806	0.5752	1.0513	0.6456	1.0227	0.6603
363	0.8248	0.5889	1.0721	0.6579	1.0429	0.6767
364	0.8034	0.5706	1.0572	0.6439	1.0285	0.6551
365	0.8181	0.5847	1.0565	0.653	1.0252	0.6718
366	0.7984	0.5671	1.0493	0.6368	1.0177	0.6532
367	0.8043	0.5725	1.0572	0.652	1.0264	0.6612
368	0.8193	0.5878	1.0618	0.659	1.025	0.6715
369	0.8451	0.6134	1.0939	0.6861	1.0667	0.6919
370	0.8128	0.5822	1.0514	0.6517	1.0199	0.6661
371	0.7938	0.5612	1.0398	0.6315	1.0153	0.6493
372	0.8152	0.5774	1.0452	0.6482	1.008	0.654
373	0.8057	0.5748	1.0619	0.6553	1.0281	0.6611
374	0.7954	0.5665	1.0467	0.6452	1.0227	0.6532
375	0.8247	0.5927	1.0643	0.6671	1.0309	0.6808
376	0.8104	0.578	1.0673	0.6559	1.0379	0.6638
377	0.7935	0.5657	1.0571	0.6482	1.0225	0.6544
378	0.788	0.5562	1.0425	0.6337	1.0087	0.646
379	0.7879	0.5568	1.0545	0.6374	1.0154	0.6442
380	0.7843	0.5525	1.0536	0.6333	1.0118	0.6406
381	0.8323	0.6023	1.0883	0.6752	1.0507	0.6886
382	0.8143	0.5844	1.0668	0.665	1.0368	0.6696
383	0.7921	0.5634	1.0563	0.6454	1.0188	0.6536
384	0.7841	0.5548	1.0501	0.6307	1.0183	0.6445
385	0.7897	0.56	1.0413	0.6391	1.006	0.6469
386	0.7921	0.5605	1.0444	0.6364	1.0156	0.651
387	0.7828	0.5526	1.0471	0.6335	1.0147	0.643
388	0.784	0.5557	1.0441	0.6352	1.0148	0.6462
389	0.7816	0.5531	1.0433	0.6329	1.0131	0.6446
390	0.793	0.563	1.046	0.6401	1.0142	0.6476
391	0.8039	0.5734	1.0593	0.6498	1.0248	0.6644
392	0.7803	0.5518	1.0264	0.633	0.9876	0.6395
393	0.7855	0.5532	1.0473	0.6308	1.0125	0.6461
394	0.7801	0.5505	1.0364	0.6287	1.0141	0.6442
395	0.8012	0.5724	1.0669	0.6539	1.0327	0.6569
396	0.7953	0.5685	1.0628	0.6533	1.0257	0.6604
397	0.8099	0.5823	1.0547	0.6605	1.0238	0.6737
398	0.8549	0.6319	1.1109	0.7136	1.0839	0.7125
399	0.8628	0.6392	1.0899	0.7064	1.06	0.7223
400	0.802	0.5725	1.0684	0.6538	1.044	0.66
401	0.8338	0.6089	1.0659	0.6773	1.0405	0.694
402	0.8299	0.6034	1.0837	0.6843	1.0602	0.6869
403	0.795	0.5699	1.0483	0.6514	1.0203	0.6588
404	0.7974	0.5644	1.0632	0.6398	1.0371	0.6569
405	0.8045	0.5767	1.0547	0.6589	1.0311	0.6617
406	0.8184	0.5892	1.056	0.6651	1.0234	0.6755
407	0.8217	0.5911	1.0911	0.6735	1.0554	0.6725
408	0.7992	0.574	1.057	0.6499	1.0261	0.6646
409	0.7841	0.555	1.0565	0.633	1.0276	0.6499
410	0.7825	0.5553	1.0515	0.6346	1.0236	0.6468
411	0.7947	0.566	1.0623	0.6511	1.0348	0.6581
412	0.7771	0.5483	1.0342	0.6266	1.0034	0.6387
413	0.7946	0.5707	1.0577	0.6537	1.0288	0.6583
414	0.8314	0.6118	1.0867	0.6925	1.0482	0.6995
415	0.8272	0.6025	1.0966	0.6871	1.0675	0.685
416	0.7812	0.5549	1.0299	0.6322	1.0011	0.6428
417	0.7779	0.5557	1.0387	0.6365	1.009	0.6438
418	0.7783	0.5528	1.0321	0.6361	1.0067	0.6522
419	0.791	0.5639	1.0631	0.6455	1.0322	0.6512
420	0.7963	0.5724	1.061	0.652	1.0236	0.6675
421	0.7673	0.5392	1.046	0.623	1.0136	0.6384
422	0.7673	0.5408	1.0418	0.6267	1.0059	0.6306
423	0.7857	0.5627	1.0489	0.6464	1.0105	0.6537
424	0.827	0.6038	1.1027	0.6922	1.0691	0.6861
425	0.7977	0.5761	1.0704	0.662	1.0335	0.6686
426	0.8124	0.5902	1.0786	0.6738	1.0496	0.6769
427	0.7706	0.5483	1.0323	0.6307	1.0068	0.645
428	0.8117	0.5839	1.0758	0.6722	1.0499	0.6741
429	0.7948	0.5719	1.0597	0.6523	1.0312	0.6673
430	0.7812	0.558	1.0475	0.6409	1.0138	0.6481
431	0.7706	0.5455	1.0478	0.6282	1.01	0.6381
432	0.7671	0.5414	1.0315	0.6348	1.0	0.6372
433	0.7713	0.5463	1.0615	0.6414	1.016	0.6388
434	0.7849	0.5627	1.0503	0.6458	1.018	0.6574
435	0.761	0.5355	1.0411	0.626	1.0124	0.634
436	0.7934	0.5713	1.0578	0.6563	1.0282	0.6668
437	0.7844	0.5532	1.0779	0.6494	1.0462	0.6525
438	0.7784	0.5576	1.0587	0.6474	1.0285	0.6539
439	0.7642	0.5396	1.0355	0.6296	1.0043	0.635
440	0.7785	0.5551	1.0372	0.6415	1.0031	0.6435
441	0.7719	0.5485	1.0365	0.6374	1.01	0.6386
442	0.8065	0.581	1.0974	0.6715	1.0595	0.6785
443	0.8156	0.5892	1.0862	0.6778	1.0601	0.679
444	0.7749	0.5552	1.0542	0.6391	1.02	0.6498
445	0.7691	0.5465	1.0455	0.6338	1.0181	0.641
446	0.7582	0.536	1.0299	0.6204	1.0056	0.6386
447	0.7563	0.5308	1.0447	0.6224	1.0152	0.6311
448	0.7555	0.5332	1.027	0.623	0.9985	0.6327
449	0.7681	0.5513	1.0367	0.6413	1.0081	0.6421
450	0.7576	0.536	1.0291	0.6237	0.9992	0.6296
451	0.7527	0.5331	1.0457	0.6287	1.0094	0.6331
452	0.7614	0.5433	1.0587	0.639	1.0145	0.6391
453	0.7595	0.5374	1.0432	0.632	1.0121	0.6353
454	0.7462	0.5231	1.035	0.6126	1.0022	0.6225
455	0.7512	0.5292	1.0342	0.6211	1.0012	0.6325
456	0.7462	0.5235	1.0395	0.6139	1.0115	0.6283
457	0.7556	0.5344	1.0382	0.6263	1.0088	0.6318
458	0.7577	0.5344	1.0466	0.6289	1.0154	0.6314
459	0.7675	0.5432	1.036	0.63	1.0084	0.6393
460	0.8596	0.6441	1.1112	0.7321	1.0913	0.7279
461	0.7503	0.5285	1.0486	0.6215	1.0087	0.6279
462	0.7544	0.5342	1.0435	0.6287	1.0073	0.6367
463	0.7527	0.5309	1.0344	0.6236	1.0004	0.6301
464	0.7518	0.5279	1.0488	0.629	1.0099	0.6275
465	0.7515	0.5321	1.025	0.623	0.9965	0.6325
466	0.7541	0.5332	1.042	0.6299	1.0174	0.6338
467	0.7507	0.5326	1.0147	0.6238	0.9855	0.6331
468	0.7486	0.5272	1.0403	0.6238	1.0079	0.6313
469	0.7504	0.5283	1.0264	0.6276	0.9975	0.628
470	0.7423	0.5219	1.0328	0.6131	1.0034	0.6209
471	0.7387	0.5171	1.0197	0.6103	0.9915	0.6219
472	0.7609	0.5417	1.0434	0.6396	1.0131	0.638
473	0.7483	0.5272	1.0426	0.6231	1.0012	0.6316
474	0.7361	0.5139	1.0405	0.6142	1.002	0.6215
475	0.7741	0.5545	1.0564	0.6439	1.0246	0.6547
476	0.7728	0.5527	1.0652	0.6527	1.0239	0.6464
477	0.7418	0.5203	1.0304	0.614	0.9921	0.6191
478	0.7481	0.5284	1.0107	0.6136	0.9794	0.6229
479	0.7515	0.5299	1.0462	0.6285	1.012	0.6301
480	0.7416	0.5223	1.0282	0.6133	0.9964	0.623
481	0.7509	0.531	1.0351	0.6291	1.0053	0.6337
482	0.7375	0.5145	1.0309	0.6163	1.0062	0.623
483	0.754	0.5345	1.0185	0.6214	0.9964	0.6326
484	0.7533	0.5314	1.0545	0.6339	1.0239	0.6338
485	0.7528	0.5364	1.0416	0.6321	1.0056	0.6401
486	0.7352	0.5144	1.0179	0.6104	0.9863	0.6175
487	0.7363	0.5157	1.0111	0.6059	0.9829	0.6172
488	0.7565	0.5385	1.0281	0.6302	0.9972	0.6397
489	0.7411	0.5176	1.0409	0.6225	1.0124	0.6225
490	0.7331	0.5128	1.0352	0.6134	1.004	0.6186
491	0.7671	0.5488	1.0592	0.6405	1.0258	0.6518
492	0.7661	0.5506	1.0343	0.6473	1.0051	0.6487
493	0.7457	0.5264	1.0304	0.6155	0.999	0.6288
494	0.7443	0.5244	1.0318	0.6227	1.0029	0.6249
495	0.745	0.5282	1.0442	0.6247	1.0147	0.6331
496	0.7344	0.5152	1.0373	0.6184	1.0056	0.6179
497	0.7282	0.5082	1.0351	0.6133	0.995	0.6118
498	0.8056	0.5926	1.067	0.6743	1.0386	0.6883
499	0.8071	0.5907	1.0917	0.688	1.0603	0.6783
500	0.796	0.5839	1.0562	0.6652	1.0219	0.6765
501	0.8384	0.6304	1.1065	0.7263	1.07	0.7143
502	0.7315	0.514	1.0308	0.6157	0.9906	0.6151
503	0.7525	0.5365	1.0267	0.6229	0.9979	0.6389
504	0.7953	0.5808	1.0699	0.6776	1.0377	0.6758
505	0.7699	0.5527	1.0461	0.6431	1.018	0.6543
506	0.7724	0.5576	1.0518	0.6571	1.0297	0.6542
507	0.7497	0.5329	1.0383	0.6239	1.0149	0.6379
508	0.7615	0.5439	1.0449	0.6457	1.0185	0.642
509	0.7404	0.5241	1.0299	0.6172	1.0014	0.6278
510	0.7423	0.5262	1.0438	0.6298	1.0127	0.6306
511	0.7474	0.529	1.0289	0.6216	0.9995	0.6314
512	0.7489	0.5247	1.0671	0.6384	1.0276	0.6299
513	0.765	0.5562	1.0638	0.6572	1.0188	0.6533
514	0.7245	0.5081	1.0298	0.6094	0.9932	0.6128
515	0.7275	0.5109	1.0255	0.6104	0.9915	0.6177
516	0.7467	0.5316	1.0325	0.6224	0.9964	0.632
517	0.7305	0.5165	1.02	0.6156	0.9902	0.6194
518	0.7275	0.5097	1.0423	0.6156	1.0052	0.6163
519	0.7222	0.5056	1.0319	0.6133	0.998	0.6156
520	0.7243	0.5065	1.0339	0.6117	0.9955	0.6166
521	0.7236	0.5079	1.0284	0.6137	0.9944	0.6172
522	0.7325	0.5127	1.0557	0.6255	1.0124	0.6211
523	0.7305	0.518	1.0243	0.6158	0.9883	0.6223
524	0.7222	0.5064	1.0248	0.6113	0.9856	0.6112
525	0.7323	0.5149	1.0294	0.6155	0.9988	0.6234
526	0.7264	0.5104	1.0277	0.6168	0.9889	0.6144
527	0.7172	0.5012	1.0306	0.6061	0.9891	0.6082
528	0.7307	0.515	1.0282	0.617	0.9974	0.625
529	0.7144	0.4981	1.0204	0.6027	0.9875	0.6066
530	0.7162	0.5003	1.0138	0.6037	0.9879	0.609
531	0.7156	0.4964	1.0307	0.6042	0.9929	0.6039
532	0.7316	0.5136	1.0341	0.6249	0.9995	0.6202
533	0.7234	0.5096	1.0473	0.6155	1.0019	0.6182
534	0.7172	0.5033	1.0238	0.6147	0.9858	0.6144
535	0.724	0.5085	1.0535	0.6213	1.0117	0.6197
536	0.7127	0.4966	1.0272	0.6069	0.9944	0.6075
537	0.7193	0.505	1.0352	0.6087	0.9964	0.6136
538	0.7214	0.5062	1.005	0.6119	0.9746	0.6128
539	0.7419	0.5279	1.0484	0.6284	1.008	0.6323
540	0.7456	0.5302	1.0595	0.6399	1.0229	0.6355
541	0.7287	0.5164	1.0317	0.6168	1.0006	0.6258
542	0.7218	0.5079	1.025	0.613	0.9955	0.6193
543	0.7157	0.5019	1.0302	0.6106	0.9959	0.6123
544	0.7562	0.55	1.0628	0.6582	1.0206	0.6596
545	0.7162	0.5014	1.0317	0.615	0.9941	0.6144
546	0.7692	0.5597	1.0626	0.6537	1.0179	0.6644
547	0.7769	0.5688	1.0513	0.6712	1.0169	0.6654
548	0.7284	0.5127	1.047	0.6171	1.0008	0.6224
549	0.708	0.4954	1.0215	0.6055	0.9829	0.6102
550	0.7143	0.4979	1.0444	0.6139	1.0001	0.6101
551	0.7251	0.5132	1.046	0.6209	0.9952	0.6239
552	0.7087	0.4966	1.0144	0.6045	0.9687	0.6062
553	0.7076	0.4929	1.0157	0.6048	0.9743	0.6016
554	0.709	0.4935	1.0399	0.6075	0.9923	0.6024
555	0.7233	0.5107	1.0059	0.6074	0.9627	0.6148
556	0.7091	0.4929	1.0425	0.6082	0.9949	0.6045
557	0.7127	0.5013	1.0139	0.6092	0.9723	0.6105
558	0.7336	0.5169	1.0698	0.634	1.0095	0.619
559	0.708	0.4959	1.03	0.6137	0.9833	0.6092
560	0.7033	0.4895	1.0185	0.6036	0.9766	0.6012
561	0.7036	0.4901	1.0218	0.5999	0.9719	0.6019
562	0.7036	0.4931	1.0211	0.6058	0.9807	0.6094
563	0.7148	0.5059	1.039	0.6199	0.989	0.6196
564	0.7041	0.4898	1.0403	0.6122	0.9917	0.6054
565	0.7257	0.5121	1.0543	0.6315	1.0039	0.6214
566	0.7104	0.4959	1.0523	0.6192	1.0016	0.6087
567	0.7163	0.5088	1.0246	0.616	0.9873	0.6249
568	0.7468	0.5361	1.0646	0.6522	1.0221	0.6399
569	0.7109	0.5007	1.0315	0.6102	0.9796	0.6099
570	0.7025	0.4897	1.0183	0.6006	0.9761	0.6032
571	0.7055	0.4943	1.0169	0.604	0.9798	0.6075
572	0.7007	0.4862	1.0341	0.6033	0.9867	0.6003
573	0.7084	0.4973	1.0138	0.6075	0.9713	0.609
574	0.7076	0.4929	1.0333	0.6082	0.9821	0.6079
575	0.7103	0.5021	1.0179	0.6085	0.9691	0.6126
576	0.7044	0.4931	1.0363	0.6134	0.9904	0.6052
577	0.6998	0.4865	1.0095	0.5987	0.9602	0.5978
578	0.7031	0.4921	1.0264	0.6028	0.9777	0.6028
579	0.7317	0.5234	1.0458	0.6352	1.0039	0.6272
580	0.7105	0.5012	1.0186	0.608	0.9726	0.6105
581	0.7002	0.4874	1.0348	0.6061	0.9851	0.5996
582	0.728	0.5177	1.0468	0.6294	0.9997	0.6223
583	0.7135	0.5035	1.0482	0.6184	0.9983	0.6166
584	0.7062	0.4973	1.0277	0.6142	0.9815	0.6129
585	0.7182	0.5109	1.041	0.6181	0.9922	0.6223
586	0.6994	0.4917	1.0179	0.6014	0.974	0.6064
587	0.7027	0.4935	1.0392	0.6162	0.9871	0.6054
588	0.7326	0.5234	1.0416	0.6273	0.994	0.6316
589	0.693	0.4833	1.0342	0.602	0.9799	0.5981
590	0.7317	0.5169	1.0551	0.6351	1.0093	0.6251
591	0.6981	0.4843	1.0364	0.6063	0.9873	0.6008
592	0.6967	0.4864	1.0282	0.6066	0.9786	0.5996
593	0.6899	0.4789	1.0222	0.602	0.976	0.5965
594	0.6888	0.4791	1.0169	0.5961	0.9708	0.5957
595	0.7347	0.5272	1.0606	0.6484	1.0171	0.634
596	0.7975	0.5879	1.078	0.671	1.0329	0.6814
597	0.7444	0.5368	1.0426	0.65	1.0012	0.6393
598	0.6949	0.4861	1.02	0.6007	0.9721	0.5999
599	0.6909	0.4801	1.0249	0.5993	0.9797	0.594
600	0.7005	0.4877	1.039	0.6158	0.9953	0.6071
601	0.7019	0.4932	1.0386	0.6093	0.987	0.6081
602	0.6959	0.4877	1.0254	0.608	0.983	0.6053
603	0.7044	0.4914	1.0515	0.6159	0.9946	0.6013
604	0.6933	0.4855	1.0199	0.6008	0.9753	0.6023
605	0.7634	0.5595	1.0808	0.6677	1.0298	0.6656
606	0.7135	0.5067	1.0296	0.6136	0.9773	0.6162
607	0.7687	0.5589	1.0859	0.6721	1.0433	0.6558
608	0.7805	0.5701	1.0495	0.6603	1.0019	0.6651
609	0.7152	0.5086	1.0391	0.6284	0.9938	0.6196
610	0.7037	0.4933	1.0146	0.6038	0.9781	0.6066
611	0.6897	0.4812	1.0222	0.5987	0.9758	0.5973
612	0.6873	0.4776	1.0115	0.5976	0.966	0.5919
613	0.7033	0.4938	1.0169	0.6078	0.9734	0.6057
614	0.6925	0.4835	1.0209	0.6048	0.9721	0.5994
615	0.724	0.5208	1.0603	0.6401	1.011	0.6346
616	0.6939	0.4867	1.0244	0.6151	0.9803	0.6037
617	0.6901	0.4805	1.0308	0.6073	0.9843	0.5971
618	0.6963	0.4891	1.0271	0.6128	0.9774	0.6049
619	0.7061	0.4949	1.0227	0.6076	0.9746	0.604
620	0.6944	0.4879	0.9994	0.6039	0.9617	0.6008
621	0.6909	0.4809	1.0403	0.604	0.9864	0.5973
622	0.6858	0.4791	1.0206	0.6041	0.9746	0.5953
623	0.6947	0.4863	1.046	0.6096	0.9942	0.6043
624	0.6922	0.4856	1.0317	0.613	0.9755	0.6007
625	0.7373	0.5329	1.0559	0.6496	1.0123	0.6365
626	0.7313	0.5222	1.0391	0.6229	0.9949	0.6283
627	0.6891	0.479	1.0089	0.5956	0.9588	0.5925
628	0.7035	0.499	1.0083	0.6038	0.9682	0.6071
629	0.6795	0.4699	1.0196	0.5951	0.9672	0.5881
630	0.7022	0.4915	1.0435	0.6139	0.9947	0.6057
631	0.6897	0.4823	1.03	0.6036	0.9839	0.6019
632	0.6872	0.481	1.0338	0.6064	0.9802	0.6012
633	0.6902	0.4808	1.0365	0.6053	0.9849	0.5969
634	0.7301	0.5274	1.0364	0.6348	0.9925	0.6367
635	0.6856	0.478	1.0302	0.607	0.9895	0.597
636	0.6969	0.4896	1.0347	0.6169	0.9916	0.6028
637	0.6801	0.4745	1.0252	0.6013	0.9717	0.5896
638	0.7233	0.5197	1.0338	0.6242	0.9888	0.6285
639	0.6928	0.4862	1.0405	0.6113	0.9864	0.6037
640	0.6817	0.4726	1.0265	0.5983	0.9867	0.5968
641	0.6787	0.4728	1.0075	0.5929	0.9597	0.5879
642	0.6942	0.4889	1.0262	0.61	0.9782	0.603
643	0.6862	0.4785	0.9939	0.597	0.9522	0.5911
644	0.6932	0.4853	1.0205	0.6019	0.9702	0.5977
645	0.6788	0.4731	1.0065	0.5931	0.9631	0.5882
646	0.6796	0.4731	1.0262	0.6003	0.9702	0.5914
647	0.691	0.483	1.0389	0.6138	0.9875	0.6005
648	0.6889	0.4836	1.0264	0.6116	0.9761	0.5998
649	0.6807	0.4745	1.0041	0.5958	0.9527	0.592
650	0.7059	0.4988	1.0138	0.6088	0.9774	0.6134
651	0.682	0.4768	1.004	0.5953	0.9501	0.5917
652	0.6777	0.4688	1.022	0.5983	0.971	0.5883
653	0.6821	0.4773	1.0185	0.6	0.9701	0.5946
654	0.674	0.4663	1.0207	0.5979	0.9734	0.5878
655	0.6758	0.4708	1.0007	0.592	0.9482	0.5875
656	0.6728	0.4691	1.0016	0.5929	0.952	0.5884
657	0.671	0.4632	1.0118	0.5892	0.9638	0.5849
658	0.6723	0.4651	1.0121	0.5915	0.9589	0.584
659	0.7437	0.5479	1.049	0.6543	1.0061	0.65
660	0.7217	0.512	1.0656	0.6372	1.0111	0.6151
661	0.6834	0.4804	1.0012	0.6006	0.9609	0.5988
662	0.6932	0.4881	1.024	0.6108	0.9766	0.6034
663	0.6744	0.4704	1.001	0.5984	0.9586	0.5905
664	0.6803	0.4775	1.029	0.6061	0.9721	0.5972
665	0.669	0.4617	1.026	0.5942	0.9652	0.5799
666	0.6877	0.4884	1.0219	0.6118	0.9684	0.6054
667	0.6875	0.4785	1.0525	0.6093	0.9889	0.5937
668	0.679	0.4748	1.0075	0.601	0.9553	0.5908
669	0.6819	0.478	1.0264	0.6078	0.9681	0.5976
670	0.6698	0.4668	1.01	0.6007	0.9553	0.5862
671	0.6835	0.4749	1.0428	0.6104	0.9888	0.5921
672	0.6751	0.4726	1.0357	0.6019	0.9743	0.5907
673	0.6664	0.4623	1.0196	0.5952	0.9558	0.5815
674	0.6963	0.4958	1.0308	0.6207	0.9714	0.6115
675	0.6853	0.4835	1.0202	0.601	0.9731	0.6008
676	0.6795	0.476	1.0263	0.6064	0.9693	0.5952
677	0.7188	0.5129	1.0324	0.6291	0.9844	0.6241
678	0.6711	0.4682	0.9978	0.5933	0.9412	0.5842
679	0.6891	0.4873	1.0326	0.6192	0.9767	0.6024
680	0.676	0.4751	1.0297	0.6086	0.9678	0.593
681	0.6694	0.4658	1.0177	0.5986	0.9614	0.5848
682	0.674	0.4668	1.0209	0.5995	0.9628	0.5877
683	0.6987	0.4976	1.0206	0.6193	0.9668	0.6114
684	0.6724	0.4649	1.0275	0.6011	0.9702	0.5864
685	0.6799	0.4789	1.0291	0.6119	0.9682	0.5968
686	0.6614	0.4573	1.0246	0.5937	0.9626	0.581
687	0.667	0.4647	1.0228	0.5992	0.9638	0.5885
688	0.6816	0.4757	1.0411	0.611	0.9775	0.5922
689	0.6633	0.4581	1.0076	0.5908	0.9643	0.5862
690	0.6641	0.4608	1.009	0.595	0.9573	0.5854
691	0.6675	0.4634	1.0049	0.5944	0.9527	0.5884
692	0.6732	0.4718	1.0147	0.604	0.9643	0.595
693	0.6737	0.4748	1.0088	0.6	0.9536	0.5954
694	0.6773	0.476	1.0173	0.6113	0.9623	0.6007
695	0.664	0.4609	1.0331	0.6017	0.9768	0.5893
696	0.6764	0.4735	1.0348	0.6098	0.9809	0.5967
697	0.6875	0.4822	1.046	0.622	0.9996	0.6031
698	0.6709	0.4696	1.025	0.6016	0.9689	0.5895
699	0.7328	0.5351	1.0545	0.645	1.0037	0.6461
700	0.6565	0.4535	1.0226	0.5886	0.9637	0.5794
701	0.665	0.4627	1.0078	0.6007	0.9602	0.5893
702	0.6864	0.4845	1.0421	0.6117	0.9844	0.6043
703	0.6638	0.4618	0.9793	0.5895	0.9281	0.5827
704	0.6744	0.4704	1.0058	0.6014	0.9538	0.5921
705	0.6801	0.4757	0.9944	0.5954	0.9318	0.5868
706	0.6869	0.4878	1.037	0.6265	0.9811	0.6049
707	0.661	0.4594	1.0088	0.5884	0.9576	0.5839
708	0.681	0.4822	1.0162	0.6006	0.9677	0.6016
709	0.6668	0.4626	1.0272	0.6061	0.9698	0.5872
710	0.6753	0.4782	1.0211	0.6073	0.9692	0.6016
711	0.6721	0.4725	1.0252	0.6013	0.9734	0.5968
712	0.6558	0.4545	1.0029	0.5943	0.9552	0.5836
713	0.7085	0.5048	1.0573	0.6393	1.0054	0.618
714	0.6593	0.4588	1.0289	0.5971	0.963	0.5804
715	0.6917	0.4971	1.0298	0.6186	0.9887	0.6179
716	0.6846	0.481	1.0384	0.6157	0.9826	0.5998
717	0.6583	0.4541	1.0327	0.5941	0.9747	0.5799
718	0.6638	0.4651	1.0072	0.5987	0.953	0.5896
719	0.6821	0.4853	1.0318	0.6244	0.9796	0.6079
720	0.6521	0.4502	1.0107	0.5877	0.9503	0.5749
721	0.6898	0.4933	1.0328	0.6151	0.9694	0.6082
722	0.6659	0.4671	1.0128	0.6039	0.9521	0.587
723	0.6538	0.4528	1.0116	0.593	0.9536	0.5787
724	0.692	0.4922	1.0124	0.6136	0.9576	0.6087
725	0.666	0.468	1.0226	0.61	0.9683	0.5956
726	0.6503	0.4496	1.006	0.5886	0.9432	0.5763
727	0.6612	0.4583	1.0305	0.6014	0.9771	0.5878
728	0.657	0.4585	1.0222	0.5973	0.9706	0.5903
729	0.6585	0.4567	1.0284	0.5971	0.9727	0.5861
730	0.6551	0.454	1.0036	0.5961	0.9562	0.5833
731	0.6529	0.4502	1.0241	0.5914	0.9678	0.58
732	0.6555	0.454	1.0208	0.5921	0.9572	0.5825
733	0.6728	0.4719	1.023	0.6102	0.9693	0.5996
734	0.6757	0.4765	1.0281	0.6118	0.9684	0.604
735	0.6743	0.4763	1.021	0.606	0.9708	0.6022
736	0.6566	0.4554	1.0198	0.5945	0.9664	0.5828
737	0.6515	0.4507	1.0267	0.5958	0.9633	0.5796
738	0.691	0.4974	1.0364	0.6239	0.9839	0.6207
739	0.6484	0.4476	1.0105	0.5922	0.9565	0.5778
740	0.6575	0.4595	1.0215	0.5983	0.969	0.5875
741	0.6476	0.4481	0.9906	0.585	0.941	0.5774
742	0.6532	0.4541	1.0189	0.5993	0.9572	0.5802
743	0.6629	0.4655	1.0166	0.6007	0.9616	0.5923
744	0.6508	0.4531	1.004	0.5867	0.951	0.5831
745	0.653	0.4524	1.0352	0.5992	0.9741	0.5795
746	0.6593	0.4587	0.9991	0.5969	0.9567	0.5864
747	0.7493	0.5529	1.1079	0.6852	1.0421	0.6567
748	0.7153	0.5236	1.0481	0.6478	0.9937	0.6421
749	0.6774	0.4757	1.0445	0.6124	0.9851	0.5983
750	0.6509	0.4521	1.0136	0.5927	0.9561	0.5825
751	0.6477	0.4451	1.0302	0.5909	0.9676	0.5747
752	0.6446	0.4449	1.0018	0.5869	0.9518	0.5764
753	0.6495	0.4505	1.0085	0.5912	0.9594	0.5799
754	0.6437	0.4454	1.021	0.5902	0.9591	0.5751
755	0.7057	0.5158	1.0542	0.643	0.998	0.6354
756	0.6582	0.4621	1.0095	0.6003	0.956	0.5887
757	0.6586	0.4576	1.0389	0.6031	0.9797	0.5851
758	0.6515	0.4561	1.0059	0.5923	0.944	0.5848
759	0.6473	0.4475	1.0168	0.5943	0.9593	0.5783
760	0.6542	0.4553	1.0235	0.5971	0.9608	0.5813
761	0.6423	0.4443	1.0116	0.5881	0.9534	0.5789
762	0.6445	0.4477	1.0149	0.5928	0.9442	0.576
763	0.667	0.472	1.0429	0.6168	0.9761	0.601
764	0.6526	0.4565	1.0302	0.5994	0.9698	0.5876
765	0.6728	0.4737	1.0508	0.6174	0.9901	0.5958
766	0.68	0.4888	1.0536	0.6303	0.9964	0.6192
767	0.6572	0.4627	1.0225	0.6053	0.9672	0.5948
768	0.6986	0.5037	1.0517	0.6389	0.9984	0.6172
769	0.6578	0.46	1.0112	0.5941	0.954	0.5888
770	0.6405	0.4433	0.9925	0.5849	0.9375	0.5744
771	0.6727	0.479	1.0176	0.6136	0.9709	0.6043
772	0.7018	0.5099	1.0383	0.6285	0.9879	0.6289
773	0.6418	0.4433	1.0014	0.585	0.9513	0.5795
774	0.6511	0.4506	1.0276	0.5989	0.964	0.5799
775	0.6576	0.463	1.0231	0.6024	0.9647	0.5934
776	0.6397	0.4402	0.999	0.5853	0.9443	0.5726
777	0.6455	0.4463	1.0196	0.5888	0.9586	0.574
778	0.6638	0.4692	1.03	0.6026	0.9711	0.5959
779	0.6396	0.4434	1.01	0.5913	0.954	0.5774
780	0.6413	0.4433	1.0238	0.5927	0.9637	0.5754
781	0.6425	0.4473	1.0009	0.5903	0.9451	0.5776
782	0.6377	0.4384	1.0141	0.5865	0.9527	0.5676
783	0.6713	0.4715	1.0351	0.6177	0.9883	0.5978
784	0.6684	0.4733	1.0445	0.615	0.9875	0.6026
785	0.6471	0.4498	1.0114	0.5931	0.9535	0.5782
786	0.6644	0.4692	1.0405	0.6151	0.982	0.5953
787	0.6729	0.4786	1.0178	0.6044	0.9595	0.602
788	0.6455	0.4501	1.0187	0.5974	0.9685	0.583
789	0.6373	0.4413	0.9891	0.5808	0.9396	0.5728
790	0.6544	0.4608	1.0024	0.5933	0.9556	0.5901
791	0.6869	0.4955	1.0475	0.6324	0.993	0.6167
792	0.6524	0.4574	1.011	0.5895	0.9573	0.5906
793	0.6475	0.4494	1.0267	0.5983	0.9599	0.5772
794	0.6419	0.4454	1.0146	0.5896	0.9602	0.5824
795	0.6377	0.4426	1.0074	0.5842	0.9529	0.5765
796	0.6367	0.4366	1.022	0.5836	0.9697	0.574
797	0.7035	0.5079	1.0512	0.6402	0.9972	0.6232
798	0.6774	0.4838	1.0489	0.624	0.9957	0.6177
799	0.6529	0.4576	1.0219	0.6018	0.9577	0.5848
800	0.6449	0.4452	1.0367	0.5938	0.9783	0.5776
801	0.6342	0.4377	0.9743	0.5806	0.9314	0.5721
802	0.6335	0.4394	1.0028	0.5824	0.951	0.5753
803	0.6593	0.4652	1.0205	0.6077	0.9693	0.595
804	0.6331	0.4385	1.0005	0.5858	0.9501	0.5735
805	0.6355	0.4392	0.9895	0.5811	0.9338	0.5707
806	0.6357	0.4412	0.9894	0.5837	0.9426	0.577
807	0.6794	0.4841	1.0243	0.6185	0.9749	0.6092
808	0.6386	0.4413	1.0144	0.5838	0.9585	0.574
809	0.6293	0.4337	1.0057	0.5842	0.9562	0.5736
810	0.6491	0.4568	1.0085	0.5975	0.9493	0.5866
811	0.6359	0.4368	1.0206	0.5887	0.9718	0.5757
812	0.6327	0.4389	1.0083	0.5894	0.9584	0.5756
813	0.6332	0.4382	1.0171	0.586	0.9651	0.5782
814	0.6329	0.4383	0.9946	0.586	0.9376	0.5744
815	0.6327	0.4399	1.0012	0.5834	0.9483	0.5777
816	0.653	0.4621	1.0178	0.6059	0.9579	0.5913
817	0.6323	0.4384	1.0058	0.5824	0.9507	0.5791
818	0.6288	0.4332	1.0064	0.5833	0.9467	0.5722
819	0.6348	0.4372	1.0287	0.595	0.9678	0.5748
820	0.6843	0.4997	1.0464	0.6367	0.9767	0.627
821	0.6287	0.4349	1.0194	0.5866	0.958	0.5723
822	0.6322	0.4379	1.0142	0.5943	0.9496	0.5717
823	0.6494	0.4599	1.0187	0.6077	0.9525	0.5955
824	0.6306	0.4345	1.0266	0.5917	0.9575	0.5746
825	0.6434	0.4517	1.0198	0.6002	0.9483	0.5817
826	0.6299	0.4375	1.0175	0.5844	0.9493	0.5726
827	0.6348	0.4422	1.0041	0.5915	0.9403	0.5775
828	0.6415	0.4496	1.023	0.5988	0.9623	0.5842
829	0.6316	0.4406	1.0213	0.5882	0.9465	0.5748
830	0.6352	0.444	1.0127	0.5951	0.9484	0.5784
831	0.6345	0.4415	1.0222	0.597	0.9597	0.5763
832	0.6272	0.4338	0.9869	0.5847	0.9351	0.5715
833	0.654	0.4665	1.0291	0.6188	0.9701	0.5953
834	0.6258	0.4324	0.9948	0.5855	0.9522	0.573
835	0.63	0.4378	1.006	0.5851	0.9483	0.5775
836	0.6241	0.4327	1.0131	0.5887	0.9485	0.5664
837	0.6267	0.4369	0.9967	0.5869	0.95	0.5788
838	0.6312	0.4391	1.0244	0.5958	0.9599	0.576
839	0.6208	0.426	1.0126	0.5828	0.9605	0.5702
840	0.6496	0.4589	1.0179	0.6071	0.9659	0.5948
841	0.6346	0.4438	1.0075	0.5947	0.9599	0.5833
842	0.6256	0.4324	1.0028	0.587	0.9402	0.5715
843	0.6662	0.4783	1.0156	0.6115	0.9795	0.6138
844	0.6337	0.4386	1.0282	0.5926	0.968	0.5734
845	0.6211	0.4295	1.0051	0.583	0.9424	0.5674
846	0.6233	0.4315	1.0115	0.5836	0.9609	0.5782
847	0.6224	0.4316	1.0042	0.5876	0.9456	0.5726
848	0.6416	0.4533	1.0238	0.6067	0.9627	0.586
849	0.63	0.4369	1.0174	0.5951	0.9525	0.5739
850	0.6291	0.4374	1.0115	0.5888	0.9569	0.5777
851	0.6233	0.4325	1.0149	0.5896	0.9514	0.5713
852	0.6419	0.4452	1.0447	0.6045	0.9836	0.5835
853	0.6401	0.4519	1.022	0.6054	0.9531	0.5875
854	0.6342	0.4393	1.0339	0.5992	0.9699	0.5793
855	0.6507	0.4676	1.0281	0.6165	0.9653	0.6004
856	0.6572	0.4641	1.0559	0.6184	1.0023	0.598
857	0.6382	0.4459	1.02	0.6043	0.9691	0.5852
858	0.668	0.484	1.0327	0.6273	0.9783	0.6119
859	0.6301	0.4357	1.0236	0.5923	0.9669	0.5715
860	0.6252	0.4311	1.01	0.5887	0.9601	0.5744
861	0.6233	0.4332	1.0038	0.587	0.9526	0.5765
862	0.6206	0.429	1.0102	0.5825	0.9519	0.5714
863	0.6157	0.424	0.9982	0.5801	0.9405	0.5638
864	0.6345	0.4441	1.001	0.6007	0.9532	0.5803
865	0.6351	0.4459	1.0259	0.6014	0.9663	0.5818
866	0.6265	0.4395	1.0055	0.5871	0.9495	0.5797
867	0.6455	0.4523	1.0331	0.6053	0.9667	0.5843
868	0.6259	0.435	1.0219	0.5916	0.9642	0.5783
869	0.6251	0.436	1.0024	0.5834	0.9495	0.5775
870	0.6174	0.4272	1.0068	0.5845	0.9542	0.5698
871	0.6331	0.4431	1.0073	0.6032	0.9598	0.582
872	0.6317	0.4387	1.0333	0.5968	0.9722	0.5795
873	0.6882	0.5105	1.0539	0.6593	0.9889	0.6369
874	0.6284	0.4372	1.0167	0.5958	0.9484	0.5739
875	0.6276	0.4363	1.0193	0.6019	0.9579	0.5742
876	0.6155	0.4251	1.0086	0.5855	0.9429	0.5677
877	0.6229	0.4356	0.9881	0.581	0.9461	0.5785
878	0.6107	0.4195	1.0126	0.5811	0.9442	0.5642
879	0.6373	0.4485	1.0187	0.6075	0.9584	0.5894
880	0.6101	0.4192	1.0192	0.5827	0.9488	0.5652
881	0.6211	0.4297	0.9885	0.5806	0.933	0.5736
882	0.6099	0.4206	1.0089	0.5786	0.9477	0.5675
883	0.6151	0.4265	1.0067	0.5849	0.9347	0.5657
884	0.6105	0.4234	1.0002	0.5829	0.9369	0.5704
885	0.6108	0.4209	1.0091	0.5838	0.9455	0.5687
886	0.6255	0.4401	1.0106	0.5936	0.9489	0.5821
887	0.6201	0.4316	1.0028	0.5883	0.9279	0.5731
888	0.6051	0.4134	1.0105	0.5732	0.9442	0.559
889	0.6416	0.4516	1.0273	0.6057	0.97	0.5882
890	0.6058	0.4158	1.0104	0.581	0.9438	0.5603
891	0.6055	0.4185	1.0006	0.5815	0.9346	0.5608
892	0.623	0.4368	0.9992	0.5836	0.946	0.5802
893	0.617	0.4274	0.9998	0.587	0.9353	0.5697
894	0.6089	0.4216	1.0045	0.5792	0.9436	0.5664
895	0.625	0.4346	1.0185	0.5954	0.96	0.5789
896	0.6452	0.4497	1.0524	0.6148	0.9881	0.5848
897	0.6254	0.4352	1.0268	0.5977	0.9575	0.5795
898	0.6427	0.459	1.0521	0.618	0.9822	0.6005
899	0.6525	0.4605	1.0506	0.6248	0.9832	0.5995
900	0.6095	0.421	1.0141	0.5857	0.9473	0.5662
901	0.6071	0.4196	1.0007	0.5812	0.9334	0.5635
902	0.6414	0.4543	1.0412	0.6152	0.9682	0.5877
903	0.6105	0.4225	0.9848	0.5786	0.9219	0.565
904	0.6173	0.431	0.9918	0.5788	0.9252	0.5711
905	0.6203	0.4316	0.9928	0.5857	0.9254	0.5728
906	0.6109	0.4252	0.981	0.5769	0.9184	0.5675
907	0.6069	0.4175	1.0049	0.5806	0.9457	0.5696
908	0.6062	0.419	0.9966	0.5868	0.9429	0.5676
909	0.624	0.4325	1.0288	0.5992	0.9686	0.5773
910	0.6765	0.5004	1.0525	0.6436	1.0015	0.6345
911	0.6201	0.4287	1.0169	0.5896	0.9536	0.5691
912	0.6175	0.4319	1.0094	0.5828	0.9328	0.5708
913	0.6699	0.4852	1.0438	0.6281	0.9811	0.6136
914	0.6081	0.422	0.9896	0.5766	0.9263	0.5658
915	0.6107	0.423	1.0004	0.5863	0.9381	0.5699
916	0.6082	0.421	0.9911	0.5806	0.9303	0.5686
917	0.6131	0.4246	1.027	0.5882	0.955	0.571
918	0.6089	0.4191	1.0072	0.5849	0.9486	0.568
919	0.629	0.4452	1.0283	0.6081	0.9632	0.5893
920	0.6213	0.4318	1.021	0.5964	0.9519	0.5754
921	0.6475	0.4664	1.0429	0.6215	0.9757	0.6109
922	0.6075	0.4191	1.009	0.5805	0.9428	0.5649
923	0.6196	0.4345	1.0093	0.5963	0.9524	0.5817
924	0.6176	0.4314	1.0194	0.5922	0.9569	0.5766
925	0.6227	0.4387	1.008	0.5931	0.9481	0.5816
926	0.6058	0.4209	0.9863	0.5801	0.9298	0.5656
927	0.6088	0.421	1.0073	0.5834	0.9479	0.5685
928	0.6019	0.4154	1.0143	0.5821	0.9495	0.5659
929	0.6082	0.4241	1.0113	0.5914	0.9498	0.5754
930	0.6222	0.4352	1.0237	0.5984	0.9593	0.5783
931	0.5994	0.413	1.0115	0.5799	0.934	0.5622
932	0.602	0.4166	1.0037	0.5798	0.9323	0.561
933	0.6228	0.4394	1.0208	0.5933	0.9489	0.5777
934	0.6042	0.4191	1.0016	0.5783	0.9433	0.5692
935	0.6055	0.4207	0.9919	0.5829	0.9289	0.5657
936	0.6049	0.4213	0.9875	0.5749	0.943	0.5699
937	0.5949	0.4094	0.9868	0.5741	0.9279	0.5625
938	0.6188	0.4342	1.0148	0.6005	0.9588	0.5804
939	0.616	0.4305	0.998	0.5874	0.9409	0.5759
940	0.5961	0.4117	0.9811	0.5758	0.9315	0.5662
941	0.6041	0.4182	0.9918	0.5835	0.9308	0.5673
942	0.6227	0.4396	1.013	0.6009	0.9584	0.5846
943	0.6159	0.4334	1.0097	0.5935	0.9528	0.5823
944	0.6086	0.426	1.002	0.5822	0.9372	0.5729
945	0.6313	0.45	1.0114	0.6015	0.944	0.5886
946	0.5941	0.4077	1.0032	0.5758	0.9335	0.5593
947	0.6259	0.4421	1.0244	0.6	0.9567	0.5859
948	0.596	0.4114	0.9974	0.5781	0.9324	0.5625
949	0.627	0.4463	1.0193	0.6069	0.9528	0.591
950	0.6027	0.4222	0.9931	0.5811	0.9362	0.5731
951	0.6032	0.4165	1.0246	0.5945	0.9575	0.5712
952	0.5987	0.4126	1.0175	0.582	0.9458	0.5653
953	0.595	0.4112	0.9831	0.5764	0.9254	0.5597
954	0.606	0.423	1.0111	0.5846	0.9525	0.5755
955	0.5944	0.4095	0.9924	0.576	0.9179	0.5589
956	0.6059	0.4248	1.005	0.5911	0.9386	0.5796
957	0.6357	0.4457	1.0508	0.6114	0.9864	0.592
958	0.5976	0.4112	1.0216	0.5826	0.9483	0.5621
959	0.629	0.4427	1.0196	0.6068	0.9545	0.587
960	0.6669	0.4738	1.0835	0.6339	1.0161	0.6048
961	0.6498	0.4572	1.0518	0.6221	0.9882	0.5932
962	0.6317	0.4525	1.0343	0.6115	0.9655	0.594
963	0.5939	0.4088	1.0051	0.5733	0.937	0.5582
964	0.6692	0.4886	1.0536	0.6415	0.9848	0.6208
965	0.595	0.41	1.0071	0.5815	0.935	0.5615
966	0.5979	0.4151	1.0041	0.5828	0.9224	0.5614
967	0.6006	0.415	1.0197	0.5868	0.9558	0.5667
968	0.6091	0.4288	0.9942	0.5793	0.9236	0.5718
969	0.6162	0.4343	1.0122	0.598	0.9567	0.5829
970	0.5899	0.4059	0.9865	0.5733	0.9241	0.5559
971	0.6303	0.4537	1.0166	0.6095	0.961	0.5971
972	0.5939	0.4097	1.0059	0.5804	0.9405	0.5624
973	0.6286	0.4504	1.0137	0.6103	0.9561	0.5902
974	0.601	0.417	1.0007	0.5859	0.9457	0.5683
975	0.6133	0.4347	1.0045	0.5964	0.9436	0.5817
976	0.6085	0.421	1.0189	0.5946	0.961	0.572
977	0.6156	0.4382	1.0203	0.6008	0.9606	0.5884
978	0.5923	0.4091	1.0139	0.5817	0.9432	0.5629
979	0.5955	0.4108	1.0141	0.5821	0.9461	0.5635
980	0.5881	0.4046	0.9963	0.5794	0.9361	0.5614
981	0.6646	0.4945	1.0379	0.6423	0.988	0.6331
982	0.5925	0.4093	1.0037	0.5809	0.9378	0.5662
983	0.6255	0.4427	1.0316	0.6095	0.968	0.5863
984	0.6138	0.4331	1.0264	0.6025	0.9595	0.583
985	0.589	0.4039	1.0	0.5761	0.9291	0.5591
986	0.6203	0.4432	0.9963	0.6048	0.9317	0.5866
987	0.6014	0.416	0.9793	0.5757	0.9184	0.5645
988	0.6091	0.4287	1.0031	0.5848	0.9413	0.58
989	0.5908	0.4078	0.9901	0.5773	0.9185	0.5591
990	0.6024	0.4188	1.0211	0.5951	0.9539	0.5666
991	0.6201	0.4426	1.0116	0.5939	0.9505	0.5893
992	0.5881	0.4058	1.0038	0.5765	0.9336	0.5609
993	0.6152	0.432	1.0264	0.602	0.9629	0.5829
994	0.5995	0.4183	1.0189	0.5916	0.9476	0.5754
995	0.5861	0.4026	1.01	0.5807	0.934	0.5552
996	0.5964	0.4169	1.0069	0.5834	0.9331	0.5689
997	0.5877	0.4068	1.0034	0.5776	0.9329	0.5609
998	0.6016	0.4201	1.0008	0.5826	0.9222	0.5642
999	0.6846	0.5003	1.0171	0.6224	0.9526	0.6229
1000	0.595	0.4141	1.0174	0.5873	0.9396	0.5695
1001	0.5834	0.3995	1.0093	0.5718	0.9308	0.5529
1002	0.5822	0.399	1.0033	0.5724	0.9272	0.5551
1003	0.5824	0.3994	1.0064	0.5758	0.9332	0.556
1004	0.5819	0.3998	1.0026	0.574	0.9318	0.5593
1005	0.5797	0.3968	1.0023	0.573	0.9315	0.5552
1006	0.5799	0.3973	1.0017	0.5739	0.9324	0.5582
1007	0.5787	0.3958	0.9989	0.5737	0.9319	0.5557
1008	0.5777	0.3947	1.0011	0.5724	0.9329	0.556
1009	0.5776	0.3942	1.0045	0.5727	0.9334	0.5549
1010	0.5788	0.3952	1.0051	0.574	0.9357	0.5549
1011	0.579	0.3964	1.0005	0.5732	0.9328	0.5579
1012	0.5762	0.3938	0.9987	0.571	0.9317	0.556
1013	0.5765	0.3943	1.0011	0.5723	0.9315	0.5546
1014	0.5758	0.3941	0.9989	0.5729	0.9278	0.5548
1015	0.5758	0.3932	1.0014	0.5735	0.9323	0.5551
1016	0.5755	0.3929	1.0009	0.5722	0.9318	0.5548
1017	0.5761	0.3933	1.0029	0.5729	0.9339	0.5552
1018	0.5756	0.3929	1.0003	0.5724	0.9314	0.5549
1019	0.5761	0.3929	1.0038	0.5739	0.9354	0.5549
1020	0.5763	0.3932	0.9988	0.5735	0.9322	0.5534
1021	0.5754	0.3929	0.9958	0.5718	0.9289	0.5545
1022	0.5747	0.392	0.9987	0.5718	0.9307	0.552
1023	0.5756	0.393	1.0011	0.5737	0.9342	0.5548
1024	0.5747	0.3925	0.9954	0.5713	0.9297	0.5546
1025	0.5742	0.3925	0.9926	0.5712	0.924	0.5529
1026	0.5754	0.3935	0.9955	0.574	0.9274	0.5555
1027	0.5741	0.3919	0.9925	0.5709	0.9264	0.5533
1028	0.5761	0.3931	1.0044	0.5737	0.9377	0.556
1029	0.5743	0.3923	1.0	0.5725	0.9312	0.5531
1030	0.5741	0.3919	1.0006	0.5725	0.9319	0.5534
1031	0.5769	0.3949	1.005	0.5757	0.9372	0.5575
1032	0.5748	0.3929	0.9964	0.5725	0.9309	0.5547
1033	0.5737	0.3917	0.9903	0.5696	0.9247	0.5546
1034	0.5728	0.3904	0.994	0.5706	0.928	0.554
1035	0.5791	0.3968	1.0055	0.5782	0.9364	0.555
1036	0.5747	0.3924	1.0005	0.5727	0.9291	0.5513
1037	0.5779	0.3969	0.9998	0.5755	0.9302	0.5573
1038	0.5776	0.396	0.9964	0.5744	0.9296	0.5574
1039	0.5735	0.3911	0.9982	0.5726	0.9304	0.5524
1040	0.5766	0.3943	1.004	0.5745	0.9338	0.5531
1041	0.5739	0.3915	1.0039	0.5738	0.9324	0.5532
1042	0.5731	0.3913	0.9941	0.5709	0.9233	0.5521
1043	0.5726	0.3904	1.0018	0.5719	0.9316	0.552
1044	0.5738	0.3917	1.0039	0.5737	0.9348	0.554
1045	0.5729	0.3912	0.9965	0.5706	0.9317	0.5553
1046	0.5753	0.3931	1.0071	0.5757	0.9422	0.5577
1047	0.5724	0.3904	1.0001	0.5733	0.9331	0.5528
1048	0.5721	0.3903	1.0005	0.5736	0.9328	0.5523
1049	0.5738	0.3923	0.9983	0.5723	0.9291	0.5542
1050	0.5726	0.3904	1.0029	0.5738	0.9355	0.5539
1051	0.572	0.3901	0.9972	0.573	0.9333	0.5549
1052	0.5731	0.3919	0.9975	0.5748	0.9319	0.556
1053	0.5745	0.3938	0.995	0.5746	0.93	0.5575
1054	0.5759	0.3945	1.0001	0.5789	0.9364	0.5561
1055	0.571	0.3895	0.9971	0.5729	0.9291	0.5513
1056	0.5748	0.3937	1.0031	0.5753	0.9319	0.5556
1057	0.5709	0.389	1.0031	0.5718	0.9329	0.5517
1058	0.5749	0.3945	1.0047	0.5776	0.934	0.5548
1059	0.5753	0.3934	1.011	0.5788	0.9408	0.5582
1060	0.5703	0.3886	0.9986	0.57	0.9273	0.5516
1061	0.5704	0.3893	0.9995	0.5738	0.9263	0.551
1062	0.5758	0.3952	1.0014	0.5786	0.9297	0.555
1063	0.5704	0.3892	0.9946	0.5717	0.9233	0.5509
1064	0.5753	0.3954	1.0004	0.5766	0.9286	0.5577
1065	0.5718	0.3906	0.9941	0.5714	0.925	0.5536
1066	0.5702	0.3885	0.9972	0.5725	0.93	0.552
1067	0.5723	0.3902	1.0039	0.5752	0.9378	0.5538
1068	0.5702	0.3889	0.9979	0.5738	0.9309	0.5529
1069	0.5702	0.3895	0.9944	0.5723	0.9248	0.5513
1070	0.5704	0.3895	1.0019	0.575	0.9312	0.5521
1071	0.5735	0.3922	1.0056	0.5775	0.9386	0.555
1072	0.5715	0.39	1.0074	0.5761	0.9398	0.5554
1073	0.57	0.3886	0.9974	0.5717	0.93	0.5533
1074	0.5697	0.3878	1.0008	0.5718	0.9346	0.5528
1075	0.5742	0.3929	1.0033	0.5786	0.9418	0.5576
1076	0.5706	0.3886	1.0017	0.574	0.9407	0.5554
1077	0.5717	0.391	1.0006	0.5755	0.9371	0.5562
1078	0.5711	0.39	0.9978	0.5742	0.9294	0.5521
1079	0.5753	0.3929	1.0117	0.5796	0.9421	0.5546
1080	0.571	0.3891	1.0044	0.5748	0.9345	0.5533
1081	0.5706	0.389	1.0008	0.5721	0.9325	0.5536
1082	0.5729	0.3903	1.0028	0.5763	0.9376	0.5534
1083	0.5719	0.391	0.9972	0.5768	0.9309	0.5536
1084	0.569	0.3881	0.9974	0.5735	0.9299	0.5504
1085	0.5696	0.3876	1.0061	0.5737	0.937	0.5498
1086	0.5687	0.3873	0.9981	0.5718	0.93	0.5495
1087	0.574	0.3931	1.0049	0.578	0.9348	0.553
1088	0.5699	0.3891	1.0003	0.5724	0.9309	0.5522
1089	0.5775	0.3983	1.0064	0.5768	0.9383	0.5601
1090	0.5694	0.3873	1.0071	0.5729	0.9384	0.5522
1091	0.5704	0.3894	0.999	0.5736	0.9313	0.5534
1092	0.5728	0.391	1.0057	0.5778	0.9371	0.5556
1093	0.5676	0.3874	0.9974	0.5723	0.927	0.5512
1094	0.5709	0.3915	1.0023	0.5762	0.9319	0.5557
1095	0.5682	0.3884	0.9978	0.5741	0.9294	0.5538
1096	0.571	0.3902	1.0075	0.5771	0.9378	0.5554
1097	0.5713	0.3921	0.9993	0.574	0.9287	0.5553
1098	0.5683	0.3878	1.0022	0.5741	0.9331	0.554
1099	0.5688	0.3882	0.9989	0.5732	0.9319	0.554
1100	0.5697	0.3888	1.0077	0.5754	0.938	0.555
1101	0.5695	0.3898	1.0005	0.5737	0.9311	0.5546
1102	0.5702	0.3896	1.0076	0.576	0.9395	0.5553
1103	0.5688	0.3881	1.0069	0.5734	0.937	0.554
1104	0.5679	0.3879	0.9977	0.5707	0.9279	0.5527
1105	0.5686	0.3885	1.0058	0.5745	0.9383	0.5561
1106	0.5686	0.3891	1.0012	0.5748	0.9344	0.5545
1107	0.5697	0.3901	1.0068	0.5779	0.9389	0.5554
1108	0.5686	0.389	0.9984	0.5739	0.9324	0.5527
1109	0.574	0.3931	1.0107	0.5813	0.946	0.5573
1110	0.5669	0.3868	0.9981	0.5724	0.9334	0.5545
1111	0.5713	0.3918	0.9981	0.5745	0.9321	0.5574
1112	0.5701	0.3889	1.0067	0.5736	0.939	0.554
1113	0.5675	0.3872	0.9999	0.5704	0.9306	0.551
1114	0.5692	0.3885	1.0058	0.5746	0.9363	0.5516
1115	0.5658	0.385	0.997	0.5698	0.9281	0.5509
1116	0.5663	0.3865	0.9958	0.5701	0.9258	0.5527
1117	0.5683	0.3887	1.001	0.5741	0.9312	0.5557
1118	0.5672	0.3865	1.0027	0.5733	0.9342	0.5541
1119	0.5669	0.3865	1.0011	0.5708	0.9338	0.5536
1120	0.5673	0.387	1.0027	0.5731	0.9341	0.5538
1121	0.5666	0.3864	1.0026	0.5733	0.9328	0.5521
1122	0.5673	0.3871	1.0032	0.5751	0.9347	0.5527
1123	0.5682	0.3891	0.9924	0.5725	0.9261	0.5538
1124	0.5684	0.3876	1.0089	0.5766	0.9411	0.5536
1125	0.5668	0.3872	0.9999	0.5729	0.9315	0.5523
1126	0.5691	0.389	1.0038	0.5755	0.938	0.5541
1127	0.5666	0.3869	1.0003	0.5708	0.9357	0.552
1128	0.567	0.3876	1.0004	0.5746	0.9362	0.5526
1129	0.566	0.3863	0.9972	0.5735	0.9339	0.5531
1130	0.5693	0.3896	1.0022	0.5764	0.9363	0.5544
1131	0.5695	0.3896	1.0051	0.5756	0.9374	0.5539
1132	0.5656	0.3856	0.9987	0.5713	0.9321	0.5518
1133	0.5662	0.3862	1.0017	0.5715	0.9381	0.5534
1134	0.568	0.387	1.0064	0.5725	0.9453	0.5547
1135	0.566	0.3865	0.9922	0.5694	0.9286	0.5524
1136	0.5695	0.3906	1.0011	0.5762	0.9332	0.5566
1137	0.5653	0.3858	0.9914	0.5697	0.9258	0.5516
1138	0.5665	0.3864	1.0041	0.5734	0.9379	0.5547
1139	0.5678	0.389	1.0002	0.5738	0.9333	0.5566
1140	0.5699	0.3917	1.0028	0.578	0.9328	0.5547
1141	0.5688	0.3896	1.0044	0.5779	0.9339	0.5528
1142	0.5681	0.3886	0.9955	0.5733	0.928	0.5543
1143	0.5652	0.3853	1.0005	0.5719	0.9316	0.5515
1144	0.5687	0.3897	1.0032	0.5731	0.9299	0.553
1145	0.566	0.3873	0.9958	0.5701	0.9265	0.5505
1146	0.5672	0.3872	1.002	0.573	0.9347	0.5531
1147	0.5649	0.3855	0.9965	0.5693	0.9288	0.5519
1148	0.5675	0.3885	1.0069	0.5746	0.9385	0.5564
1149	0.5659	0.3867	1.0063	0.5728	0.9349	0.5539
1150	0.569	0.3895	1.0136	0.5755	0.9422	0.5543
1151	0.5649	0.3858	1.0028	0.5704	0.9322	0.5523
1152	0.5666	0.3879	0.9995	0.5746	0.9279	0.5539
1153	0.5644	0.385	0.9933	0.5713	0.9241	0.5524
1154	0.5647	0.3851	0.9963	0.5715	0.9282	0.5525
1155	0.5723	0.3932	1.0044	0.5803	0.9364	0.558
1156	0.5637	0.384	0.9965	0.572	0.9268	0.5509
1157	0.5646	0.3849	1.0015	0.5732	0.93	0.5503
1158	0.5655	0.3863	1.0008	0.5733	0.9305	0.5533
1159	0.5728	0.3942	1.0071	0.5797	0.9391	0.5579
1160	0.5811	0.4033	1.0112	0.5859	0.9452	0.5652
1161	0.5705	0.392	0.9988	0.5748	0.9315	0.5595
1162	0.573	0.3949	0.9976	0.5737	0.9322	0.5608
1163	0.5716	0.3924	1.0032	0.5786	0.9378	0.5566
1164	0.572	0.3933	1.0022	0.5796	0.9374	0.5574
1165	0.5635	0.3839	0.9919	0.568	0.9285	0.5529
1166	0.5676	0.3885	1.0038	0.5759	0.9371	0.557
1167	0.5668	0.3874	1.0059	0.5753	0.9394	0.5539
1168	0.5671	0.3884	0.9978	0.5734	0.9322	0.5544
1169	0.5652	0.3864	0.9958	0.5716	0.9302	0.5547
1170	0.5656	0.3863	0.9937	0.5717	0.9279	0.5548
1171	0.565	0.3848	1.0042	0.5739	0.9382	0.553
1172	0.5641	0.3838	1.0059	0.5717	0.9411	0.5522
1173	0.5634	0.3845	0.9965	0.5681	0.932	0.5509
1174	0.5652	0.3862	1.006	0.5745	0.9388	0.5541
1175	0.5634	0.3843	1.0018	0.5712	0.932	0.5507
1176	0.5623	0.3829	0.9992	0.5706	0.9298	0.5503
1177	0.574	0.3967	1.01	0.5815	0.941	0.5624
1178	0.5634	0.3842	0.9995	0.5718	0.9328	0.5515
1179	0.5654	0.3863	1.0026	0.5749	0.9386	0.5549
1180	0.5653	0.3863	1.0011	0.5758	0.936	0.5543
1181	0.5642	0.3854	0.995	0.5723	0.9285	0.553
1182	0.566	0.3872	1.0029	0.5749	0.9348	0.5551
1183	0.5643	0.3848	1.0028	0.5732	0.9347	0.5522
1184	0.5643	0.3852	1.0024	0.5721	0.9336	0.5514
1185	0.5626	0.3838	0.9969	0.5698	0.9285	0.5499
1186	0.5677	0.39	0.9968	0.5745	0.9304	0.5562
1187	0.5633	0.3837	1.003	0.5729	0.936	0.5514
1188	0.5677	0.3878	1.0148	0.5784	0.9465	0.5545
1189	0.5628	0.3844	0.9986	0.5732	0.9308	0.5524
1190	0.5626	0.3838	0.9966	0.5744	0.9261	0.5513
1191	0.5692	0.3896	1.0124	0.5805	0.9406	0.5543
1192	0.5624	0.383	0.9991	0.5702	0.9277	0.5503
1193	0.5639	0.3851	0.9948	0.5715	0.9256	0.5529
1194	0.563	0.3838	0.9983	0.5724	0.9295	0.5528
1195	0.566	0.3877	1.0002	0.5755	0.9297	0.553
1196	0.5662	0.3867	1.0098	0.5757	0.9375	0.5537
1197	0.5635	0.3851	0.9963	0.5695	0.9241	0.5523
1198	0.5634	0.3841	1.001	0.5717	0.9296	0.552
1199	0.5628	0.3839	0.9998	0.5729	0.9279	0.5505
1200	0.5624	0.3836	1.0005	0.5729	0.9288	0.5497
1201	0.5637	0.3847	1.0032	0.5734	0.9343	0.552
1202	0.5616	0.3827	1.001	0.5704	0.9294	0.5499
1203	0.5628	0.3842	1.0053	0.5735	0.934	0.5512
1204	0.562	0.3838	0.9992	0.5718	0.9307	0.5519
1205	0.5619	0.3837	0.9987	0.5719	0.9292	0.5513
1206	0.5641	0.3856	1.001	0.5729	0.9323	0.5518
1207	0.5666	0.3892	0.9985	0.576	0.93	0.5563
1208	0.5636	0.3852	0.9999	0.5729	0.9327	0.5534
1209	0.565	0.3865	0.9966	0.573	0.9305	0.553
1210	0.5607	0.3819	0.9952	0.5697	0.9268	0.5496
1211	0.5616	0.3834	0.998	0.5719	0.9275	0.5512
1212	0.5623	0.3837	1.0057	0.5724	0.9344	0.5509
1213	0.5617	0.3833	0.9993	0.5718	0.9301	0.5511
1214	0.565	0.3863	0.9989	0.5759	0.9322	0.5539
1215	0.5617	0.3828	0.9961	0.5726	0.928	0.5505
1216	0.567	0.3885	1.0065	0.5772	0.9352	0.5557
1217	0.561	0.3818	0.9959	0.5702	0.9284	0.5489
1218	0.5635	0.3845	0.9992	0.5741	0.9342	0.5529
1219	0.561	0.3827	0.9974	0.5706	0.9293	0.5515
1220	0.5617	0.3829	1.0035	0.572	0.9348	0.5523
1221	0.5625	0.384	1.0031	0.5731	0.9367	0.5539
1222	0.5638	0.3868	0.9927	0.5735	0.927	0.5532
1223	0.5621	0.3835	0.9996	0.5747	0.9334	0.5508
1224	0.5597	0.3812	0.9952	0.5712	0.9305	0.5507
1225	0.5657	0.3886	1.0002	0.5754	0.9339	0.5563
1226	0.5635	0.3853	1.0046	0.5754	0.9345	0.5539
1227	0.5599	0.3813	0.9948	0.5688	0.9229	0.5497
1228	0.5633	0.3848	0.9998	0.5726	0.9296	0.5546
1229	0.5633	0.3851	0.9994	0.5758	0.9311	0.5528
1230	0.5642	0.3866	0.9976	0.5761	0.9301	0.5523
1231	0.5614	0.3835	0.9961	0.5726	0.9287	0.5516
1232	0.5606	0.3823	0.9974	0.5726	0.9306	0.5499
1233	0.5623	0.3835	1.0058	0.5751	0.9379	0.5513
1234	0.5596	0.3812	0.9941	0.5686	0.9255	0.5481
1235	0.5661	0.3876	1.0062	0.5781	0.9374	0.5533
1236	0.5616	0.3833	1.003	0.5728	0.9326	0.55
1237	0.562	0.3842	0.9997	0.5719	0.9354	0.5522
1238	0.5682	0.3898	1.0035	0.5795	0.9431	0.5565
1239	0.5616	0.3824	1.0042	0.5716	0.941	0.5513
1240	0.5602	0.3821	0.9986	0.5711	0.9332	0.5508
1241	0.5606	0.3829	0.991	0.5705	0.9255	0.5508
1242	0.5591	0.3806	0.9928	0.5706	0.9275	0.5493
1243	0.559	0.3807	0.9927	0.5703	0.9256	0.5484
1244	0.5644	0.3861	1.0043	0.578	0.9372	0.5537
1245	0.5611	0.3838	0.9927	0.5726	0.9274	0.5525
1246	0.5608	0.3829	0.9998	0.5708	0.9329	0.5513
1247	0.5592	0.3811	1.0002	0.5699	0.9321	0.5501
1248	0.5591	0.3806	0.9997	0.5699	0.9317	0.5501
1249	0.5599	0.3821	0.9985	0.5703	0.9295	0.5522
1250	0.5635	0.3855	1.0014	0.5743	0.9335	0.5541
1251	0.5613	0.383	1.0041	0.5737	0.9365	0.5524
1252	0.561	0.3831	1.0008	0.5733	0.9315	0.5532
1253	0.5592	0.3815	0.9971	0.5721	0.925	0.5503
1254	0.5605	0.3821	1.0059	0.5738	0.9347	0.5512
1255	0.5606	0.3823	1.0035	0.5714	0.9328	0.552
1256	0.5593	0.3811	1.0001	0.5714	0.9296	0.5501
1257	0.5653	0.3883	1.0004	0.5764	0.9289	0.5518
1258	0.5599	0.3827	0.9954	0.5713	0.9253	0.5485
1259	0.5595	0.3817	0.9996	0.57	0.9307	0.5505
1260	0.5588	0.3816	0.9968	0.5686	0.9281	0.5506
1261	0.5595	0.3822	1.0003	0.5712	0.9322	0.5521
1262	0.5634	0.386	0.9998	0.577	0.9347	0.5545
1263	0.558	0.3798	0.9952	0.5689	0.9303	0.5512
1264	0.5592	0.3811	0.9994	0.5693	0.9337	0.5517
1265	0.5594	0.3815	0.9994	0.5693	0.9334	0.5517
1266	0.5578	0.3801	0.9958	0.5686	0.9279	0.5496
1267	0.5608	0.3823	1.005	0.5744	0.9382	0.5533
1268	0.559	0.3808	0.997	0.5716	0.9325	0.5523
1269	0.56	0.3814	1.0007	0.5738	0.9358	0.5537
1270	0.5589	0.3813	0.9931	0.5703	0.926	0.5517
1271	0.5592	0.3809	0.9992	0.5695	0.9311	0.5494
1272	0.5596	0.3826	0.9966	0.572	0.9279	0.5501
1273	0.5601	0.3827	1.0009	0.572	0.9318	0.5499
1274	0.5584	0.3806	0.9947	0.5701	0.9285	0.5505
1275	0.5586	0.3813	0.9906	0.5699	0.9254	0.5521
1276	0.5586	0.381	0.9975	0.5716	0.9293	0.5512
1277	0.5602	0.382	1.0075	0.5733	0.9389	0.5516
1278	0.561	0.3841	1.0001	0.5728	0.9323	0.5532
1279	0.5594	0.3815	1.0039	0.5729	0.9337	0.5511
1280	0.558	0.3809	0.996	0.5698	0.9269	0.5511
1281	0.563	0.3865	1.0026	0.5765	0.9369	0.5567
1282	0.5589	0.3819	0.9978	0.5721	0.9308	0.5519
1283	0.5591	0.3811	1.0027	0.5732	0.9346	0.5496
1284	0.5577	0.3799	0.9974	0.5709	0.9279	0.5495
1285	0.5582	0.3803	0.9994	0.572	0.9309	0.5515
1286	0.5596	0.3815	1.0069	0.5737	0.937	0.5517
1287	0.559	0.3813	1.0099	0.5734	0.9359	0.5503
1288	0.5581	0.3809	1.0009	0.5723	0.9278	0.5501
1289	0.5575	0.3799	0.9971	0.5705	0.9279	0.5517
1290	0.5622	0.3848	0.9995	0.5749	0.9312	0.555
1291	0.5601	0.3817	1.0037	0.5743	0.9315	0.5509
1292	0.5569	0.3783	0.9984	0.5684	0.925	0.5465
1293	0.5576	0.3793	0.9992	0.5694	0.9278	0.5491
1294	0.5581	0.3799	0.9974	0.5701	0.928	0.5503
1295	0.557	0.379	0.9901	0.568	0.9223	0.5491
1296	0.5572	0.3799	0.9944	0.5714	0.9226	0.5489
1297	0.5567	0.3796	0.9938	0.57	0.9216	0.5486
1298	0.5583	0.3805	1.0024	0.5725	0.9316	0.5502
1299	0.5568	0.3791	0.9968	0.5702	0.9255	0.5493
1300	0.5612	0.3848	0.9983	0.5734	0.9258	0.5541
1301	0.5587	0.3807	1.002	0.5736	0.9323	0.5506
1302	0.5577	0.3802	0.9957	0.5711	0.9271	0.5501
1303	0.5579	0.38	0.9956	0.5705	0.9288	0.5503
1304	0.5569	0.3791	0.9994	0.5699	0.929	0.549
1305	0.5578	0.3801	1.0009	0.5707	0.9322	0.5501
1306	0.5587	0.3812	1.0029	0.5718	0.9347	0.5512
1307	0.5567	0.3787	0.9999	0.5694	0.9304	0.5487
1308	0.5562	0.3788	0.9929	0.5691	0.9248	0.5501
1309	0.5577	0.3792	1.0014	0.5712	0.9345	0.5511
1310	0.561	0.3838	1.0041	0.5746	0.9354	0.5552
1311	0.5636	0.3877	1.0017	0.5762	0.9345	0.5581
1312	0.5558	0.378	0.9982	0.5692	0.9299	0.5491
1313	0.5565	0.3785	1.0046	0.5704	0.932	0.5497
1314	0.562	0.3846	1.0096	0.5767	0.9356	0.5538
1315	0.563	0.3865	1.0027	0.5767	0.9305	0.555
1316	0.5569	0.3791	0.9995	0.5702	0.9288	0.5502
1317	0.5585	0.3812	1.006	0.5733	0.9366	0.553
1318	0.5723	0.3981	1.0025	0.5803	0.9342	0.5644
1319	0.5577	0.38	0.9982	0.5717	0.929	0.5504
1320	0.5628	0.3856	1.0037	0.5766	0.9343	0.5544
1321	0.5562	0.3782	0.9998	0.5701	0.931	0.5488
1322	0.5598	0.384	0.9979	0.5719	0.9306	0.5539
1323	0.5587	0.382	0.9974	0.572	0.9278	0.5516
1324	0.5565	0.3793	0.9983	0.571	0.9308	0.5511
1325	0.5566	0.3791	0.9963	0.5704	0.9303	0.5514
1326	0.5571	0.3801	0.996	0.5725	0.9285	0.5523
1327	0.5586	0.3814	1.0017	0.5748	0.9315	0.553
1328	0.5562	0.3792	0.9927	0.5693	0.922	0.5496
1329	0.557	0.3799	0.9975	0.5716	0.9272	0.551
1330	0.5589	0.3823	0.9982	0.5734	0.925	0.5532
1331	0.558	0.3807	1.0006	0.5719	0.9287	0.5513
1332	0.5572	0.3802	1.0031	0.5737	0.9319	0.5505
1333	0.5563	0.3794	1.0015	0.5727	0.9311	0.5502
1334	0.5569	0.3809	0.9996	0.5721	0.9307	0.5511
1335	0.5554	0.3787	0.9973	0.5694	0.9298	0.5496
1336	0.559	0.3809	1.0088	0.574	0.9401	0.5514
1337	0.5557	0.3785	0.9969	0.5704	0.9284	0.5508
1338	0.5551	0.3785	0.9943	0.5694	0.9274	0.5515
1339	0.5571	0.3793	1.0052	0.5745	0.9372	0.5519
1340	0.5607	0.3838	1.0038	0.5799	0.9379	0.556
1341	0.5573	0.382	0.9936	0.5723	0.9266	0.555
1342	0.5554	0.3795	0.9965	0.5735	0.9277	0.5523
1343	0.5617	0.3847	1.0113	0.5796	0.9429	0.5543
1344	0.5544	0.3779	0.9979	0.5695	0.9295	0.5497
1345	0.5595	0.3815	1.0098	0.5766	0.9426	0.5531
1346	0.5577	0.3818	0.996	0.5731	0.9284	0.5516
1347	0.5577	0.3817	1.0008	0.5737	0.9302	0.553
1348	0.5546	0.3777	1.0033	0.5719	0.9305	0.5491
1349	0.559	0.3811	1.0096	0.5767	0.9387	0.5533
1350	0.5544	0.3768	0.9953	0.568	0.9273	0.5507
1351	0.5566	0.3798	1.006	0.5742	0.9339	0.5516
1352	0.5551	0.3788	0.9966	0.5707	0.9269	0.5494
1353	0.5566	0.3796	1.0056	0.572	0.9363	0.5507
1354	0.5552	0.3778	1.003	0.57	0.9344	0.549
1355	0.5545	0.377	0.9995	0.5709	0.9281	0.5488
1356	0.558	0.3813	0.9976	0.5735	0.9278	0.5501
1357	0.5539	0.3766	0.997	0.5696	0.927	0.5475
1358	0.5594	0.3841	0.9975	0.5729	0.9269	0.5537
1359	0.5551	0.3786	0.9967	0.5715	0.9262	0.55
1360	0.5565	0.3801	0.9966	0.573	0.9284	0.5513
1361	0.5534	0.3767	0.9947	0.5689	0.9275	0.5494
1362	0.5576	0.3815	0.9989	0.5738	0.9289	0.5526
1363	0.5546	0.3783	0.9969	0.5717	0.9258	0.5489
1364	0.5573	0.3802	1.0006	0.5739	0.9335	0.5509
1365	0.559	0.3818	1.0046	0.5763	0.9355	0.5518
1366	0.5555	0.3793	0.9949	0.5712	0.9254	0.5513
1367	0.5532	0.3764	0.9965	0.5688	0.9266	0.5488
1368	0.5543	0.3774	1.0042	0.5724	0.9302	0.5484
1369	0.5541	0.3767	1.0046	0.5734	0.933	0.5488
1370	0.5575	0.3804	1.0039	0.5766	0.9351	0.5531
1371	0.5563	0.3805	0.9918	0.5733	0.9239	0.552
1372	0.5563	0.3811	0.9996	0.5746	0.9279	0.5529
1373	0.5557	0.3803	0.9975	0.5726	0.925	0.5512
1374	0.5533	0.3765	0.9989	0.5712	0.9279	0.5476
1375	0.5534	0.3764	0.9997	0.5713	0.9275	0.547
1376	0.554	0.3771	1.0014	0.5724	0.9284	0.5483
1377	0.5538	0.3777	0.9979	0.5704	0.927	0.55
1378	0.5545	0.3783	0.9976	0.5701	0.9276	0.5511
1379	0.5542	0.3776	0.9953	0.5704	0.9248	0.5505
1380	0.5534	0.3766	0.9978	0.5683	0.9261	0.55
1381	0.5553	0.379	1.0029	0.5729	0.9307	0.5519
1382	0.5522	0.3754	0.9935	0.5665	0.9205	0.5472
1383	0.5546	0.3771	1.0012	0.5697	0.93	0.5499
1384	0.556	0.3791	1.0023	0.573	0.9336	0.5527
1385	0.5542	0.3772	0.9999	0.5693	0.9324	0.5501
1386	0.5535	0.377	0.9964	0.57	0.9254	0.5485
1387	0.5538	0.3773	1.0015	0.5714	0.928	0.5488
1388	0.5517	0.3744	1.0008	0.5688	0.9318	0.548
1389	0.552	0.3751	0.9975	0.5703	0.9304	0.5491
1390	0.5535	0.3772	0.9947	0.5711	0.9287	0.5507
1391	0.5552	0.3794	1.0004	0.5736	0.9296	0.5527
1392	0.5533	0.3776	0.994	0.5707	0.9222	0.549
1393	0.5514	0.375	0.9979	0.5695	0.924	0.5454
1394	0.5517	0.3755	0.9948	0.5694	0.9223	0.5468
1395	0.5574	0.3803	1.0089	0.577	0.934	0.5501
1396	0.5514	0.3751	1.0027	0.57	0.9277	0.547
1397	0.5542	0.379	1.0036	0.5716	0.9307	0.5519
1398	0.5527	0.3759	1.0028	0.5709	0.9314	0.5502
1399	0.5547	0.3785	1.0081	0.5746	0.935	0.5516
1400	0.5521	0.3762	1.0016	0.5709	0.931	0.5503
1401	0.5546	0.3792	1.005	0.5726	0.9353	0.5524
1402	0.5524	0.3757	1.0043	0.5713	0.933	0.5488
1403	0.553	0.3767	1.0045	0.5728	0.9333	0.5493
1404	0.5519	0.3764	0.999	0.5701	0.9264	0.5491
1405	0.5511	0.3754	1.0004	0.5696	0.9276	0.5486
1406	0.5547	0.3781	1.0087	0.5743	0.9361	0.5523
1407	0.5574	0.3819	1.0075	0.5762	0.9369	0.5554
1408	0.5542	0.3787	1.0028	0.5729	0.9342	0.5525
1409	0.5574	0.3827	1.0069	0.5768	0.9359	0.554
1410	0.5543	0.379	1.0055	0.5741	0.9333	0.5506
1411	0.5511	0.3754	0.9983	0.5695	0.9231	0.5468
1412	0.5576	0.3829	1.0086	0.5791	0.9335	0.5536
1413	0.552	0.3767	0.9953	0.5706	0.9235	0.548
1414	0.5602	0.3848	1.0038	0.5801	0.9372	0.5544
1415	0.5526	0.3757	1.0005	0.5725	0.9354	0.5499
1416	0.551	0.3744	0.997	0.5694	0.9279	0.548
1417	0.5566	0.382	1.0023	0.5757	0.9305	0.5536
1418	0.5535	0.3781	0.9945	0.5723	0.9255	0.5505
1419	0.556	0.3799	1.0015	0.576	0.934	0.5524
1420	0.5556	0.3809	0.9996	0.5717	0.9298	0.5529
1421	0.5549	0.38	1.0016	0.5736	0.9306	0.5527
1422	0.5517	0.3762	0.9987	0.5704	0.9278	0.5501
1423	0.5533	0.3782	0.9981	0.5731	0.9282	0.5501
1424	0.5584	0.3838	1.0027	0.5794	0.933	0.5542
1425	0.5507	0.3755	0.9968	0.5701	0.922	0.5463
1426	0.5533	0.3779	1.0065	0.574	0.9307	0.5489
1427	0.551	0.3758	0.9976	0.571	0.925	0.5473
1428	0.5549	0.3794	1.0005	0.5756	0.9311	0.5516
1429	0.5531	0.3773	0.9989	0.5723	0.9278	0.5487
1430	0.5513	0.3757	0.9915	0.569	0.917	0.5472
1431	0.5578	0.3835	1.0011	0.5771	0.9275	0.5547
1432	0.5546	0.3795	1.0004	0.5739	0.9293	0.5507
1433	0.5525	0.3762	1.0021	0.5714	0.9312	0.5486
1434	0.5512	0.3759	0.9972	0.5688	0.9262	0.5486
1435	0.5516	0.3752	1.0045	0.5717	0.9342	0.5497
1436	0.5502	0.3736	1.0022	0.5689	0.9338	0.5495
1437	0.5559	0.3807	1.0022	0.5751	0.9351	0.5529
1438	0.5503	0.3754	0.9935	0.5692	0.9239	0.5473
1439	0.5529	0.3777	0.9951	0.5713	0.9256	0.55
1440	0.5505	0.3745	0.9955	0.5708	0.9282	0.5477
1441	0.5531	0.3761	1.0033	0.5721	0.9357	0.5493
1442	0.5506	0.3749	0.9951	0.5667	0.9236	0.5465
1443	0.5529	0.3784	0.9928	0.57	0.9234	0.5496
1444	0.552	0.3772	0.9987	0.5703	0.9293	0.5492
1445	0.5501	0.374	1.0029	0.5688	0.9347	0.5483
1446	0.5494	0.3741	0.9987	0.5697	0.9291	0.5489
1447	0.5521	0.3778	0.9995	0.5731	0.9276	0.5516
1448	0.5513	0.3771	0.9933	0.5702	0.9224	0.5495
1449	0.5514	0.3757	0.9979	0.5737	0.9295	0.5498
1450	0.552	0.3766	0.9925	0.5733	0.9263	0.5513
1451	0.5501	0.3735	0.9966	0.5704	0.9303	0.5492
1452	0.5502	0.374	0.9997	0.5692	0.9318	0.548
1453	0.5521	0.3763	1.0049	0.5732	0.9334	0.5494
1454	0.5514	0.3763	0.9996	0.5719	0.9282	0.5482
1455	0.5564	0.3799	1.009	0.5782	0.9405	0.552
1456	0.5494	0.3738	0.9972	0.5724	0.9275	0.549
1457	0.5504	0.376	0.9958	0.5723	0.924	0.5497
1458	0.5501	0.3749	1.0017	0.5713	0.927	0.5478
1459	0.5518	0.3761	1.0032	0.5721	0.9319	0.5491
1460	0.5506	0.375	1.0009	0.571	0.9303	0.5489
1461	0.5524	0.3766	1.005	0.5719	0.9319	0.5493
1462	0.5549	0.3791	1.0074	0.5733	0.936	0.5503
1463	0.5499	0.3742	1.0007	0.5693	0.9306	0.5475
1464	0.5519	0.3764	1.0012	0.5723	0.9326	0.5494
1465	0.5483	0.373	0.993	0.5665	0.9246	0.5466
1466	0.5519	0.3777	0.9976	0.5709	0.9275	0.5507
1467	0.5549	0.3805	1.0064	0.5767	0.9351	0.5532
1468	0.5489	0.3734	0.9976	0.5707	0.9296	0.5469
1469	0.55	0.3743	0.9961	0.5719	0.9305	0.549
1470	0.5494	0.3741	0.9972	0.5709	0.9278	0.5483
1471	0.5593	0.3854	1.0167	0.5814	0.9447	0.5569
1472	0.5496	0.3744	0.9978	0.5712	0.93	0.5484
1473	0.5679	0.3945	1.0072	0.5882	0.9418	0.5612
1474	0.5513	0.3762	0.9996	0.5747	0.9307	0.5481
1475	0.551	0.3765	1.0013	0.5733	0.929	0.5492
1476	0.5516	0.3769	1.0084	0.5752	0.9373	0.5508
1477	0.5482	0.3736	0.9988	0.5712	0.9277	0.547
1478	0.554	0.3792	1.0003	0.5778	0.9316	0.5523
1479	0.5495	0.3746	1.0018	0.5729	0.9315	0.5502
1480	0.5491	0.3738	1.0027	0.5707	0.9316	0.5485
1481	0.5485	0.3735	1.0015	0.5722	0.931	0.5488
1482	0.5515	0.3764	1.0083	0.5753	0.9367	0.5501
1483	0.5478	0.3727	1.0011	0.5702	0.9293	0.5475
1484	0.5487	0.3746	0.9999	0.5701	0.9288	0.5492
1485	0.548	0.3732	1.0004	0.5704	0.9279	0.5472
1486	0.5486	0.3742	0.9974	0.5707	0.9244	0.5472
1487	0.5523	0.3774	1.0007	0.5739	0.9308	0.5489
1488	0.5507	0.3762	0.9997	0.5748	0.9317	0.5492
1489	0.5492	0.3741	1.0004	0.5742	0.932	0.5482
1490	0.5482	0.3735	0.9967	0.5689	0.928	0.5488
1491	0.5511	0.3773	0.999	0.5721	0.927	0.5518
1492	0.5498	0.3753	1.0075	0.5744	0.9362	0.5505
1493	0.5473	0.3723	1.0035	0.5699	0.9347	0.5483
1494	0.553	0.3787	1.0038	0.5773	0.9379	0.5534
1495	0.5484	0.3741	1.0003	0.5731	0.9318	0.5502
1496	0.5494	0.3752	1.0015	0.5721	0.9299	0.5495
1497	0.5502	0.3753	1.0058	0.5739	0.934	0.5493
1498	0.5475	0.373	0.9959	0.5691	0.9235	0.5467
1499	0.5478	0.3732	0.9973	0.5702	0.925	0.5478
