epoch:	train_RMSD:	train_MAE:	val_RMSD:	val_MAE:	test_RMSD:	test_MAE:
0	6.1151	5.4718	6.2689	5.6563	6.2365	5.6014
1	4.0982	3.2944	4.22	3.4336	4.1445	3.3544
2	4.2616	3.3933	4.2352	3.3486	4.1654	3.3533
3	3.5514	2.8357	3.6302	2.9174	3.5616	2.8654
4	3.2258	2.5839	3.2721	2.6274	3.206	2.6072
5	3.0257	2.4473	3.0536	2.4631	2.9731	2.4564
6	2.9782	2.402	3.0003	2.405	2.9074	2.3917
7	2.8919	2.3513	2.9273	2.3672	2.8367	2.3576
8	2.7374	2.1507	2.7444	2.148	2.6558	2.1427
9	2.5632	2.0138	2.5787	2.0183	2.5035	2.0081
10	2.4384	1.8662	2.4365	1.8532	2.3773	1.8429
11	2.404	1.8034	2.388	1.7798	2.3433	1.7734
12	2.3794	1.7854	2.3672	1.7633	2.3256	1.7573
13	2.3631	1.7833	2.3617	1.7662	2.313	1.7551
14	2.3517	1.7794	2.3539	1.7638	2.2999	1.7531
15	2.3409	1.7655	2.3406	1.7484	2.2851	1.7393
16	2.3293	1.7498	2.329	1.7333	2.2719	1.724
17	2.3125	1.7455	2.3101	1.7277	2.255	1.7211
18	2.2944	1.7236	2.2916	1.7069	2.2334	1.7
19	2.2725	1.7031	2.2747	1.6892	2.2094	1.6816
20	2.2417	1.6971	2.2558	1.6879	2.1836	1.6827
21	2.2104	1.6805	2.2414	1.6854	2.1591	1.6756
22	2.1638	1.6342	2.2043	1.6432	2.112	1.6318
23	2.1356	1.6276	2.1922	1.6534	2.0942	1.6307
24	2.0689	1.5387	2.1021	1.5358	2.0123	1.5295
25	2.032	1.5001	2.0486	1.4833	1.9704	1.4842
26	1.9847	1.469	1.9887	1.4491	1.9247	1.4524
27	1.9611	1.4416	1.9451	1.404	1.8972	1.418
28	1.9301	1.4712	1.9232	1.4669	1.8927	1.4573
29	1.8486	1.379	1.829	1.3565	1.8014	1.3607
30	1.8642	1.3629	1.824	1.3133	1.8038	1.3378
31	1.9314	1.4108	1.8827	1.3581	1.8636	1.3851
32	1.8637	1.3593	1.8203	1.3126	1.8068	1.3386
33	1.7667	1.3032	1.7337	1.2647	1.721	1.2795
34	1.7048	1.2625	1.6793	1.223	1.6755	1.251
35	1.6971	1.2758	1.6798	1.2531	1.6858	1.275
36	1.6577	1.2277	1.6353	1.1892	1.6364	1.2233
37	1.6321	1.2094	1.62	1.1723	1.6173	1.2119
38	1.6049	1.1927	1.591	1.1618	1.599	1.2
39	1.5832	1.1737	1.567	1.1354	1.5722	1.1792
40	1.5606	1.158	1.5571	1.1321	1.5543	1.1668
41	1.5623	1.1689	1.5762	1.1631	1.57	1.1835
42	1.6467	1.2497	1.6503	1.2501	1.6554	1.2558
43	1.6424	1.2625	1.6669	1.2805	1.6633	1.2818
44	1.5199	1.1301	1.5401	1.1234	1.5224	1.1427
45	1.5256	1.131	1.5384	1.1176	1.5242	1.1385
46	1.4886	1.099	1.5133	1.0923	1.4829	1.1058
47	1.4783	1.0936	1.5132	1.0985	1.4737	1.1022
48	1.4604	1.0739	1.5011	1.0747	1.4588	1.0844
49	1.4573	1.0693	1.4997	1.067	1.4509	1.0756
50	1.4448	1.0664	1.4936	1.0817	1.4498	1.0791
51	1.4548	1.0762	1.5066	1.0896	1.4628	1.0879
52	1.4276	1.0436	1.4811	1.0514	1.4189	1.049
53	1.4148	1.0356	1.4804	1.0562	1.4246	1.0516
54	1.4118	1.0306	1.4656	1.0438	1.4049	1.0365
55	1.4309	1.0627	1.4877	1.0886	1.4485	1.0796
56	1.4247	1.0379	1.4847	1.0542	1.4187	1.0423
57	1.4398	1.07	1.4923	1.0909	1.4613	1.0856
58	1.4238	1.0388	1.4813	1.0527	1.4126	1.0435
59	1.4032	1.0339	1.4703	1.0614	1.4282	1.0552
60	1.4198	1.0379	1.48	1.0521	1.4126	1.0399
61	1.3827	1.0067	1.4528	1.0272	1.3866	1.0154
62	1.4128	1.0511	1.4749	1.0815	1.4442	1.0736
63	1.3754	0.9966	1.4437	1.0183	1.3738	1.0056
64	1.3584	0.9879	1.4301	1.0155	1.3723	1.0034
65	1.3688	0.9933	1.4401	1.0147	1.3708	1.0004
66	1.4195	1.0618	1.4955	1.106	1.4624	1.0877
67	1.5179	1.1624	1.5794	1.1921	1.5547	1.171
68	1.3711	1.0003	1.4327	1.0282	1.3772	1.0102
69	1.375	1.0102	1.4535	1.0392	1.4097	1.0295
70	1.372	1.0031	1.4345	1.0185	1.3787	1.0091
71	1.3391	0.9731	1.4164	1.0016	1.3561	0.9825
72	1.3435	0.9821	1.423	1.0181	1.3703	0.9988
73	1.3252	0.9628	1.4079	1.0008	1.351	0.9798
74	1.3305	0.9624	1.4069	0.9888	1.3444	0.9687
75	1.3201	0.9629	1.4037	1.0017	1.3489	0.9787
76	1.3087	0.9461	1.3968	0.9838	1.334	0.9609
77	1.3023	0.9415	1.3921	0.9807	1.334	0.9589
78	1.3232	0.9704	1.4083	1.0089	1.3507	0.9811
79	1.3625	0.9926	1.4367	1.011	1.3661	0.9916
80	1.3993	1.0293	1.4591	1.0382	1.3951	1.0293
81	1.3589	0.987	1.4324	1.0105	1.3612	0.9972
82	1.3299	0.965	1.4047	0.9849	1.346	0.9704
83	1.3021	0.9484	1.3876	0.9847	1.3389	0.9655
84	1.2967	0.9403	1.3873	0.9874	1.3235	0.9574
85	1.2956	0.9334	1.3776	0.9632	1.3195	0.9461
86	1.2772	0.9222	1.3714	0.9644	1.3127	0.9421
87	1.2734	0.9191	1.3652	0.9608	1.3057	0.9362
88	1.2753	0.9248	1.3739	0.9735	1.3186	0.9465
89	1.2621	0.908	1.3563	0.9521	1.2973	0.9282
90	1.2583	0.9084	1.357	0.9534	1.3071	0.9329
91	1.2628	0.9144	1.352	0.9602	1.2996	0.9335
92	1.2923	0.9354	1.382	0.9677	1.3142	0.9474
93	1.2604	0.9202	1.3565	0.969	1.3071	0.9412
94	1.2474	0.9025	1.3489	0.9464	1.2848	0.9192
95	1.2368	0.8925	1.3354	0.9361	1.2863	0.9167
96	1.242	0.8954	1.3444	0.9463	1.284	0.9186
97	1.2395	0.892	1.3372	0.9305	1.2839	0.9122
98	1.2228	0.881	1.328	0.9273	1.2718	0.9043
99	1.2213	0.8822	1.3228	0.9283	1.2643	0.9038
100	1.2157	0.877	1.3186	0.9235	1.2626	0.8986
101	1.2261	0.894	1.3331	0.9421	1.2807	0.9168
102	1.259	0.929	1.3549	0.9756	1.3171	0.9535
103	1.2689	0.9191	1.3526	0.9493	1.2892	0.9297
104	1.2218	0.8897	1.3314	0.9335	1.2687	0.9068
105	1.208	0.8815	1.3135	0.928	1.2594	0.9019
106	1.195	0.8585	1.304	0.912	1.2451	0.8846
107	1.2392	0.9023	1.3305	0.9334	1.2739	0.9145
108	1.2141	0.8904	1.3211	0.9374	1.2727	0.9152
109	1.1993	0.8684	1.3044	0.9071	1.2448	0.8893
110	1.2055	0.8839	1.3171	0.9349	1.2738	0.9145
111	1.1967	0.8678	1.2973	0.9031	1.2374	0.885
112	1.2002	0.8804	1.3138	0.9308	1.2665	0.9059
113	1.1611	0.8412	1.2752	0.8872	1.22	0.8683
114	1.1627	0.8377	1.2755	0.8814	1.2209	0.8642
115	1.1474	0.83	1.2696	0.8765	1.2155	0.8585
116	1.1729	0.8608	1.2885	0.908	1.2407	0.8887
117	1.1503	0.8412	1.267	0.8868	1.217	0.8693
118	1.1396	0.8232	1.2643	0.8674	1.2018	0.8503
119	1.1403	0.8266	1.2559	0.871	1.2086	0.8562
120	1.1617	0.8474	1.286	0.8884	1.2202	0.874
121	1.1307	0.8243	1.2566	0.8728	1.1951	0.853
122	1.1594	0.8541	1.2801	0.8944	1.2255	0.8797
123	1.117	0.8059	1.2463	0.8545	1.1875	0.839
124	1.1171	0.8125	1.2457	0.8589	1.2002	0.849
125	1.16	0.8609	1.2811	0.9001	1.2229	0.8839
126	1.1302	0.825	1.2662	0.8808	1.2187	0.8642
127	1.1515	0.8585	1.2742	0.8956	1.2229	0.8856
128	1.1143	0.8095	1.2513	0.8625	1.1961	0.8458
129	1.113	0.8096	1.2379	0.8506	1.1868	0.8407
130	1.1443	0.8445	1.2691	0.8869	1.2301	0.8818
131	1.1172	0.8178	1.2465	0.855	1.1973	0.8503
132	1.1918	0.898	1.3262	0.954	1.2929	0.944
133	1.1884	0.8946	1.298	0.9473	1.2673	0.9369
134	1.1493	0.8505	1.2809	0.8897	1.2154	0.876
135	1.0899	0.793	1.2308	0.843	1.1877	0.8377
136	1.0854	0.7877	1.2242	0.8364	1.1752	0.8267
137	1.0813	0.7871	1.2204	0.8313	1.1705	0.8261
138	1.0822	0.7885	1.2241	0.8375	1.1657	0.825
139	1.073	0.7788	1.2175	0.8296	1.1617	0.8208
140	1.0749	0.7813	1.2236	0.835	1.1722	0.8259
141	1.0742	0.7804	1.2162	0.8331	1.1659	0.8235
142	1.072	0.7803	1.2184	0.8243	1.1646	0.8186
143	1.0639	0.7692	1.2119	0.8231	1.1576	0.8107
144	1.0685	0.7756	1.2153	0.8309	1.1716	0.8225
145	1.1184	0.8276	1.2539	0.8624	1.1946	0.8536
146	1.0894	0.7997	1.2352	0.8566	1.1934	0.8496
147	1.072	0.7791	1.2196	0.8235	1.1531	0.81
148	1.05	0.758	1.2008	0.8108	1.1449	0.8013
149	1.1001	0.8152	1.2429	0.8566	1.1835	0.8441
150	1.0565	0.7664	1.2115	0.8204	1.1629	0.8136
151	1.0545	0.7611	1.1997	0.8041	1.1464	0.7999
152	1.0576	0.7677	1.2134	0.8252	1.1594	0.8142
153	1.0652	0.7794	1.2197	0.8368	1.1782	0.8336
154	1.0927	0.8092	1.2447	0.8527	1.1786	0.8371
155	1.0412	0.7524	1.192	0.8034	1.1422	0.7964
156	1.0733	0.7804	1.22	0.8196	1.1515	0.8088
157	1.0353	0.75	1.2012	0.8067	1.1432	0.7955
158	1.0366	0.7547	1.1959	0.8054	1.1359	0.7933
159	1.0279	0.7429	1.1913	0.7961	1.1366	0.7892
160	1.053	0.7661	1.2147	0.8131	1.1431	0.7988
161	1.0211	0.7344	1.1874	0.788	1.1203	0.7745
162	1.0236	0.736	1.1914	0.7907	1.1281	0.7784
163	1.0313	0.7425	1.1974	0.79	1.1267	0.7789
164	1.0239	0.7341	1.1862	0.7774	1.1237	0.7731
165	1.0194	0.7309	1.1878	0.785	1.1252	0.7725
166	1.0244	0.7497	1.1937	0.8052	1.1234	0.7868
167	1.0366	0.7551	1.2104	0.8122	1.1597	0.8071
168	1.0714	0.7831	1.2122	0.8208	1.1506	0.8142
169	1.1072	0.8323	1.2791	0.8949	1.2315	0.8867
170	1.0261	0.7472	1.1966	0.8075	1.1367	0.7963
171	1.0972	0.8233	1.2524	0.8643	1.1812	0.8541
172	1.0644	0.778	1.2213	0.8199	1.1452	0.809
173	1.0158	0.7374	1.1931	0.7976	1.1244	0.7837
174	1.0063	0.7276	1.1885	0.7818	1.1248	0.7743
175	1.0042	0.7224	1.1867	0.7761	1.1156	0.7667
176	0.9981	0.7181	1.1819	0.7777	1.1152	0.7675
177	1.0068	0.7289	1.1916	0.7899	1.1244	0.7789
178	0.9939	0.7146	1.1768	0.7714	1.1039	0.7583
179	1.0002	0.7185	1.183	0.7747	1.1041	0.7591
180	0.9916	0.7153	1.1831	0.7776	1.1114	0.7672
181	0.9892	0.7143	1.1846	0.7724	1.1088	0.761
182	0.9841	0.7072	1.1794	0.7681	1.0999	0.7529
183	0.9925	0.7195	1.1829	0.783	1.1128	0.7719
184	0.9886	0.7092	1.1728	0.7707	1.0914	0.7514
185	0.9752	0.6981	1.1715	0.7583	1.0955	0.7457
186	0.9738	0.697	1.1624	0.7561	1.09	0.7445
187	0.9883	0.7102	1.1777	0.7654	1.0995	0.7531
188	1.0322	0.7657	1.2206	0.8316	1.16	0.821
189	0.9752	0.7029	1.1638	0.7633	1.0846	0.75
190	0.9763	0.7024	1.1722	0.7643	1.097	0.7562
191	1.0248	0.7568	1.2075	0.8082	1.1264	0.7968
192	0.9948	0.7242	1.1787	0.7813	1.1131	0.7781
193	1.0395	0.7669	1.218	0.8121	1.1376	0.8091
194	0.9835	0.7079	1.1711	0.7598	1.0974	0.7551
195	0.9963	0.7263	1.1844	0.7894	1.1206	0.7844
196	1.0051	0.7371	1.2015	0.793	1.1139	0.7801
197	0.9769	0.7038	1.1774	0.7638	1.1122	0.7625
198	1.0131	0.7439	1.2082	0.7947	1.1287	0.7879
199	0.9612	0.6866	1.1539	0.7459	1.0775	0.7398
200	0.9622	0.6887	1.1601	0.748	1.0833	0.741
201	0.9563	0.6809	1.1608	0.7409	1.0807	0.7307
202	0.9503	0.6768	1.1504	0.738	1.0641	0.7257
203	0.9505	0.6755	1.1699	0.7367	1.0843	0.7285
204	0.952	0.6821	1.1613	0.7455	1.0653	0.7291
205	0.9529	0.6784	1.1604	0.7386	1.0725	0.7303
206	0.9437	0.6737	1.1497	0.7389	1.0627	0.7239
207	0.9428	0.6688	1.1606	0.7333	1.0714	0.7203
208	0.9572	0.6932	1.1635	0.7571	1.0789	0.7472
209	0.9436	0.6726	1.1761	0.7371	1.0851	0.7252
210	0.9492	0.6818	1.1408	0.7475	1.0593	0.7341
211	0.9499	0.6796	1.1867	0.7442	1.1014	0.7351
212	0.9737	0.7091	1.1781	0.7761	1.1024	0.7672
213	0.9461	0.6781	1.1832	0.7455	1.0813	0.7267
214	0.9551	0.6905	1.1612	0.7505	1.0777	0.7417
215	0.9386	0.6687	1.1518	0.7269	1.0607	0.7201
216	0.9521	0.6818	1.1562	0.7424	1.067	0.7313
217	0.9338	0.6639	1.1557	0.7229	1.0592	0.7148
218	0.9272	0.6607	1.1453	0.7274	1.0544	0.7161
219	0.9254	0.6574	1.1657	0.7217	1.0773	0.7145
220	0.9253	0.661	1.1327	0.7273	1.0519	0.718
221	0.9216	0.6534	1.1598	0.7208	1.0619	0.7115
222	0.93	0.6687	1.1383	0.7292	1.0621	0.7326
223	1.01	0.7543	1.2215	0.8101	1.1572	0.8159
224	1.0008	0.7433	1.2073	0.8059	1.1423	0.8056
225	0.9595	0.7045	1.1717	0.7675	1.0822	0.7575
226	0.9242	0.6624	1.1218	0.7227	1.0418	0.7174
227	0.9235	0.6594	1.1498	0.7199	1.0702	0.7174
228	0.9611	0.7007	1.1657	0.755	1.0784	0.7534
229	0.9197	0.6526	1.1455	0.7122	1.0575	0.7083
230	0.9644	0.7095	1.1708	0.7677	1.1058	0.7694
231	0.9377	0.6759	1.1481	0.7401	1.0565	0.729
232	0.9083	0.6462	1.1373	0.7104	1.0478	0.7036
233	0.9081	0.6472	1.1283	0.7058	1.0423	0.7047
234	0.988	0.7142	1.1738	0.7592	1.0941	0.7657
235	0.9935	0.7333	1.1994	0.7872	1.1289	0.7871
236	1.0235	0.7756	1.2368	0.8425	1.1373	0.8277
237	0.9642	0.7004	1.1586	0.7553	1.066	0.7509
238	0.9759	0.7215	1.1826	0.7827	1.1108	0.7811
239	0.9307	0.6743	1.1608	0.7371	1.0763	0.7304
240	0.9234	0.6626	1.1379	0.722	1.0463	0.7151
241	0.9928	0.7404	1.1883	0.7984	1.1216	0.7981
242	0.9713	0.7174	1.1903	0.7829	1.1191	0.7772
243	0.981	0.7269	1.1862	0.7869	1.0888	0.7762
244	0.9294	0.672	1.1531	0.7303	1.0734	0.7317
245	0.9194	0.6586	1.1295	0.7126	1.0476	0.713
246	0.9563	0.7027	1.1611	0.7602	1.0934	0.7612
247	0.931	0.6707	1.1373	0.7249	1.0577	0.7253
248	0.9038	0.6455	1.1395	0.7057	1.0564	0.7055
249	0.9019	0.645	1.1247	0.7085	1.0375	0.703
250	0.9025	0.6439	1.1437	0.7086	1.0551	0.7056
251	0.906	0.6491	1.1327	0.7145	1.0535	0.7147
252	0.9197	0.659	1.1556	0.7253	1.0553	0.7194
253	0.893	0.6376	1.1236	0.7046	1.0362	0.702
254	0.8909	0.6308	1.138	0.699	1.0439	0.6948
255	0.9033	0.6497	1.1362	0.7181	1.0416	0.7097
256	0.8885	0.6339	1.1265	0.6979	1.0394	0.7002
257	0.8931	0.6373	1.1371	0.7027	1.0421	0.6983
258	0.8987	0.6425	1.1261	0.7045	1.0398	0.7047
259	0.954	0.7021	1.1799	0.7602	1.0987	0.7628
260	0.9221	0.6674	1.1671	0.733	1.0865	0.7307
261	0.9345	0.6846	1.1614	0.7453	1.072	0.7455
262	0.8884	0.6321	1.1185	0.6925	1.0248	0.6902
263	0.8876	0.6312	1.1274	0.696	1.0397	0.6991
264	0.9064	0.656	1.1473	0.7212	1.0514	0.717
265	0.8841	0.6281	1.1159	0.6913	1.0292	0.6906
266	0.8997	0.6508	1.1357	0.7118	1.0511	0.7149
267	0.8815	0.6283	1.1179	0.6996	1.0262	0.6928
268	0.8771	0.6212	1.1321	0.6917	1.0422	0.6889
269	0.878	0.6238	1.1265	0.6925	1.0365	0.6885
270	0.917	0.6628	1.1417	0.7234	1.0491	0.7233
271	0.9118	0.6599	1.1621	0.7257	1.073	0.7177
272	0.8768	0.6238	1.1326	0.698	1.0412	0.693
273	0.8885	0.6357	1.1316	0.703	1.0282	0.6971
274	0.8701	0.614	1.1183	0.6872	1.0202	0.6814
275	0.8828	0.6352	1.1463	0.7119	1.0459	0.7034
276	0.8674	0.6172	1.1295	0.6955	1.0331	0.688
277	0.8722	0.6203	1.1314	0.6934	1.0342	0.6861
278	0.882	0.6291	1.1245	0.6945	1.0377	0.6974
279	0.8699	0.6147	1.1117	0.6877	1.0153	0.6823
280	0.8741	0.6267	1.135	0.7016	1.0404	0.6976
281	0.8717	0.6249	1.1166	0.6999	1.0233	0.6937
282	0.8658	0.6141	1.1298	0.687	1.0449	0.6853
283	0.8625	0.6086	1.1278	0.6833	1.0255	0.6745
284	0.8706	0.6201	1.1041	0.6876	1.0245	0.689
285	0.8643	0.6103	1.1267	0.6814	1.0238	0.6743
286	0.8666	0.6205	1.1195	0.6947	1.0222	0.6886
287	0.8668	0.6179	1.1327	0.6907	1.0356	0.6855
288	0.8566	0.6069	1.1055	0.678	1.0123	0.6795
289	0.862	0.6163	1.1168	0.6904	1.0206	0.6833
290	0.8537	0.6064	1.1102	0.6807	1.0189	0.6796
291	0.8509	0.6026	1.1262	0.6804	1.0246	0.6762
292	0.877	0.6354	1.1334	0.7091	1.0341	0.7043
293	0.9182	0.6708	1.1719	0.736	1.0925	0.7391
294	0.9007	0.6619	1.1631	0.738	1.0627	0.7267
295	0.8747	0.6322	1.1168	0.7043	1.0301	0.7036
296	0.8611	0.6144	1.1197	0.6871	1.0254	0.6869
297	0.8857	0.6382	1.1258	0.7078	1.0224	0.7003
298	0.8908	0.6417	1.1523	0.7164	1.0778	0.7136
299	0.8631	0.6159	1.1233	0.6896	1.016	0.6828
300	0.8627	0.617	1.1127	0.6898	1.0282	0.6923
301	0.8479	0.5991	1.1027	0.6714	1.0199	0.6688
302	0.8427	0.5952	1.0987	0.6726	1.0072	0.6692
303	0.8473	0.6039	1.1217	0.6817	1.0231	0.6816
304	0.8555	0.6103	1.1114	0.6879	1.0118	0.6777
305	0.8734	0.6259	1.1236	0.6972	1.0296	0.6967
306	0.8493	0.605	1.1222	0.6857	1.02	0.6748
307	0.8656	0.6219	1.1265	0.6947	1.034	0.6975
308	0.8427	0.5952	1.1138	0.6739	1.0095	0.6629
309	0.8532	0.6078	1.1145	0.6845	1.0232	0.6827
310	0.8474	0.6062	1.119	0.6827	1.0203	0.6817
311	0.8457	0.5977	1.1194	0.6747	1.0164	0.6717
312	0.85	0.605	1.1099	0.6799	1.0233	0.6839
313	0.8405	0.5964	1.1018	0.6751	1.0054	0.669
314	0.8313	0.5875	1.1042	0.6706	1.007	0.6648
315	0.8421	0.6034	1.1129	0.6859	1.0225	0.6838
316	0.8326	0.5859	1.0954	0.6629	1.0021	0.6613
317	0.8418	0.5962	1.0956	0.6665	1.0007	0.6661
318	0.8445	0.6035	1.1214	0.6826	1.0208	0.6818
319	0.835	0.5961	1.0996	0.675	1.0083	0.6733
320	0.8393	0.5958	1.1175	0.6768	1.033	0.6721
321	0.8416	0.6012	1.0961	0.6794	1.0004	0.6734
322	0.8417	0.6	1.1186	0.6805	1.0224	0.6783
323	0.8336	0.5937	1.0991	0.6684	0.9973	0.6666
324	0.833	0.5897	1.1032	0.6685	1.0115	0.6706
325	0.8967	0.6582	1.1674	0.7316	1.083	0.7249
326	0.9302	0.6941	1.1718	0.76	1.0699	0.7559
327	0.8407	0.6037	1.1154	0.6797	1.0185	0.6776
328	0.8501	0.6075	1.1247	0.6853	1.028	0.6793
329	0.8569	0.6151	1.1133	0.6886	1.0178	0.6887
330	0.8519	0.6129	1.1242	0.6928	1.0316	0.6897
331	0.8397	0.5985	1.1203	0.6778	1.0152	0.6763
332	0.8266	0.5861	1.1057	0.6705	1.0009	0.6632
333	0.8293	0.59	1.1259	0.6764	1.0201	0.6677
334	0.8262	0.5852	1.1182	0.6731	1.0132	0.6644
335	0.8584	0.6203	1.1311	0.7027	1.044	0.699
336	0.8295	0.5907	1.1074	0.674	0.9997	0.6707
337	0.8197	0.5794	1.1025	0.6642	1.001	0.6581
338	0.8242	0.5829	1.098	0.6665	0.998	0.6633
339	0.8157	0.5739	1.1042	0.6631	1.0024	0.6529
340	0.8251	0.5863	1.1002	0.6675	1.0043	0.663
341	0.8206	0.5791	1.0879	0.6607	0.9909	0.6576
342	0.8166	0.5791	1.0925	0.6643	0.9937	0.6565
343	0.8147	0.5746	1.1126	0.6658	1.005	0.6577
344	0.8741	0.6423	1.1336	0.7243	1.0466	0.7157
345	0.8208	0.5823	1.115	0.6677	1.0065	0.6621
346	0.8345	0.5944	1.1112	0.6793	1.0072	0.6693
347	0.8114	0.5739	1.1092	0.659	1.0083	0.6549
348	0.84	0.5979	1.1147	0.6745	1.0056	0.6755
349	0.8135	0.5757	1.0917	0.6597	0.9975	0.656
350	0.8265	0.5932	1.1168	0.6806	1.0098	0.6731
351	0.8298	0.5945	1.1093	0.677	1.0046	0.6731
352	0.8176	0.5787	1.1181	0.6703	1.0188	0.6633
353	0.8692	0.6375	1.141	0.7164	1.0401	0.7161
354	0.8237	0.5855	1.1099	0.6693	1.0123	0.6631
355	0.8139	0.5769	1.108	0.6661	0.9983	0.6601
356	0.8155	0.58	1.1024	0.6665	1.0041	0.659
357	0.8178	0.5776	1.0908	0.6617	0.9878	0.657
358	0.8097	0.5729	1.0982	0.6578	0.9988	0.6567
359	0.8107	0.5764	1.1147	0.6686	1.0073	0.6622
360	0.8116	0.5729	1.1123	0.6672	1.0174	0.6612
361	0.8504	0.6179	1.1355	0.7017	1.0447	0.6919
362	0.8195	0.5843	1.1005	0.6684	0.9926	0.6656
363	0.8304	0.5945	1.1127	0.6785	1.0122	0.6713
364	0.8248	0.5888	1.1048	0.6753	1.0135	0.6746
365	0.8134	0.577	1.1217	0.669	1.0143	0.6574
366	0.8281	0.595	1.096	0.683	1.0037	0.6766
367	0.8222	0.5834	1.1102	0.6627	1.0016	0.6586
368	0.8551	0.623	1.1258	0.7076	1.041	0.7044
369	0.8266	0.5915	1.1175	0.6751	1.0159	0.6705
370	0.8102	0.5734	1.1127	0.663	1.0143	0.6542
371	0.8083	0.5726	1.0877	0.6585	0.9937	0.6603
372	0.799	0.5601	1.1064	0.6505	1.0015	0.6453
373	0.8005	0.565	1.0902	0.656	0.9892	0.6514
374	0.8112	0.5798	1.1075	0.6705	1.0032	0.6657
375	0.8397	0.6042	1.1165	0.6929	1.0217	0.6759
376	0.863	0.6328	1.142	0.7124	1.0362	0.7092
377	0.8054	0.5699	1.0895	0.6595	0.9855	0.6537
378	0.8325	0.5988	1.1187	0.6805	1.0112	0.6758
379	0.8048	0.5713	1.0956	0.6632	0.992	0.6519
380	0.8081	0.5696	1.1189	0.6648	1.0159	0.6505
381	0.7986	0.5671	1.0923	0.659	0.9952	0.6533
382	0.7967	0.5615	1.0958	0.6508	0.9918	0.6516
383	0.8218	0.5856	1.0874	0.6698	0.9858	0.6653
384	0.7998	0.5614	1.1234	0.6605	1.0259	0.6523
385	0.8011	0.5692	1.0878	0.6633	0.9828	0.6551
386	0.8018	0.565	1.1212	0.6603	1.023	0.6516
387	0.8182	0.5917	1.1135	0.6842	1.0094	0.6812
388	0.7963	0.562	1.1113	0.6562	1.0123	0.6482
389	0.7864	0.5537	1.0838	0.6474	0.9788	0.6414
390	0.7946	0.5614	1.1038	0.6586	1.0038	0.6499
391	0.7893	0.5569	1.0815	0.6493	0.9773	0.6418
392	0.7834	0.5477	1.0987	0.6416	1.0004	0.6364
393	0.8205	0.5884	1.1094	0.6831	1.0161	0.6742
394	0.828	0.6009	1.1318	0.6907	1.0254	0.6837
395	0.8287	0.5927	1.1343	0.6887	1.0425	0.6758
396	0.7824	0.5509	1.0904	0.6502	0.9888	0.6434
397	0.7846	0.5513	1.0866	0.6475	0.9872	0.643
398	0.7958	0.5653	1.0861	0.6624	0.9939	0.6515
399	0.7828	0.5491	1.0939	0.6462	0.9863	0.6404
400	0.7878	0.556	1.1112	0.6554	1.01	0.6483
401	0.8181	0.5855	1.1199	0.6836	1.0226	0.6712
402	0.8226	0.5944	1.1234	0.6818	1.0214	0.6786
403	0.8001	0.5681	1.1012	0.6617	1.0053	0.6579
404	0.7796	0.5493	1.0838	0.6455	0.9853	0.6435
405	0.7798	0.5489	1.089	0.6478	0.9849	0.6433
406	0.7913	0.5583	1.0966	0.6534	0.9931	0.6435
407	0.7872	0.5589	1.0915	0.652	1.0001	0.6535
408	0.7796	0.5493	1.099	0.6457	0.9829	0.6426
409	0.7797	0.5514	1.0745	0.647	0.9785	0.6427
410	0.7768	0.5469	1.0907	0.6468	0.9865	0.6429
411	0.8037	0.5785	1.1236	0.6764	1.0164	0.6675
412	0.8095	0.5817	1.0956	0.6778	1.0052	0.6683
413	0.7804	0.5501	1.0917	0.6464	1.0066	0.6466
414	0.8019	0.5734	1.091	0.6626	0.9786	0.6547
415	0.7855	0.5555	1.1005	0.6611	1.0078	0.651
416	0.7761	0.5442	1.0803	0.6469	0.9922	0.6405
417	0.7768	0.5489	1.0802	0.6481	0.9718	0.6382
418	0.7803	0.5489	1.0874	0.6484	0.9941	0.6413
419	0.8072	0.5824	1.1132	0.6761	1.0118	0.6719
420	0.8015	0.5762	1.1132	0.6797	1.0211	0.6721
421	0.8012	0.5717	1.101	0.6654	0.9811	0.6565
422	0.7947	0.5643	1.1094	0.6684	1.01	0.6594
423	0.7871	0.5542	1.1198	0.6589	1.0227	0.6426
424	0.7869	0.5588	1.1108	0.6618	1.0014	0.6446
425	0.7705	0.5431	1.0869	0.6437	0.9833	0.6403
426	0.77	0.5395	1.0861	0.6451	0.9873	0.6358
427	0.7667	0.5358	1.095	0.6388	0.9923	0.633
428	0.7749	0.5493	1.1011	0.6542	0.9984	0.646
429	0.7722	0.5462	1.0966	0.6481	0.9864	0.641
430	0.7781	0.551	1.092	0.6523	0.9991	0.6416
431	0.7692	0.541	1.0804	0.639	0.9799	0.6354
432	0.7641	0.5348	1.0777	0.6318	0.9763	0.6266
433	0.7661	0.5357	1.0796	0.6414	0.9933	0.637
434	0.7687	0.54	1.1124	0.6468	1.0073	0.6372
435	0.7674	0.5401	1.0947	0.6446	0.9994	0.6402
436	0.8415	0.6251	1.1456	0.716	1.048	0.7104
437	0.8174	0.595	1.1267	0.698	1.0407	0.6858
438	0.827	0.6022	1.1066	0.6871	1.0105	0.6807
439	0.8392	0.6114	1.1531	0.7051	1.07	0.6941
440	0.7738	0.5488	1.0827	0.6478	0.9945	0.6406
441	0.7686	0.5441	1.0855	0.6383	0.9891	0.6388
442	0.769	0.544	1.0718	0.6405	0.9781	0.6374
443	0.7607	0.5317	1.1012	0.6387	1.0052	0.6345
444	0.7636	0.5371	1.0938	0.6387	0.998	0.6334
445	0.762	0.5337	1.0904	0.6386	0.9922	0.6324
446	0.7857	0.5609	1.0992	0.6581	1.0001	0.6547
447	0.77	0.5428	1.0986	0.6504	0.9997	0.6401
448	0.793	0.5738	1.1184	0.6739	1.0215	0.668
449	0.9023	0.6787	1.1932	0.773	1.1141	0.758
450	0.7688	0.5455	1.0888	0.6458	0.9904	0.6354
451	0.7685	0.5405	1.0683	0.6354	0.9654	0.6285
452	0.7672	0.5412	1.0828	0.6463	1.0	0.6383
453	0.7807	0.5619	1.1035	0.6665	1.0102	0.6584
454	0.7599	0.5306	1.1051	0.6412	1.0114	0.6312
455	0.7663	0.5428	1.0947	0.6473	0.995	0.64
456	0.7643	0.5425	1.0954	0.6498	0.9961	0.6399
457	0.758	0.5316	1.0762	0.6355	0.9697	0.6264
458	0.7652	0.54	1.1001	0.6516	1.0095	0.6405
459	0.7543	0.527	1.0967	0.6382	0.9983	0.6279
460	0.7521	0.5248	1.0773	0.6339	0.9858	0.6262
461	0.7551	0.5311	1.1009	0.6416	1.0099	0.6343
462	0.7627	0.5399	1.0904	0.6468	0.9964	0.6378
463	0.7868	0.5667	1.0993	0.6604	1.0023	0.6589
464	0.7677	0.5398	1.1158	0.6521	1.0151	0.6419
465	0.7507	0.5281	1.0826	0.637	0.9867	0.632
466	0.7452	0.5202	1.0883	0.6292	0.9943	0.6241
467	0.7457	0.5209	1.0734	0.6308	0.9731	0.6252
468	0.7706	0.5494	1.0951	0.6505	0.9979	0.6479
469	0.7619	0.5354	1.093	0.6493	0.9994	0.6365
470	0.7589	0.5385	1.1078	0.6461	1.01	0.6395
471	0.7644	0.539	1.0995	0.6484	1.0128	0.6446
472	0.7574	0.5397	1.0965	0.6464	0.9959	0.6424
473	0.7782	0.5566	1.0957	0.6635	1.0063	0.6519
474	0.7607	0.5392	1.097	0.6483	1.0038	0.6431
475	0.7607	0.5359	1.1102	0.65	1.0127	0.6378
476	0.7466	0.5247	1.0994	0.6369	1.004	0.6317
477	0.7508	0.528	1.0822	0.635	0.9783	0.629
478	0.7893	0.5736	1.1038	0.6704	1.0135	0.6684
479	0.7864	0.5664	1.1107	0.6725	1.0219	0.6615
480	0.7524	0.5337	1.0686	0.6401	0.9732	0.6368
481	0.7726	0.5476	1.116	0.6602	1.0305	0.6466
482	0.7523	0.531	1.0789	0.6365	0.9718	0.6326
483	0.7405	0.5147	1.0916	0.627	0.9975	0.6197
484	0.7552	0.5357	1.0979	0.6481	1.0077	0.64
485	0.7483	0.5259	1.0775	0.6365	0.9864	0.6281
486	0.7466	0.523	1.0782	0.635	0.9903	0.6262
487	0.7524	0.5319	1.0689	0.6351	0.9786	0.6314
488	0.74	0.5177	1.074	0.6257	0.9814	0.6153
489	0.7547	0.54	1.0874	0.6494	0.9973	0.6432
490	0.7607	0.5365	1.1054	0.6477	1.0166	0.6345
491	0.7775	0.5629	1.1147	0.6766	1.0273	0.6675
492	0.7504	0.5275	1.0929	0.6404	1.0048	0.6327
493	0.7403	0.5183	1.083	0.629	0.9913	0.6253
494	0.7406	0.5193	1.0663	0.6285	0.9713	0.6209
495	0.7389	0.518	1.0849	0.6353	0.9913	0.6241
496	0.7444	0.5246	1.0854	0.6342	0.9922	0.6326
497	0.745	0.5268	1.0976	0.6435	1.0004	0.6356
498	0.7728	0.5435	1.1394	0.6679	1.0463	0.6465
499	0.7414	0.5241	1.0886	0.6391	0.9928	0.6327
500	0.7361	0.5163	1.0805	0.6325	0.989	0.6256
501	0.7371	0.5164	1.0862	0.6353	0.9997	0.6271
502	0.7351	0.5131	1.0676	0.6249	0.9728	0.6199
503	0.7492	0.5252	1.1055	0.6459	1.0187	0.6337
504	0.7476	0.5312	1.0793	0.6395	0.9968	0.6381
505	0.7328	0.5119	1.0826	0.6308	0.9889	0.6202
506	0.7495	0.5334	1.0914	0.6457	1.0	0.6368
507	0.8147	0.5993	1.1343	0.7089	1.0556	0.6943
508	0.7385	0.5229	1.0792	0.6307	0.9933	0.6276
509	0.8103	0.5998	1.1253	0.6977	1.0338	0.6929
510	0.7721	0.5502	1.1154	0.6632	1.0291	0.6503
511	0.7593	0.5475	1.1031	0.6631	1.0074	0.6517
512	0.7289	0.5081	1.0817	0.6261	0.9948	0.6182
513	0.7306	0.5102	1.0692	0.6242	0.9811	0.6192
514	0.7298	0.5125	1.0853	0.6267	0.9971	0.6237
515	0.7285	0.5075	1.0921	0.632	0.9993	0.62
516	0.7529	0.5382	1.1122	0.6588	1.0213	0.6479
517	0.7555	0.5341	1.1183	0.6547	1.0296	0.6398
518	0.725	0.5064	1.0871	0.6239	0.9977	0.6209
519	0.7256	0.5079	1.0628	0.6198	0.9668	0.616
520	0.728	0.5083	1.0925	0.6336	1.004	0.6205
521	0.7365	0.5211	1.1025	0.6483	1.0089	0.6352
522	0.7277	0.5082	1.0829	0.6303	0.9915	0.621
523	0.7301	0.5116	1.0731	0.6318	0.99	0.6225
524	0.7405	0.523	1.0687	0.6306	0.9713	0.6223
525	0.7229	0.5047	1.0657	0.6263	0.9782	0.6164
526	0.7247	0.503	1.0942	0.629	0.9996	0.615
527	0.7471	0.5351	1.0921	0.6469	0.9988	0.6412
528	0.7199	0.4993	1.0834	0.622	1.001	0.6181
529	0.7261	0.5113	1.0882	0.635	0.9946	0.6226
530	0.7224	0.5058	1.0885	0.6288	0.9935	0.6167
531	0.7248	0.5043	1.0727	0.6262	0.9916	0.6211
532	0.7213	0.5035	1.086	0.6259	0.9947	0.6156
533	0.7571	0.5483	1.1057	0.6675	1.0035	0.6538
534	0.7235	0.5039	1.1029	0.6294	1.0098	0.6153
535	0.719	0.5037	1.0641	0.6194	0.9749	0.6148
536	0.717	0.4989	1.0819	0.6217	0.9917	0.6161
537	0.7164	0.5002	1.0546	0.6141	0.9711	0.613
538	0.7119	0.4938	1.0754	0.6175	0.9814	0.6074
539	0.7204	0.5032	1.0878	0.6331	0.9991	0.6239
540	0.7203	0.5043	1.0813	0.6248	0.9871	0.6189
541	0.7121	0.4944	1.0821	0.6209	0.9909	0.6113
542	0.7373	0.518	1.1056	0.647	1.0209	0.6303
543	0.752	0.544	1.1009	0.653	1.015	0.6529
544	0.7207	0.5008	1.0842	0.6256	0.9932	0.6105
545	0.7123	0.496	1.0731	0.6171	0.9686	0.6073
546	0.7176	0.5028	1.0934	0.627	1.0004	0.6192
547	0.7348	0.5162	1.1059	0.6411	1.0081	0.6282
548	0.7091	0.4931	1.0725	0.6182	0.9757	0.6105
549	0.7427	0.5316	1.1013	0.6501	1.0075	0.6424
550	0.714	0.4991	1.0888	0.626	0.993	0.6176
551	0.7418	0.5282	1.0877	0.6513	1.0041	0.6375
552	0.7745	0.5637	1.0938	0.6658	1.0038	0.6632
553	0.7343	0.5149	1.1088	0.6383	1.0211	0.627
554	0.7453	0.5378	1.1097	0.6614	1.0131	0.6533
555	0.7151	0.4981	1.0871	0.6257	0.9933	0.6149
556	0.7122	0.498	1.086	0.6275	0.99	0.6194
557	0.7145	0.4999	1.0908	0.6246	0.9945	0.6197
558	0.7103	0.4946	1.0865	0.6266	0.9914	0.617
559	0.7085	0.4903	1.0959	0.6273	0.997	0.611
560	0.7516	0.5451	1.1137	0.6679	1.0201	0.6577
561	0.7316	0.516	1.1141	0.6449	1.0249	0.6301
562	0.7119	0.499	1.0656	0.6177	0.9774	0.6145
563	0.7192	0.503	1.1122	0.6368	1.0124	0.618
564	0.7138	0.5028	1.0836	0.6272	0.9981	0.6246
565	0.7068	0.4911	1.0788	0.6148	0.9923	0.6138
566	0.7238	0.5089	1.1005	0.6345	1.0066	0.6227
567	0.7109	0.4978	1.0727	0.6214	0.9776	0.6135
568	0.7096	0.4973	1.0578	0.6169	0.9631	0.6126
569	0.7249	0.5085	1.1073	0.6378	1.0172	0.6236
570	0.7177	0.5024	1.09	0.6371	1.0037	0.6249
571	0.72	0.5094	1.102	0.6434	1.0002	0.6267
572	0.7081	0.4898	1.1069	0.6231	1.0151	0.6129
573	0.7267	0.5181	1.1079	0.6457	1.008	0.6393
574	0.7648	0.553	1.1303	0.6797	1.0472	0.6624
575	0.8015	0.5999	1.1347	0.7092	1.0454	0.6999
576	0.7497	0.5384	1.0975	0.6583	1.0132	0.6447
577	0.7365	0.5311	1.1023	0.6534	1.0128	0.6467
578	0.7097	0.4941	1.0911	0.6215	1.0049	0.6136
579	0.7113	0.4991	1.0885	0.6297	0.9949	0.6203
580	0.7183	0.508	1.0591	0.6306	0.9749	0.6206
581	0.7175	0.5047	1.0871	0.6269	1.0011	0.6241
582	0.7103	0.494	1.0869	0.6238	0.9979	0.6145
583	0.6991	0.4872	1.0729	0.6161	0.9768	0.6112
584	0.7305	0.5244	1.1106	0.6549	1.0216	0.6475
585	0.7124	0.4956	1.108	0.6268	1.0052	0.6132
586	0.7001	0.4872	1.0845	0.6182	0.9866	0.6091
587	0.6983	0.4859	1.0878	0.623	0.9893	0.6131
588	0.7269	0.5104	1.1088	0.6422	1.0172	0.6254
589	0.7497	0.5444	1.1045	0.6637	1.0123	0.6613
590	0.7232	0.5071	1.112	0.6359	1.0179	0.6194
591	0.7319	0.5273	1.1003	0.6586	1.0123	0.6481
592	0.7053	0.4903	1.07	0.6207	0.9802	0.6103
593	0.6967	0.4855	1.0748	0.6142	0.9759	0.6056
594	0.7023	0.4906	1.0564	0.6188	0.966	0.6083
595	0.704	0.4945	1.0851	0.6193	0.9887	0.614
596	0.691	0.4797	1.0723	0.613	0.9757	0.6013
597	0.6924	0.4797	1.0824	0.613	0.986	0.6056
598	0.6887	0.474	1.0805	0.6089	0.9851	0.5972
599	0.6984	0.4846	1.0794	0.6181	0.9875	0.6029
600	0.6937	0.4827	1.0776	0.6182	0.9702	0.6035
601	0.6903	0.4779	1.0961	0.6181	0.9943	0.6033
602	0.6957	0.4813	1.0855	0.6209	0.9875	0.605
603	0.6983	0.485	1.0981	0.6218	1.0003	0.6106
604	0.6952	0.4819	1.0748	0.6164	0.9793	0.6045
605	0.6931	0.4813	1.0806	0.6154	0.9823	0.6072
606	0.7042	0.4966	1.0796	0.6285	0.9847	0.6166
607	0.7066	0.4925	1.0941	0.63	1.0014	0.612
608	0.69	0.4797	1.0771	0.6136	0.9873	0.604
609	0.7182	0.5152	1.0853	0.6415	0.9969	0.6349
610	0.7136	0.4979	1.1035	0.6337	1.0156	0.6178
611	0.7045	0.5028	1.0732	0.6344	0.972	0.6241
612	0.6878	0.4737	1.0939	0.6081	1.0025	0.6034
613	0.6892	0.4781	1.0592	0.6127	0.9655	0.6058
614	0.6887	0.4784	1.0785	0.6129	0.9829	0.6039
615	0.6957	0.4861	1.0897	0.6177	0.9995	0.612
616	0.7002	0.4893	1.0858	0.6297	0.9963	0.6184
617	0.6924	0.4785	1.0918	0.6246	1.0064	0.6106
618	0.7012	0.4971	1.083	0.6238	0.9927	0.6184
619	0.6856	0.4739	1.0791	0.6142	0.9823	0.604
620	0.769	0.561	1.1166	0.6883	1.035	0.6689
621	0.7596	0.5562	1.1013	0.6717	1.0066	0.6598
622	0.7304	0.5177	1.1175	0.6506	1.0324	0.6364
623	0.6929	0.4839	1.0798	0.624	0.9883	0.6129
624	0.6834	0.4737	1.079	0.6128	0.9838	0.601
625	0.6996	0.4866	1.1046	0.6298	1.0106	0.6123
626	0.6926	0.4814	1.0743	0.6187	0.9762	0.6033
627	0.6899	0.4788	1.0839	0.6227	0.9891	0.6033
628	0.682	0.4736	1.0689	0.6154	0.9779	0.6035
629	0.7234	0.5137	1.1135	0.6489	1.0202	0.6294
630	0.7346	0.5279	1.0899	0.6481	1.0035	0.6428
631	0.7904	0.5807	1.154	0.7041	1.0766	0.6815
632	0.7576	0.5576	1.1166	0.6809	1.0307	0.6771
633	0.7395	0.5237	1.1214	0.654	1.0356	0.6345
634	0.7626	0.5624	1.1266	0.6891	1.0338	0.679
635	0.7033	0.4927	1.0718	0.622	0.9914	0.6135
636	0.6893	0.4799	1.0793	0.6153	0.9917	0.6062
637	0.6915	0.4826	1.0594	0.6172	0.9779	0.6053
638	0.6803	0.4705	1.0601	0.6037	0.9701	0.5943
639	0.6909	0.4807	1.0747	0.6177	0.9858	0.6078
640	0.6893	0.4793	1.0845	0.614	0.9928	0.604
641	0.7321	0.5175	1.1069	0.6466	1.0226	0.6379
642	0.6975	0.4917	1.1028	0.6363	1.0028	0.6208
643	0.6775	0.4698	1.0588	0.6052	0.9642	0.5926
644	0.7008	0.4941	1.0774	0.63	0.9912	0.6131
645	0.6868	0.4786	1.0748	0.6118	0.9762	0.6008
646	0.6865	0.4769	1.0733	0.6163	0.9853	0.6069
647	0.7059	0.5024	1.079	0.6347	0.9812	0.623
648	0.6912	0.4845	1.0637	0.6245	0.9739	0.6094
649	0.676	0.4684	1.0739	0.6133	0.975	0.5988
650	0.7018	0.4994	1.0722	0.6231	0.9806	0.6166
651	0.7184	0.5095	1.0981	0.6452	1.0141	0.6286
652	0.7039	0.4997	1.0666	0.6272	0.9701	0.6172
653	0.6799	0.4691	1.0928	0.6149	0.9954	0.5968
654	0.6809	0.4719	1.0733	0.6159	0.9871	0.6037
655	0.7336	0.5322	1.1223	0.6655	1.0268	0.6543
656	0.7254	0.5241	1.0728	0.6518	0.9891	0.6337
657	0.7209	0.5148	1.0692	0.6362	0.9822	0.6291
658	0.7211	0.5146	1.0905	0.6475	1.0089	0.6291
659	0.7324	0.5331	1.0927	0.6554	1.0019	0.6473
660	0.723	0.5135	1.1053	0.6516	1.0196	0.6325
661	0.6814	0.4747	1.0764	0.6156	0.9815	0.6048
662	0.6781	0.4696	1.0814	0.6113	0.9966	0.6029
663	0.6727	0.4657	1.0783	0.6134	0.9847	0.6013
664	0.6765	0.4678	1.0712	0.6084	0.9831	0.5975
665	0.6826	0.4755	1.0971	0.6261	1.0014	0.6102
666	0.6778	0.4674	1.078	0.612	0.9897	0.5985
667	0.6785	0.472	1.0733	0.6178	0.9869	0.6015
668	0.6828	0.4812	1.0676	0.6171	0.9699	0.6065
669	0.6714	0.4678	1.0648	0.6111	0.9746	0.6014
670	0.6688	0.4631	1.0668	0.6042	0.9717	0.5963
671	0.6809	0.4782	1.086	0.6227	0.9947	0.6139
672	0.6766	0.4693	1.0699	0.6131	0.9797	0.5979
673	0.6704	0.4646	1.0797	0.6095	0.9902	0.5983
674	0.6718	0.4635	1.0721	0.6094	0.988	0.5989
675	0.6691	0.4627	1.0474	0.6014	0.9646	0.5924
676	0.6941	0.493	1.0749	0.6278	0.989	0.6212
677	0.7447	0.5442	1.1092	0.676	1.0279	0.6562
678	0.7295	0.5348	1.1008	0.665	1.0085	0.654
679	0.6968	0.4926	1.0971	0.6321	1.0155	0.6206
680	0.6697	0.4644	1.0594	0.6076	0.9645	0.5958
681	0.6734	0.4645	1.0708	0.6088	0.9776	0.5909
682	0.6642	0.4592	1.0622	0.6014	0.9648	0.5881
683	0.685	0.4802	1.0891	0.6249	0.9883	0.608
684	0.6657	0.4575	1.0914	0.6071	0.9951	0.5914
685	0.6615	0.4586	1.0667	0.6042	0.9604	0.5881
686	0.6608	0.4564	1.0599	0.6003	0.9656	0.5903
687	0.669	0.4653	1.0593	0.6042	0.9651	0.5968
688	0.6843	0.4828	1.0706	0.626	0.9786	0.6103
689	0.6712	0.4685	1.0677	0.6054	0.9765	0.5971
690	0.6617	0.4575	1.0592	0.6074	0.9627	0.5918
691	0.6651	0.4582	1.0876	0.608	0.9976	0.5928
692	0.6675	0.4642	1.064	0.6145	0.9727	0.5993
693	0.6639	0.4596	1.0707	0.6023	0.9728	0.5889
694	0.6587	0.4548	1.0632	0.6017	0.969	0.5902
695	0.7022	0.5059	1.083	0.6331	0.9939	0.6245
696	0.7071	0.5051	1.1042	0.6421	1.0124	0.6281
697	0.6883	0.4911	1.0888	0.6379	0.9983	0.6239
698	0.6716	0.4633	1.0969	0.6123	1.0019	0.596
699	0.6625	0.4562	1.0651	0.6026	0.969	0.594
700	0.6819	0.4808	1.0753	0.6234	0.9921	0.6139
701	0.6607	0.4563	1.0671	0.5983	0.9674	0.5866
702	0.6792	0.478	1.0543	0.6083	0.9662	0.6068
703	0.6653	0.4644	1.0432	0.6059	0.9503	0.5924
704	0.6685	0.4689	1.0624	0.6073	0.9691	0.595
705	0.6672	0.4646	1.0614	0.609	0.9695	0.5999
706	0.6582	0.4526	1.0703	0.6054	0.9726	0.5868
707	0.66	0.458	1.0758	0.6135	0.9812	0.5941
708	0.6585	0.4541	1.0694	0.609	0.9779	0.5899
709	0.6519	0.4491	1.056	0.5952	0.967	0.5833
710	0.651	0.4484	1.0704	0.6003	0.9769	0.5869
711	0.6594	0.4588	1.062	0.6037	0.9616	0.592
712	0.6546	0.4514	1.0463	0.5968	0.9435	0.5792
713	0.658	0.4569	1.0788	0.6039	0.9824	0.5925
714	0.6503	0.4485	1.058	0.5995	0.9601	0.5868
715	0.6541	0.45	1.0594	0.5994	0.9704	0.5862
716	0.6602	0.4581	1.0773	0.6082	0.9791	0.5941
717	0.6561	0.4563	1.0714	0.6067	0.9744	0.5943
718	0.6965	0.4941	1.1049	0.6403	1.0115	0.6165
719	0.6588	0.4586	1.0763	0.6099	0.9759	0.5952
720	0.6557	0.4553	1.0712	0.6063	0.9745	0.5918
721	0.7497	0.5575	1.1022	0.6746	1.0204	0.6742
722	0.7221	0.5253	1.1042	0.6679	1.0299	0.6495
723	0.6647	0.4664	1.0622	0.616	0.9592	0.5972
724	0.6636	0.4609	1.0774	0.6121	0.982	0.5953
725	0.6837	0.4813	1.0535	0.6191	0.9633	0.6072
726	0.6936	0.4922	1.0624	0.6166	0.9726	0.6109
727	0.6818	0.4826	1.0787	0.6304	0.9892	0.6146
728	0.6915	0.4965	1.0925	0.6367	0.9981	0.6249
729	0.666	0.4662	1.0682	0.6118	0.969	0.5978
730	0.6531	0.4532	1.0657	0.5986	0.9667	0.5901
731	0.6557	0.4558	1.0738	0.6078	0.9865	0.598
732	0.6617	0.4575	1.0957	0.6132	0.999	0.5928
733	0.6744	0.4774	1.0983	0.6343	1.0084	0.6174
734	0.6557	0.4513	1.0769	0.6059	0.9817	0.5872
735	0.6463	0.447	1.0542	0.594	0.9557	0.5812
736	0.6823	0.4851	1.0814	0.627	0.9937	0.6168
737	0.6677	0.467	1.078	0.6205	0.9822	0.6013
738	0.647	0.4462	1.0565	0.594	0.9606	0.5834
739	0.6427	0.4398	1.0608	0.5909	0.9714	0.5822
740	0.6533	0.4538	1.05	0.6067	0.9577	0.5952
741	0.647	0.4425	1.0689	0.5991	0.9746	0.5843
742	0.6612	0.4597	1.0818	0.6133	0.9894	0.6
743	0.6794	0.4876	1.0891	0.6395	1.0046	0.6281
744	0.6469	0.447	1.0754	0.6078	0.9778	0.5886
745	0.6593	0.4605	1.0903	0.6162	0.998	0.5985
746	0.6609	0.4635	1.054	0.6138	0.9679	0.6013
747	0.6567	0.4564	1.0619	0.6026	0.9677	0.5893
748	0.649	0.4472	1.0558	0.6045	0.9665	0.5895
749	0.6673	0.469	1.071	0.6144	0.9795	0.6002
750	0.6896	0.4951	1.0706	0.64	0.9829	0.6204
751	0.6751	0.4771	1.0645	0.6128	0.9773	0.6075
752	0.6543	0.4538	1.0528	0.6004	0.9635	0.5867
753	0.6505	0.4521	1.0609	0.6016	0.9716	0.5888
754	0.6607	0.4656	1.0568	0.6075	0.958	0.6
755	0.6616	0.4561	1.0928	0.611	0.9999	0.5937
756	0.6785	0.488	1.0799	0.6383	0.9803	0.6246
757	0.6545	0.4532	1.0753	0.6122	0.9785	0.5908
758	0.6451	0.4469	1.0588	0.5983	0.963	0.585
759	0.6419	0.4396	1.0643	0.5958	0.968	0.5817
760	0.6491	0.4483	1.0684	0.6053	0.9781	0.592
761	0.6889	0.4942	1.0718	0.6277	0.9743	0.6168
762	0.6781	0.4805	1.0745	0.6301	0.9826	0.6102
763	0.6722	0.4756	1.0787	0.6113	0.9835	0.6015
764	0.6986	0.5035	1.0786	0.6441	0.9882	0.628
765	0.6747	0.4761	1.0731	0.6217	0.9785	0.6091
766	0.6467	0.4445	1.0629	0.6033	0.9594	0.5814
767	0.6512	0.4555	1.0625	0.6065	0.9698	0.5969
768	0.6364	0.4353	1.079	0.5959	0.9763	0.5789
769	0.6406	0.4419	1.0655	0.6027	0.9697	0.5893
770	0.6465	0.4466	1.0778	0.6048	0.9832	0.5899
771	0.6338	0.4364	1.0551	0.5947	0.951	0.577
772	0.6384	0.4398	1.0758	0.6017	0.9737	0.5871
773	0.6342	0.4338	1.0764	0.5935	0.9704	0.5784
774	0.6385	0.4415	1.0746	0.6037	0.9736	0.5877
775	0.6557	0.4609	1.0868	0.6248	0.9847	0.6065
776	0.6377	0.441	1.0576	0.5948	0.9565	0.58
777	0.6393	0.4392	1.0772	0.5998	0.9819	0.5859
778	0.6461	0.4517	1.0591	0.6052	0.9609	0.5941
779	0.651	0.4491	1.0884	0.6111	0.9929	0.5915
780	0.6635	0.4741	1.0835	0.6364	0.9886	0.6184
781	0.6822	0.4826	1.1044	0.6376	1.0181	0.6161
782	0.6577	0.4607	1.0475	0.607	0.9669	0.5974
783	0.6481	0.4514	1.0683	0.6088	0.9732	0.5879
784	0.6787	0.488	1.0907	0.6315	1.0065	0.6242
785	0.6568	0.4574	1.0812	0.616	0.9853	0.5938
786	0.6628	0.472	1.0656	0.6168	0.9671	0.6087
787	0.6579	0.4557	1.0971	0.616	1.0053	0.5963
788	0.6456	0.4544	1.0616	0.6027	0.9635	0.5917
789	0.6443	0.4444	1.0616	0.6021	0.9689	0.5878
790	0.675	0.4762	1.086	0.6339	0.9876	0.6116
791	0.6714	0.4771	1.0882	0.6238	0.9887	0.607
792	0.662	0.4629	1.0771	0.6194	0.9927	0.6031
793	0.6559	0.4636	1.1002	0.6292	0.9953	0.6105
794	0.6457	0.4485	1.09	0.6117	0.993	0.5953
795	0.6391	0.4393	1.0823	0.6046	0.9823	0.5862
796	0.6725	0.4816	1.0768	0.6275	0.9867	0.6175
797	0.6419	0.4462	1.0755	0.6024	0.9874	0.5878
798	0.662	0.467	1.0641	0.6088	0.9714	0.6003
799	0.6508	0.4539	1.0633	0.6134	0.9754	0.5995
800	0.6517	0.4594	1.0805	0.6176	0.9871	0.6055
801	0.6747	0.4786	1.094	0.6333	1.0052	0.6141
802	0.6357	0.4406	1.0456	0.5928	0.9543	0.5847
803	0.6238	0.4288	1.0452	0.5905	0.9546	0.58
804	0.6303	0.4331	1.0758	0.6021	0.9771	0.5796
805	0.631	0.4366	1.0506	0.5949	0.9613	0.5846
806	0.6336	0.4347	1.0882	0.6072	0.9922	0.5902
807	0.6463	0.4556	1.0646	0.6121	0.965	0.6008
808	0.6234	0.4269	1.0679	0.5931	0.9706	0.5813
809	0.6403	0.4476	1.0652	0.61	0.9681	0.5938
810	0.6423	0.4489	1.0654	0.6048	0.963	0.5932
811	0.6393	0.4489	1.0684	0.6107	0.9682	0.5928
812	0.6599	0.4635	1.0983	0.6233	0.9998	0.6018
813	0.6704	0.483	1.0966	0.6406	0.9901	0.625
814	0.6349	0.4405	1.0653	0.608	0.9708	0.588
815	0.6246	0.4287	1.0595	0.5938	0.9642	0.5796
816	0.6321	0.4351	1.067	0.6017	0.9734	0.5843
817	0.6248	0.4338	1.0448	0.5915	0.9539	0.5794
818	0.6332	0.4377	1.067	0.6009	0.9646	0.5868
819	0.6341	0.4379	1.0595	0.5993	0.9686	0.5852
820	0.6301	0.4362	1.0626	0.5981	0.9673	0.5836
821	0.6391	0.4466	1.0588	0.6025	0.9594	0.5892
822	0.62	0.4258	1.0475	0.5888	0.9548	0.5753
823	0.6413	0.446	1.0836	0.609	0.9918	0.5913
824	0.6189	0.4259	1.0597	0.5919	0.9659	0.577
825	0.6641	0.4803	1.0849	0.6428	0.9969	0.6236
826	0.6345	0.4406	1.0616	0.6021	0.9611	0.5829
827	0.6178	0.4225	1.0498	0.5844	0.955	0.572
828	0.6202	0.4275	1.0502	0.5898	0.9528	0.5771
829	0.6188	0.4229	1.0708	0.5923	0.967	0.5758
830	0.6357	0.4446	1.0715	0.6087	0.9732	0.5916
831	0.6211	0.4283	1.0667	0.592	0.9728	0.58
832	0.6468	0.4579	1.0699	0.617	0.9714	0.6073
833	0.6344	0.4369	1.0713	0.6042	0.9778	0.588
834	0.6221	0.4271	1.0605	0.5921	0.9668	0.5798
835	0.618	0.4231	1.0761	0.5964	0.9722	0.5783
836	0.6414	0.452	1.0614	0.6101	0.9645	0.5935
837	0.6279	0.4395	1.0389	0.5928	0.9458	0.5829
838	0.628	0.4357	1.0548	0.5922	0.9461	0.5771
839	0.6673	0.4798	1.0797	0.636	0.9902	0.6195
840	0.6224	0.4281	1.0736	0.5969	0.9712	0.5836
841	0.6353	0.4469	1.0634	0.6037	0.9644	0.586
842	0.6389	0.4484	1.0832	0.6229	0.9726	0.6021
843	0.6383	0.4411	1.0983	0.6128	0.9945	0.5872
844	0.6195	0.4279	1.0703	0.5955	0.9665	0.5776
845	0.6172	0.4244	1.0633	0.592	0.966	0.5777
846	0.6278	0.4359	1.0486	0.5974	0.9505	0.5826
847	0.6532	0.4655	1.0831	0.6311	0.9913	0.6061
848	0.658	0.4683	1.0757	0.6132	0.9834	0.6074
849	0.706	0.5168	1.1064	0.6682	1.0207	0.6422
850	0.6544	0.4699	1.0807	0.6315	0.9842	0.6202
851	0.6361	0.4422	1.086	0.6132	0.991	0.5977
852	0.6155	0.42	1.0729	0.593	0.9765	0.5775
853	0.6155	0.4246	1.0449	0.587	0.9507	0.5765
854	0.6716	0.4904	1.0827	0.648	0.9913	0.6265
855	0.6518	0.4605	1.0588	0.6027	0.9629	0.5942
856	0.6169	0.4253	1.0549	0.5924	0.9619	0.5763
857	0.6357	0.4391	1.0821	0.6091	0.9871	0.5839
858	0.6432	0.4563	1.0677	0.6135	0.9762	0.6044
859	0.6399	0.4459	1.0638	0.6064	0.9713	0.5854
860	0.6176	0.4255	1.0509	0.5909	0.9558	0.5779
861	0.6268	0.4358	1.0584	0.6027	0.9627	0.584
862	0.6289	0.4415	1.0719	0.6059	0.9678	0.5911
863	0.6314	0.4382	1.0748	0.6084	0.984	0.5918
864	0.6225	0.4317	1.0674	0.6052	0.9809	0.5875
865	0.6301	0.4352	1.0865	0.6052	0.9915	0.5803
866	0.6229	0.4329	1.0511	0.5977	0.9537	0.5842
867	0.6161	0.4259	1.0447	0.5925	0.9424	0.5725
868	0.6161	0.4246	1.0436	0.5883	0.9633	0.5769
869	0.6084	0.4146	1.0431	0.5853	0.9496	0.566
870	0.6291	0.44	1.0662	0.6083	0.9758	0.5943
871	0.6096	0.4183	1.045	0.5883	0.9562	0.5763
872	0.605	0.4134	1.0557	0.5851	0.9637	0.5663
873	0.6208	0.4315	1.044	0.5903	0.9542	0.5816
874	0.6209	0.4333	1.0316	0.5905	0.9398	0.5757
875	0.6233	0.4344	1.0571	0.6013	0.9671	0.5828
876	0.6125	0.424	1.0404	0.5869	0.9512	0.5769
877	0.6228	0.4333	1.0543	0.5979	0.9734	0.59
878	0.6102	0.4174	1.069	0.5879	0.9739	0.5726
879	0.6154	0.4259	1.0536	0.599	0.9663	0.5869
880	0.6317	0.4461	1.0798	0.6163	0.9904	0.6047
881	0.6236	0.4301	1.0678	0.5984	0.9752	0.5825
882	0.61	0.4177	1.0582	0.5903	0.9734	0.5787
883	0.613	0.422	1.0399	0.5815	0.9622	0.5759
884	0.6101	0.421	1.0664	0.5945	0.9742	0.5782
885	0.6087	0.4223	1.0415	0.5831	0.9521	0.5761
886	0.6245	0.4383	1.05	0.5966	0.9576	0.5913
887	0.5994	0.4096	1.0446	0.5802	0.9573	0.5686
888	0.6106	0.4232	1.0629	0.5997	0.961	0.5863
889	0.6057	0.4162	1.068	0.5917	0.9772	0.5789
890	0.6106	0.421	1.0506	0.5938	0.9589	0.5756
891	0.649	0.4661	1.0966	0.6333	1.0048	0.623
892	0.6199	0.4293	1.0587	0.5947	0.977	0.5888
893	0.6085	0.4184	1.0716	0.5935	0.9733	0.5766
894	0.6273	0.4411	1.0782	0.6073	0.9888	0.6004
895	0.623	0.4364	1.0538	0.6011	0.9689	0.5884
896	0.6136	0.4237	1.0607	0.5891	0.9737	0.5795
897	0.6111	0.4251	1.0417	0.59	0.9616	0.5812
898	0.6041	0.4146	1.0554	0.5889	0.9636	0.5775
899	0.6024	0.4114	1.0668	0.5847	0.9716	0.5693
900	0.6155	0.4237	1.0913	0.605	0.9955	0.5887
901	0.6154	0.4247	1.068	0.5968	0.9729	0.581
902	0.6241	0.4395	1.0661	0.6052	0.9727	0.5987
903	0.622	0.4353	1.0642	0.608	0.9748	0.5876
904	0.6192	0.4307	1.0589	0.5892	0.9747	0.5833
905	0.6133	0.4257	1.0435	0.5902	0.9425	0.5761
906	0.6102	0.4228	1.0487	0.5879	0.9637	0.5794
907	0.6097	0.4262	1.042	0.5878	0.9532	0.58
908	0.6352	0.4412	1.0872	0.6193	0.9943	0.5961
909	0.6622	0.4824	1.0642	0.6289	0.9775	0.6249
910	0.6782	0.4907	1.0945	0.65	1.0106	0.6296
911	0.6045	0.417	1.049	0.5823	0.9662	0.5765
912	0.603	0.4147	1.0368	0.5817	0.9509	0.5685
913	0.6043	0.4155	1.0644	0.5892	0.9704	0.5799
914	0.6017	0.412	1.0416	0.5852	0.9534	0.5719
915	0.6058	0.4121	1.0746	0.5921	0.9785	0.5714
916	0.5966	0.408	1.0614	0.5887	0.9676	0.5692
917	0.6042	0.4145	1.054	0.5944	0.9625	0.5767
918	0.5946	0.4062	1.054	0.585	0.9568	0.5686
919	0.6006	0.4115	1.054	0.5876	0.9656	0.5731
920	0.594	0.4079	1.0582	0.5856	0.963	0.5706
921	0.6156	0.4315	1.0616	0.5988	0.9682	0.588
922	0.5991	0.4141	1.0292	0.5817	0.9387	0.5722
923	0.6019	0.4139	1.046	0.5838	0.9592	0.5734
924	0.5989	0.415	1.0375	0.58	0.9588	0.5796
925	0.5937	0.4095	1.0438	0.5773	0.9436	0.5642
926	0.6226	0.44	1.0783	0.6113	0.9886	0.6029
927	0.6157	0.4304	1.0868	0.6074	0.99	0.5946
928	0.6003	0.4107	1.08	0.5934	0.9812	0.574
929	0.5931	0.407	1.0563	0.5889	0.9583	0.5715
930	0.6087	0.4248	1.0466	0.5935	0.9593	0.5855
931	0.6187	0.4337	1.031	0.588	0.9495	0.5784
932	0.6395	0.4536	1.0437	0.6065	0.9583	0.6035
933	0.5927	0.4059	1.0481	0.5798	0.9541	0.5646
934	0.6162	0.4302	1.0696	0.6015	0.9774	0.5861
935	0.6013	0.416	1.0654	0.5944	0.968	0.5732
936	0.618	0.4332	1.0524	0.6015	0.9571	0.5874
937	0.6079	0.4203	1.0629	0.5941	0.966	0.5812
938	0.5968	0.4071	1.0732	0.5923	0.9817	0.5746
939	0.6419	0.4645	1.0584	0.6239	0.9709	0.6139
940	0.6032	0.4145	1.0582	0.596	0.9664	0.5752
941	0.6018	0.4127	1.0591	0.5907	0.9627	0.57
942	0.6333	0.4546	1.0678	0.6119	0.9934	0.6098
943	0.5911	0.4067	1.0411	0.581	0.9503	0.5674
944	0.5889	0.4019	1.0403	0.5782	0.9492	0.5635
945	0.5999	0.4184	1.0523	0.5879	0.9598	0.5778
946	0.6077	0.4209	1.0677	0.599	0.9797	0.5756
947	0.6081	0.4245	1.0436	0.5901	0.9501	0.5793
948	0.6067	0.4238	1.0664	0.5973	0.96	0.5807
949	0.6421	0.4568	1.0793	0.63	0.9892	0.6084
950	0.6597	0.4834	1.0794	0.6346	0.9819	0.6284
951	0.6043	0.4168	1.069	0.5972	0.9725	0.5758
952	0.6131	0.4249	1.0603	0.6016	0.9642	0.5789
953	0.6095	0.4273	1.0685	0.5994	0.9779	0.5889
954	0.5932	0.4068	1.0621	0.5859	0.9734	0.5688
955	0.5996	0.4193	1.045	0.5945	0.9599	0.5859
956	0.5993	0.4176	1.0649	0.5984	0.9774	0.5873
957	0.5995	0.4131	1.0817	0.6006	0.9861	0.5799
958	0.5882	0.405	1.056	0.5799	0.973	0.5747
959	0.5973	0.4148	1.0649	0.5969	0.9668	0.5772
960	0.5882	0.4027	1.0466	0.5851	0.9632	0.5706
961	0.6279	0.4482	1.0671	0.6072	0.9747	0.5999
962	0.6352	0.4541	1.0779	0.6279	0.9923	0.6104
963	0.6544	0.4831	1.0641	0.6284	0.9873	0.6296
964	0.6173	0.4311	1.0857	0.6052	0.9941	0.5913
965	0.5947	0.4115	1.0493	0.5856	0.9644	0.576
966	0.5956	0.4144	1.043	0.584	0.956	0.5768
967	0.6048	0.4139	1.0827	0.5976	0.9941	0.5769
968	0.6059	0.4288	1.0559	0.6008	0.9655	0.5922
969	0.5849	0.3994	1.057	0.5777	0.9788	0.5698
970	0.6	0.415	1.0458	0.5835	0.9508	0.574
971	0.5865	0.405	1.0391	0.5793	0.9565	0.5695
972	0.5847	0.4006	1.0622	0.5859	0.9613	0.5655
973	0.5853	0.4022	1.0568	0.5785	0.9658	0.5666
974	0.5806	0.3991	1.0385	0.5824	0.9475	0.567
975	0.5844	0.4011	1.0628	0.5877	0.9699	0.5717
976	0.5928	0.4107	1.0372	0.5869	0.9522	0.5726
977	0.5845	0.4	1.0588	0.5897	0.9587	0.5664
978	0.5969	0.4113	1.0696	0.5963	0.9805	0.5778
979	0.5851	0.4006	1.0618	0.5881	0.9652	0.5693
980	0.5858	0.4043	1.0576	0.5898	0.9605	0.5725
981	0.5812	0.3991	1.0661	0.5837	0.9703	0.5697
982	0.5789	0.3977	1.0489	0.5803	0.9554	0.567
983	0.6002	0.4247	1.0449	0.5891	0.9657	0.5872
984	0.615	0.4309	1.0821	0.6129	0.9886	0.5881
985	0.5806	0.3988	1.0538	0.5799	0.9707	0.5691
986	0.6082	0.4324	1.0566	0.5985	0.9765	0.5983
987	0.6136	0.4342	1.0734	0.6121	0.9847	0.591
988	0.592	0.4074	1.0792	0.5953	0.9899	0.5768
989	0.6129	0.4402	1.067	0.6116	0.9836	0.6032
990	0.5918	0.4051	1.0742	0.5886	0.9818	0.5736
991	0.5826	0.3999	1.0619	0.5846	0.9619	0.5655
992	0.6112	0.4345	1.0686	0.6042	0.982	0.5983
993	0.6601	0.4829	1.0883	0.646	1.0112	0.6288
994	0.5921	0.4101	1.0397	0.5824	0.9587	0.5745
995	0.5812	0.4018	1.0353	0.5824	0.947	0.5646
996	0.5807	0.3982	1.0401	0.5762	0.9597	0.5702
997	0.5754	0.3922	1.0443	0.5722	0.9581	0.5614
998	0.5794	0.4001	1.0518	0.5853	0.9611	0.5692
999	0.5889	0.4023	1.088	0.5955	0.9911	0.5705
1000	0.5726	0.3929	1.0398	0.5742	0.9521	0.5625
1001	0.5797	0.3963	1.0604	0.5852	0.9718	0.5675
1002	0.5752	0.3952	1.0472	0.5775	0.9618	0.568
1003	0.5731	0.3912	1.049	0.5783	0.9617	0.5615
1004	0.5702	0.3893	1.0443	0.5744	0.9554	0.5622
1005	0.5702	0.3879	1.0509	0.5775	0.9613	0.5606
1006	0.569	0.3881	1.0434	0.5751	0.9553	0.5603
1007	0.5696	0.3892	1.0473	0.5768	0.9587	0.5629
1008	0.5696	0.3878	1.0508	0.577	0.9633	0.5612
1009	0.5693	0.3869	1.0477	0.5763	0.9635	0.5626
1010	0.5678	0.3868	1.0417	0.5722	0.9579	0.5616
1011	0.5677	0.3856	1.049	0.5751	0.9604	0.5615
1012	0.5723	0.3909	1.0531	0.5801	0.9642	0.5625
1013	0.5673	0.3861	1.0472	0.575	0.9599	0.5622
1014	0.5675	0.387	1.0463	0.5748	0.9594	0.5629
1015	0.5713	0.3896	1.0537	0.5798	0.9656	0.5642
1016	0.5684	0.3889	1.0394	0.5726	0.9543	0.5634
1017	0.568	0.3861	1.0483	0.5763	0.9603	0.5614
1018	0.5657	0.3842	1.0491	0.5749	0.9576	0.5594
1019	0.5694	0.3903	1.0479	0.5785	0.9558	0.5664
1020	0.5665	0.3863	1.0459	0.5764	0.956	0.5618
1021	0.5661	0.3846	1.0484	0.5767	0.9592	0.5611
1022	0.5659	0.3853	1.0458	0.5755	0.9583	0.5634
1023	0.567	0.3854	1.0505	0.5772	0.9623	0.5631
1024	0.5652	0.3842	1.036	0.5716	0.9492	0.5587
1025	0.5681	0.3878	1.0462	0.5779	0.9595	0.5658
1026	0.566	0.3858	1.0397	0.5736	0.9532	0.563
1027	0.5666	0.3856	1.0435	0.5767	0.9545	0.5616
1028	0.5691	0.3873	1.046	0.5789	0.958	0.5628
1029	0.5673	0.3879	1.0404	0.5747	0.9547	0.5647
1030	0.5648	0.3843	1.0419	0.5751	0.9529	0.562
1031	0.5675	0.3874	1.0398	0.5761	0.9524	0.5624
1032	0.5672	0.3879	1.0443	0.5773	0.9585	0.5675
1033	0.5679	0.3885	1.0476	0.5773	0.9622	0.5676
1034	0.5752	0.3932	1.0567	0.5825	0.97	0.5658
1035	0.5639	0.3825	1.0488	0.5745	0.9619	0.5604
1036	0.5692	0.391	1.0434	0.5784	0.9552	0.5675
1037	0.5647	0.3852	1.044	0.5762	0.956	0.5604
1038	0.567	0.386	1.0452	0.577	0.9582	0.56
1039	0.5641	0.3842	1.0365	0.572	0.9494	0.5596
1040	0.5638	0.3823	1.0438	0.5753	0.9549	0.5599
1041	0.5628	0.3813	1.0419	0.5734	0.9542	0.5592
1042	0.565	0.3854	1.0396	0.5729	0.9561	0.5646
1043	0.5644	0.3833	1.047	0.5754	0.9616	0.5634
1044	0.5629	0.3822	1.0425	0.5718	0.9571	0.5611
1045	0.5632	0.3831	1.0453	0.5747	0.9567	0.5607
1046	0.5648	0.3847	1.0474	0.5765	0.9596	0.5613
1047	0.5628	0.3822	1.044	0.5731	0.957	0.5603
1048	0.5638	0.3829	1.0488	0.576	0.9603	0.561
1049	0.5631	0.3834	1.0414	0.5738	0.9536	0.5582
1050	0.5639	0.3839	1.0462	0.5767	0.9573	0.5625
1051	0.5635	0.384	1.041	0.5745	0.9553	0.5626
1052	0.5635	0.3836	1.0345	0.5721	0.9509	0.5607
1053	0.5639	0.383	1.045	0.5749	0.9586	0.5632
1054	0.562	0.381	1.0455	0.5734	0.9566	0.5598
1055	0.5617	0.3817	1.042	0.573	0.9546	0.5602
1056	0.5635	0.3827	1.0506	0.5751	0.9625	0.5601
1057	0.5619	0.3818	1.0469	0.5716	0.9594	0.558
1058	0.5641	0.385	1.0459	0.5748	0.9576	0.5627
1059	0.5637	0.3836	1.0428	0.5747	0.9549	0.5607
1060	0.5613	0.3811	1.0415	0.5716	0.9536	0.5584
1061	0.5643	0.3828	1.0553	0.5776	0.9642	0.5603
1062	0.5631	0.3832	1.0478	0.5749	0.9601	0.5598
1063	0.5625	0.3839	1.0372	0.572	0.9509	0.5596
1064	0.5639	0.384	1.044	0.5759	0.9577	0.5633
1065	0.5659	0.3858	1.0473	0.5792	0.9597	0.5637
1066	0.5639	0.3857	1.0435	0.5756	0.9552	0.5648
1067	0.5615	0.3823	1.0486	0.5762	0.9582	0.5616
1068	0.5614	0.3818	1.0491	0.5762	0.9594	0.5608
1069	0.5629	0.3831	1.0594	0.5804	0.9696	0.5638
1070	0.5599	0.3807	1.0474	0.5734	0.961	0.5603
1071	0.5606	0.3814	1.0462	0.5747	0.9577	0.5612
1072	0.561	0.3804	1.0506	0.5752	0.9605	0.56
1073	0.5601	0.3804	1.0474	0.5734	0.9589	0.559
1074	0.56	0.38	1.0484	0.5751	0.9598	0.5604
1075	0.5619	0.3827	1.0474	0.5767	0.9588	0.563
1076	0.5609	0.3821	1.0459	0.5741	0.9565	0.5588
1077	0.5684	0.3891	1.0561	0.5822	0.9674	0.5649
1078	0.5602	0.3795	1.0506	0.574	0.9648	0.5611
1079	0.5703	0.3943	1.0456	0.5774	0.9615	0.5718
1080	0.5629	0.3821	1.0534	0.5775	0.9654	0.5614
1081	0.5601	0.379	1.0477	0.5746	0.9601	0.5593
1082	0.5597	0.3796	1.048	0.5745	0.959	0.5599
1083	0.5599	0.3811	1.0461	0.575	0.9552	0.5614
1084	0.5592	0.3805	1.0429	0.5739	0.9525	0.5605
1085	0.5585	0.3798	1.0429	0.5735	0.9528	0.5596
1086	0.5597	0.3805	1.0478	0.5762	0.9586	0.5616
1087	0.5609	0.3814	1.0522	0.5782	0.9633	0.5629
1088	0.5588	0.3803	1.0392	0.5735	0.95	0.5593
1089	0.5615	0.3822	1.0502	0.5797	0.9588	0.5612
1090	0.56	0.3809	1.044	0.5751	0.9573	0.5589
1091	0.5608	0.3831	1.0417	0.5747	0.9578	0.5645
1092	0.5616	0.3832	1.0452	0.5767	0.9599	0.5653
1093	0.5591	0.3804	1.0384	0.5717	0.9522	0.5603
1094	0.5609	0.3813	1.0453	0.5751	0.957	0.5585
1095	0.5582	0.3795	1.0421	0.573	0.9553	0.5584
1096	0.5593	0.3803	1.0467	0.5746	0.9606	0.5606
1097	0.5584	0.3795	1.0421	0.5706	0.9575	0.559
1098	0.5586	0.3795	1.0451	0.5716	0.96	0.5612
1099	0.5595	0.3798	1.0552	0.5752	0.9691	0.5628
1100	0.5594	0.3817	1.044	0.5733	0.9574	0.5628
1101	0.56	0.3817	1.0506	0.5775	0.9633	0.5643
1102	0.5611	0.3811	1.0509	0.5752	0.9647	0.5606
1103	0.5575	0.3786	1.0455	0.5712	0.9609	0.5611
1104	0.5594	0.3802	1.0496	0.5741	0.9662	0.5626
1105	0.5618	0.3853	1.0447	0.5732	0.9629	0.5668
1106	0.5603	0.3804	1.0529	0.5752	0.9683	0.5621
1107	0.5631	0.384	1.054	0.5784	0.9686	0.5639
1108	0.5583	0.3791	1.0462	0.5722	0.9622	0.5607
1109	0.5575	0.379	1.0464	0.5725	0.9589	0.5593
1110	0.5611	0.3825	1.0535	0.578	0.9626	0.5606
1111	0.5579	0.3789	1.0486	0.5736	0.9602	0.5587
1112	0.5608	0.3812	1.0492	0.5749	0.965	0.5607
1113	0.5608	0.3834	1.0482	0.5752	0.9644	0.5648
1114	0.5595	0.3817	1.0438	0.5731	0.9601	0.5632
1115	0.5595	0.3796	1.0501	0.5766	0.9673	0.5627
1116	0.5603	0.3821	1.0372	0.5737	0.9572	0.5626
1117	0.5601	0.3805	1.0482	0.5749	0.9652	0.5619
1118	0.563	0.3866	1.0451	0.5743	0.9626	0.5666
1119	0.5577	0.3793	1.0439	0.5712	0.9614	0.5597
1120	0.5671	0.3876	1.0501	0.5803	0.9665	0.5651
1121	0.5582	0.3809	1.0341	0.5719	0.9507	0.5608
1122	0.5653	0.3902	1.0433	0.5801	0.961	0.5713
1123	0.5563	0.3772	1.0363	0.5693	0.9528	0.5573
1124	0.5675	0.3876	1.0563	0.5829	0.9682	0.5653
1125	0.5567	0.3788	1.0384	0.571	0.9533	0.5583
1126	0.5592	0.3815	1.0439	0.5745	0.96	0.5634
1127	0.5569	0.3788	1.0458	0.5738	0.9599	0.5611
1128	0.557	0.3787	1.0419	0.5715	0.9555	0.5583
1129	0.5569	0.378	1.0445	0.5725	0.9577	0.5593
1130	0.5573	0.3791	1.0442	0.573	0.9596	0.562
1131	0.5581	0.3797	1.0404	0.5746	0.9568	0.5616
1132	0.5573	0.3793	1.0393	0.5731	0.9572	0.5627
1133	0.5565	0.3794	1.0396	0.5723	0.9558	0.5619
1134	0.5595	0.3829	1.0482	0.5777	0.9621	0.5666
1135	0.5573	0.3798	1.0414	0.5726	0.9583	0.5615
1136	0.5579	0.3788	1.0479	0.5743	0.9651	0.5622
1137	0.5561	0.3778	1.0464	0.5733	0.9629	0.5618
1138	0.556	0.378	1.0438	0.573	0.9591	0.5608
1139	0.5566	0.377	1.0453	0.5735	0.961	0.5592
1140	0.5582	0.3806	1.0431	0.574	0.9587	0.5601
1141	0.558	0.3786	1.0511	0.5763	0.9632	0.5594
1142	0.555	0.3769	1.0411	0.5715	0.9547	0.5572
1143	0.5566	0.3787	1.0459	0.5749	0.9586	0.5609
1144	0.5552	0.3773	1.0438	0.5724	0.9576	0.5592
1145	0.5548	0.3767	1.0425	0.5723	0.9561	0.5591
1146	0.5569	0.3788	1.0446	0.5756	0.9572	0.5607
1147	0.56	0.382	1.0422	0.5761	0.9566	0.5623
1148	0.556	0.3773	1.0433	0.5733	0.9565	0.56
1149	0.5569	0.3783	1.0515	0.5749	0.963	0.5611
1150	0.5571	0.3794	1.0494	0.5742	0.9619	0.5617
1151	0.5574	0.3799	1.0504	0.5748	0.9632	0.5621
1152	0.5558	0.3771	1.051	0.5741	0.9654	0.5602
1153	0.5551	0.3764	1.0469	0.5716	0.9614	0.5591
1154	0.5551	0.3777	1.0441	0.5717	0.9587	0.5603
1155	0.5577	0.3799	1.0488	0.5752	0.9634	0.5615
1156	0.5566	0.3788	1.0483	0.5724	0.9644	0.5615
1157	0.5545	0.3758	1.0452	0.5709	0.9606	0.5576
1158	0.5568	0.3783	1.0491	0.5737	0.9639	0.5596
1159	0.5563	0.3797	1.0421	0.5713	0.9576	0.5611
1160	0.5549	0.3764	1.0449	0.5726	0.9597	0.5587
1161	0.5573	0.3792	1.0478	0.576	0.962	0.5589
1162	0.558	0.3802	1.0491	0.575	0.9627	0.5618
1163	0.5556	0.3783	1.0469	0.5721	0.9592	0.56
1164	0.554	0.3757	1.0465	0.5713	0.958	0.5566
1165	0.5543	0.3761	1.0484	0.5736	0.961	0.5603
1166	0.5572	0.381	1.0429	0.5737	0.958	0.5649
1167	0.556	0.3786	1.0495	0.5755	0.9626	0.5632
1168	0.5587	0.3804	1.0542	0.5767	0.9652	0.5599
1169	0.5541	0.3764	1.0492	0.5719	0.9596	0.5588
1170	0.5554	0.3787	1.0453	0.5724	0.9582	0.5617
1171	0.5548	0.3783	1.041	0.5724	0.9551	0.5616
1172	0.5566	0.3787	1.0483	0.5746	0.9631	0.5599
1173	0.5534	0.376	1.0434	0.5709	0.958	0.5589
1174	0.5547	0.3774	1.0465	0.5737	0.9608	0.5623
1175	0.5569	0.3806	1.0467	0.5755	0.9622	0.5642
1176	0.5532	0.3756	1.0407	0.5718	0.958	0.5591
1177	0.5541	0.3762	1.043	0.5733	0.9593	0.5597
1178	0.5534	0.3758	1.0434	0.5741	0.9563	0.5585
1179	0.5546	0.378	1.0431	0.5732	0.9558	0.5601
1180	0.5551	0.3785	1.0429	0.5732	0.9578	0.5608
1181	0.5537	0.3765	1.0439	0.5749	0.9587	0.56
1182	0.5562	0.3785	1.0492	0.5772	0.9635	0.5624
1183	0.5542	0.3785	1.0418	0.5719	0.9561	0.5612
1184	0.5539	0.3772	1.0436	0.5729	0.9568	0.5581
1185	0.5559	0.3787	1.0475	0.5762	0.9596	0.5604
1186	0.5529	0.3767	1.0374	0.5711	0.9503	0.5586
1187	0.5528	0.3752	1.0456	0.5728	0.9579	0.5587
1188	0.5539	0.3769	1.0462	0.571	0.9605	0.5597
1189	0.5546	0.3762	1.0495	0.572	0.9631	0.5591
1190	0.5524	0.3751	1.0431	0.5693	0.9565	0.5571
1191	0.5549	0.378	1.0529	0.576	0.9629	0.5623
1192	0.5532	0.3773	1.0445	0.5709	0.9572	0.5605
1193	0.5527	0.3753	1.0479	0.5722	0.9601	0.5575
1194	0.5536	0.3755	1.0525	0.5742	0.9641	0.5584
1195	0.5522	0.3746	1.0446	0.572	0.9576	0.5589
1196	0.5536	0.3772	1.041	0.5729	0.9543	0.5612
1197	0.5535	0.3765	1.0439	0.5727	0.9574	0.5579
1198	0.5569	0.3788	1.054	0.5764	0.9673	0.5604
1199	0.5547	0.3791	1.0454	0.5719	0.9625	0.563
1200	0.5566	0.3819	1.0438	0.5724	0.9605	0.5651
1201	0.5543	0.3763	1.0517	0.5722	0.9645	0.5602
1202	0.5551	0.3777	1.0556	0.5757	0.9661	0.5604
1203	0.5548	0.3784	1.0549	0.5767	0.9657	0.5627
1204	0.5511	0.3739	1.0431	0.5697	0.9565	0.5576
1205	0.5568	0.3791	1.0579	0.5784	0.9696	0.5619
1206	0.5528	0.378	1.0413	0.5692	0.9576	0.5608
1207	0.5529	0.3766	1.0495	0.5741	0.9639	0.5623
1208	0.5516	0.3751	1.0427	0.5725	0.956	0.5582
1209	0.5513	0.3751	1.0418	0.5724	0.956	0.5603
1210	0.5514	0.3756	1.0402	0.5718	0.9543	0.5596
1211	0.553	0.3771	1.0463	0.5754	0.9564	0.5577
1212	0.5513	0.3743	1.0469	0.5736	0.9556	0.5552
1213	0.5528	0.3775	1.0434	0.5728	0.9543	0.5609
1214	0.5582	0.3842	1.0527	0.5781	0.9642	0.5685
1215	0.5531	0.3764	1.0474	0.5736	0.9594	0.5594
1216	0.5529	0.3757	1.0535	0.5746	0.9659	0.5586
1217	0.5516	0.3761	1.045	0.5715	0.9589	0.5594
1218	0.5517	0.3764	1.0412	0.5713	0.9554	0.5608
1219	0.5549	0.3799	1.0499	0.5761	0.9618	0.5648
1220	0.5503	0.3735	1.046	0.5721	0.9589	0.5577
1221	0.5519	0.3757	1.0452	0.5721	0.9603	0.5611
1222	0.5518	0.3772	1.0444	0.572	0.9592	0.5616
1223	0.5542	0.3764	1.0572	0.5758	0.9708	0.5601
1224	0.551	0.3743	1.0487	0.5702	0.9637	0.557
1225	0.5528	0.3781	1.0411	0.5708	0.9569	0.5609
1226	0.5512	0.3746	1.0418	0.5721	0.9568	0.5589
1227	0.5509	0.3749	1.032	0.5683	0.949	0.5575
1228	0.5513	0.3743	1.0459	0.5733	0.9603	0.5593
1229	0.5495	0.3728	1.045	0.5693	0.9586	0.5567
1230	0.5513	0.3749	1.0458	0.5706	0.9607	0.5607
1231	0.5504	0.3742	1.0401	0.57	0.9551	0.56
1232	0.5498	0.3723	1.0449	0.57	0.9596	0.5576
1233	0.5517	0.3751	1.0468	0.572	0.9596	0.5574
1234	0.5527	0.3759	1.0508	0.5735	0.9657	0.5615
1235	0.551	0.3757	1.0451	0.5682	0.9631	0.5603
1236	0.5527	0.376	1.0546	0.5724	0.9706	0.5628
1237	0.5514	0.3743	1.0469	0.5707	0.9637	0.5577
1238	0.5532	0.3762	1.0512	0.5753	0.9682	0.562
1239	0.5496	0.374	1.0432	0.5704	0.9609	0.5612
1240	0.5499	0.3737	1.0477	0.5724	0.9619	0.5591
1241	0.5488	0.373	1.0434	0.5697	0.9591	0.5583
1242	0.5521	0.3743	1.0556	0.574	0.9719	0.5598
1243	0.5569	0.3792	1.0586	0.5774	0.9764	0.5627
1244	0.5521	0.377	1.0474	0.5723	0.9663	0.5631
1245	0.5504	0.3748	1.0442	0.5715	0.9615	0.5607
1246	0.5484	0.3726	1.0371	0.5683	0.9529	0.556
1247	0.5509	0.3751	1.0458	0.5743	0.9613	0.5613
1248	0.5488	0.3731	1.0388	0.5678	0.9566	0.5566
1249	0.5585	0.3803	1.0608	0.5778	0.9767	0.5614
1250	0.5488	0.373	1.0392	0.5684	0.9583	0.5571
1251	0.5504	0.3751	1.0418	0.5717	0.9611	0.5604
1252	0.5526	0.3778	1.0486	0.5749	0.9665	0.5637
1253	0.5494	0.3734	1.0435	0.5689	0.9639	0.5584
1254	0.5535	0.3756	1.0521	0.574	0.9695	0.5607
1255	0.5497	0.3735	1.0415	0.5699	0.9579	0.5584
1256	0.5486	0.3723	1.0438	0.5722	0.9574	0.5587
1257	0.552	0.3777	1.0466	0.5744	0.962	0.5642
1258	0.5486	0.3737	1.0422	0.5706	0.9572	0.5591
1259	0.5488	0.3725	1.0467	0.5717	0.9616	0.5581
1260	0.5566	0.3793	1.0536	0.5785	0.9689	0.5631
1261	0.549	0.3736	1.0398	0.57	0.9597	0.5612
1262	0.5512	0.3759	1.0467	0.5733	0.9661	0.5634
1263	0.5482	0.3732	1.0388	0.5699	0.9591	0.5603
1264	0.5519	0.3769	1.0411	0.5747	0.9585	0.5625
1265	0.5528	0.3771	1.0432	0.5745	0.9618	0.5622
1266	0.5479	0.3726	1.0415	0.5683	0.9609	0.5584
1267	0.5483	0.3731	1.0423	0.5703	0.9603	0.5593
1268	0.5486	0.3735	1.0427	0.5715	0.9609	0.5597
1269	0.5474	0.3733	1.0385	0.5697	0.9584	0.559
1270	0.5483	0.3737	1.0413	0.5718	0.9611	0.5616
1271	0.5529	0.3769	1.0449	0.5758	0.9647	0.5631
1272	0.548	0.3713	1.0433	0.5706	0.9623	0.5583
1273	0.5508	0.3752	1.0531	0.5762	0.9687	0.5631
1274	0.5478	0.3732	1.0427	0.5713	0.9582	0.5589
1275	0.5506	0.3766	1.0436	0.5729	0.962	0.5635
1276	0.548	0.3725	1.0456	0.5716	0.9634	0.5601
1277	0.5496	0.3734	1.0513	0.5741	0.9669	0.561
1278	0.5476	0.372	1.0464	0.5696	0.9634	0.5582
1279	0.5488	0.3745	1.0461	0.5729	0.9629	0.562
1280	0.5475	0.3723	1.0434	0.5715	0.9611	0.5595
1281	0.5516	0.3762	1.0457	0.5747	0.9635	0.5612
1282	0.5477	0.3726	1.0478	0.5732	0.9623	0.5591
1283	0.5469	0.3723	1.046	0.5706	0.9625	0.5592
1284	0.5526	0.3798	1.0476	0.5728	0.966	0.5643
1285	0.5473	0.373	1.0408	0.5709	0.9564	0.5584
1286	0.5489	0.3741	1.0437	0.5735	0.9603	0.5588
1287	0.5478	0.3716	1.0492	0.5718	0.9683	0.5592
1288	0.5464	0.3712	1.0433	0.5692	0.9633	0.5583
1289	0.5496	0.3761	1.048	0.5751	0.9654	0.5639
1290	0.5487	0.3736	1.0458	0.5743	0.9606	0.5604
1291	0.548	0.3712	1.0434	0.5712	0.9596	0.5579
1292	0.5477	0.371	1.0455	0.572	0.9618	0.5575
1293	0.5467	0.3721	1.0344	0.5704	0.9496	0.5551
1294	0.5502	0.3764	1.0496	0.5779	0.9623	0.5634
1295	0.546	0.3721	1.0433	0.5705	0.9582	0.5584
1296	0.5485	0.3736	1.0542	0.5743	0.9708	0.5622
1297	0.5469	0.3723	1.054	0.5716	0.9719	0.5599
1298	0.5472	0.3729	1.0544	0.5733	0.9708	0.5614
1299	0.5467	0.3732	1.0459	0.5721	0.9622	0.5613
1300	0.5462	0.3719	1.0432	0.5708	0.9616	0.5603
1301	0.5457	0.3715	1.0435	0.5696	0.9633	0.5598
1302	0.5504	0.3759	1.0512	0.5764	0.9645	0.559
1303	0.5512	0.3775	1.0473	0.5758	0.9605	0.5595
1304	0.5494	0.3767	1.0432	0.5728	0.9616	0.5644
1305	0.5537	0.3816	1.0482	0.5747	0.9687	0.5685
1306	0.5469	0.3712	1.0529	0.571	0.9696	0.56
1307	0.5615	0.3884	1.0538	0.5831	0.9722	0.569
1308	0.5471	0.3731	1.0413	0.5706	0.961	0.5599
1309	0.5497	0.3776	1.0388	0.5727	0.9591	0.5636
1310	0.5502	0.3774	1.0409	0.5714	0.9597	0.5626
1311	0.5516	0.3749	1.056	0.5757	0.9708	0.5595
1312	0.545	0.3695	1.0448	0.5684	0.9606	0.5556
1313	0.5456	0.3721	1.0424	0.5699	0.9559	0.5571
1314	0.5458	0.3716	1.0462	0.5721	0.9587	0.5579
1315	0.5467	0.3739	1.0445	0.5695	0.96	0.5615
1316	0.5451	0.3703	1.0488	0.5686	0.964	0.5582
1317	0.5474	0.3732	1.0475	0.5721	0.9625	0.5598
1318	0.5452	0.3718	1.0429	0.5683	0.9609	0.5595
1319	0.5477	0.3726	1.0563	0.5741	0.9718	0.5609
1320	0.5495	0.3775	1.041	0.5698	0.9615	0.5641
1321	0.5466	0.3738	1.0391	0.5711	0.9586	0.5617
1322	0.5454	0.3714	1.0431	0.572	0.9584	0.5591
1323	0.545	0.3708	1.0491	0.5728	0.9611	0.5582
1324	0.5457	0.3715	1.0478	0.5729	0.9605	0.558
1325	0.5456	0.3706	1.0485	0.5723	0.9636	0.5599
1326	0.5447	0.3697	1.0477	0.5703	0.9638	0.5581
1327	0.546	0.3725	1.0475	0.5713	0.965	0.5613
1328	0.5479	0.3755	1.0488	0.5737	0.9663	0.5644
1329	0.5449	0.3698	1.052	0.5704	0.9697	0.5583
1330	0.5436	0.3704	1.0394	0.5676	0.9565	0.5587
1331	0.5443	0.3701	1.0482	0.5715	0.9628	0.5611
1332	0.5437	0.3693	1.0441	0.5702	0.9617	0.5601
1333	0.544	0.3698	1.0487	0.5709	0.9664	0.5608
1334	0.5442	0.371	1.0463	0.5701	0.9622	0.5589
1335	0.5474	0.3726	1.0597	0.5769	0.9739	0.561
1336	0.544	0.3694	1.0461	0.5688	0.9667	0.5583
1337	0.548	0.3737	1.0449	0.5737	0.9639	0.5605
1338	0.5504	0.3791	1.0471	0.5764	0.9661	0.5678
1339	0.5511	0.3792	1.0431	0.5737	0.9631	0.5663
1340	0.5461	0.3709	1.048	0.5725	0.965	0.5579
1341	0.5449	0.3707	1.0407	0.5699	0.958	0.5564
1342	0.5463	0.3727	1.0506	0.5744	0.9646	0.5619
1343	0.5462	0.3739	1.0414	0.571	0.9565	0.562
1344	0.5442	0.3714	1.04	0.5702	0.9547	0.5602
1345	0.5458	0.3717	1.0489	0.5742	0.9639	0.5608
1346	0.5442	0.3696	1.0484	0.5698	0.9655	0.5587
1347	0.5452	0.3703	1.0493	0.571	0.9657	0.5577
1348	0.5527	0.382	1.0471	0.5754	0.9679	0.569
1349	0.5435	0.3696	1.0471	0.5709	0.9645	0.5598
1350	0.5427	0.3687	1.0443	0.5697	0.9621	0.5581
1351	0.5435	0.3695	1.0421	0.5701	0.9616	0.5596
1352	0.5432	0.3696	1.044	0.5696	0.9626	0.5592
1353	0.5439	0.3696	1.0492	0.5706	0.9658	0.5589
1354	0.543	0.369	1.0493	0.5707	0.9665	0.5588
1355	0.5456	0.3732	1.0447	0.5732	0.9634	0.5593
1356	0.5435	0.3707	1.0452	0.5719	0.9626	0.5601
1357	0.5466	0.3741	1.0509	0.5746	0.9675	0.5641
1358	0.5463	0.3741	1.047	0.5729	0.9627	0.5635
1359	0.5448	0.3713	1.0477	0.5728	0.961	0.5594
1360	0.5439	0.37	1.0522	0.5719	0.9666	0.5583
1361	0.5469	0.3717	1.0608	0.5749	0.9762	0.5588
1362	0.5422	0.3696	1.0484	0.5695	0.9645	0.5586
1363	0.5442	0.3717	1.0553	0.5732	0.9713	0.5613
1364	0.5422	0.3702	1.0458	0.5691	0.9647	0.5607
1365	0.5444	0.372	1.0525	0.5735	0.969	0.5629
1366	0.5428	0.3697	1.047	0.5704	0.9633	0.5573
1367	0.5435	0.3701	1.0493	0.574	0.9637	0.557
1368	0.5481	0.3769	1.0449	0.5739	0.9639	0.5638
1369	0.5445	0.3732	1.044	0.5709	0.9637	0.5625
1370	0.5443	0.3704	1.0516	0.5714	0.9705	0.5588
1371	0.5447	0.3721	1.0491	0.5728	0.9657	0.5592
1372	0.5424	0.3697	1.0475	0.5707	0.9638	0.5584
1373	0.543	0.3702	1.0483	0.5712	0.9646	0.5583
1374	0.5442	0.3718	1.0511	0.5734	0.9695	0.5636
1375	0.5447	0.3734	1.0439	0.5699	0.9639	0.5634
1376	0.5419	0.3682	1.0523	0.5711	0.9701	0.5595
1377	0.5415	0.3687	1.0467	0.5707	0.9642	0.559
1378	0.5427	0.3694	1.0501	0.5722	0.9676	0.5592
1379	0.5408	0.3672	1.0463	0.5678	0.9663	0.5562
1380	0.5418	0.3684	1.0469	0.57	0.9658	0.5585
1381	0.5415	0.3676	1.0489	0.5698	0.9681	0.5579
1382	0.5445	0.3708	1.0515	0.5714	0.9712	0.5601
1383	0.5425	0.3701	1.0494	0.5704	0.9698	0.5604
1384	0.5434	0.3718	1.0456	0.5699	0.9654	0.5609
1385	0.5429	0.3689	1.051	0.5714	0.9693	0.556
1386	0.5423	0.3689	1.0498	0.5715	0.967	0.5574
1387	0.5434	0.3717	1.0481	0.5724	0.9655	0.5625
1388	0.5427	0.3714	1.0437	0.5708	0.9625	0.562
1389	0.5415	0.3689	1.0398	0.5702	0.9594	0.5592
1390	0.542	0.3691	1.0427	0.5707	0.963	0.5606
1391	0.5402	0.3677	1.0435	0.5687	0.9605	0.5587
1392	0.5407	0.3688	1.045	0.5681	0.9619	0.5589
1393	0.5411	0.3682	1.0494	0.5696	0.966	0.5582
1394	0.5412	0.3683	1.0464	0.5695	0.9653	0.5601
1395	0.5432	0.3704	1.0456	0.5703	0.9663	0.5607
1396	0.5424	0.371	1.0449	0.5688	0.9676	0.5619
1397	0.5416	0.3695	1.0489	0.5701	0.9704	0.5609
1398	0.5436	0.3714	1.0495	0.5718	0.9721	0.5605
1399	0.5494	0.3753	1.058	0.5765	0.9804	0.5627
1400	0.5441	0.3734	1.0393	0.5695	0.9634	0.5633
1401	0.5434	0.3719	1.0459	0.5718	0.967	0.5642
1402	0.5465	0.3736	1.0593	0.5759	0.9748	0.5622
1403	0.5436	0.3721	1.0493	0.5725	0.966	0.5597
1404	0.5439	0.3728	1.0504	0.5748	0.9683	0.565
1405	0.5424	0.3713	1.0445	0.57	0.9649	0.5621
1406	0.5407	0.3677	1.0452	0.5691	0.9613	0.5576
1407	0.544	0.3707	1.0512	0.5728	0.9663	0.5591
1408	0.5406	0.3676	1.0482	0.5697	0.9659	0.5594
1409	0.5409	0.3686	1.0461	0.5702	0.9653	0.5608
1410	0.541	0.3677	1.0532	0.5705	0.9714	0.5597
1411	0.5403	0.3688	1.0427	0.5667	0.9622	0.5579
1412	0.5434	0.3706	1.0526	0.5741	0.9691	0.5614
1413	0.5393	0.3663	1.0454	0.5671	0.965	0.5574
1414	0.5416	0.3682	1.0507	0.5721	0.9686	0.5598
1415	0.5403	0.3683	1.0399	0.5697	0.9589	0.5597
1416	0.5404	0.3681	1.0431	0.5711	0.9611	0.56
1417	0.5429	0.3724	1.0424	0.5688	0.9628	0.5626
1418	0.5396	0.3673	1.0417	0.565	0.9632	0.5576
1419	0.539	0.3654	1.0473	0.5679	0.9663	0.5568
1420	0.5431	0.3709	1.0507	0.5735	0.9677	0.5599
1421	0.5393	0.3673	1.0441	0.5671	0.9643	0.5593
1422	0.5403	0.3681	1.0484	0.5695	0.9696	0.5611
1423	0.5395	0.3668	1.0437	0.5661	0.9683	0.5596
1424	0.541	0.367	1.0521	0.5715	0.9753	0.5605
1425	0.5389	0.3665	1.0426	0.5679	0.9634	0.5575
1426	0.5398	0.3676	1.05	0.5706	0.9695	0.5595
1427	0.539	0.366	1.0474	0.5681	0.968	0.5579
1428	0.5393	0.3662	1.0476	0.5686	0.968	0.5577
1429	0.5391	0.3659	1.0497	0.5706	0.9679	0.5582
1430	0.5379	0.3657	1.0413	0.5669	0.9613	0.5566
1431	0.5407	0.3685	1.0532	0.5733	0.9717	0.562
1432	0.5386	0.3669	1.043	0.5664	0.9652	0.5587
1433	0.5389	0.3663	1.045	0.5692	0.9644	0.558
1434	0.5396	0.3664	1.0463	0.5711	0.9642	0.5593
1435	0.5447	0.3748	1.0422	0.5726	0.9645	0.5658
1436	0.5382	0.3652	1.0408	0.5666	0.9637	0.5589
1437	0.5387	0.3672	1.047	0.5696	0.9666	0.561
1438	0.5382	0.3672	1.041	0.5681	0.9598	0.559
1439	0.5384	0.3662	1.0458	0.569	0.9646	0.5587
1440	0.5382	0.3657	1.0458	0.5679	0.9651	0.5572
1441	0.5401	0.3676	1.0529	0.5723	0.9678	0.559
1442	0.5383	0.3671	1.0422	0.5666	0.9604	0.5568
1443	0.5394	0.3675	1.0525	0.5713	0.9695	0.5605
1444	0.5386	0.3658	1.0528	0.5711	0.9689	0.5583
1445	0.5403	0.3677	1.0544	0.5705	0.9697	0.5566
1446	0.5392	0.3668	1.0513	0.5708	0.9672	0.5579
1447	0.5366	0.3642	1.042	0.566	0.9618	0.5569
1448	0.5377	0.3662	1.0405	0.5676	0.9598	0.5569
1449	0.539	0.3665	1.0496	0.5703	0.9682	0.5576
1450	0.5398	0.369	1.0449	0.5668	0.9669	0.56
1451	0.5395	0.3679	1.0504	0.5713	0.9684	0.5595
1452	0.5526	0.382	1.0583	0.5838	0.9768	0.5693
1453	0.5385	0.3671	1.0449	0.5684	0.9679	0.5604
1454	0.538	0.3666	1.0483	0.5698	0.9692	0.5608
1455	0.5375	0.3659	1.047	0.5684	0.9666	0.5589
1456	0.5388	0.3672	1.0511	0.5707	0.9676	0.5584
1457	0.5421	0.3709	1.0558	0.5746	0.9716	0.5606
1458	0.5375	0.3663	1.0486	0.5679	0.9674	0.5581
1459	0.5373	0.3661	1.0477	0.5689	0.9658	0.5598
1460	0.537	0.3651	1.0489	0.5685	0.9665	0.5582
1461	0.5383	0.3662	1.0489	0.5698	0.9667	0.559
1462	0.5381	0.3678	1.0411	0.5651	0.9626	0.5583
1463	0.5377	0.3665	1.0489	0.5681	0.968	0.5579
1464	0.5371	0.366	1.0478	0.569	0.9652	0.5565
1465	0.5387	0.3671	1.0538	0.5725	0.9715	0.5591
1466	0.5392	0.3691	1.0414	0.5665	0.9651	0.5603
1467	0.5397	0.3685	1.0511	0.5722	0.9699	0.5622
1468	0.5389	0.3677	1.0444	0.5713	0.964	0.5607
1469	0.5398	0.3678	1.0401	0.5693	0.9642	0.5604
1470	0.5394	0.3675	1.0509	0.5731	0.9696	0.5616
1471	0.5388	0.3691	1.0411	0.5687	0.959	0.5603
1472	0.5385	0.3661	1.0504	0.5716	0.9672	0.5587
1473	0.5366	0.3649	1.0444	0.5687	0.963	0.5575
1474	0.5371	0.3653	1.0489	0.5701	0.9676	0.5586
1475	0.5369	0.3654	1.0467	0.5665	0.968	0.5585
1476	0.5379	0.3673	1.0502	0.5707	0.9674	0.5606
1477	0.5363	0.3658	1.0375	0.5663	0.9572	0.558
1478	0.5388	0.3674	1.0451	0.5731	0.9604	0.5582
1479	0.5372	0.3655	1.0448	0.5703	0.961	0.5574
1480	0.5373	0.3666	1.0386	0.5683	0.9583	0.558
1481	0.5392	0.3686	1.0461	0.5727	0.9648	0.5603
1482	0.5369	0.366	1.0411	0.5688	0.9585	0.5566
1483	0.5384	0.3676	1.0437	0.5708	0.961	0.5581
1484	0.5377	0.3686	1.0375	0.5671	0.959	0.5597
1485	0.5382	0.3666	1.0537	0.5735	0.9717	0.5605
1486	0.5464	0.375	1.0587	0.5768	0.9767	0.5632
1487	0.5463	0.3743	1.0568	0.5759	0.9742	0.5624
1488	0.5391	0.3694	1.0468	0.5698	0.9684	0.5619
1489	0.5443	0.3766	1.0475	0.5757	0.9706	0.569
1490	0.5363	0.3667	1.0379	0.5662	0.9605	0.5589
1491	0.5375	0.3668	1.0455	0.5714	0.9642	0.5576
1492	0.5359	0.364	1.0481	0.5703	0.9651	0.5564
1493	0.5371	0.3655	1.0434	0.5704	0.9614	0.5589
1494	0.5345	0.3633	1.0418	0.5675	0.9605	0.5561
1495	0.5346	0.3647	1.0405	0.5662	0.9581	0.5557
1496	0.5363	0.3654	1.0492	0.5709	0.9665	0.5581
1497	0.5343	0.3638	1.0424	0.5657	0.9629	0.5572
1498	0.54	0.3705	1.054	0.576	0.9721	0.5647
1499	0.5347	0.3635	1.0453	0.5666	0.9665	0.5583
