epoch:	train_RMSD:	train_MAE:	val_RMSD:	val_MAE:	test_RMSD:	test_MAE:
0	5.942	4.8015	5.9748	4.7775	5.965	4.8245
1	4.4678	3.3783	4.4725	3.2532	4.7491	3.4932
2	4.187	3.1872	4.2053	3.0701	4.3789	3.267
3	3.8914	2.9935	3.9329	2.8877	3.9993	3.0314
4	3.569	2.8759	3.6522	2.798	3.6271	2.885
5	3.4873	2.9175	3.5907	2.8643	3.5165	2.9067
6	3.4747	2.9081	3.5836	2.8702	3.4877	2.8833
7	3.4497	2.8514	3.5531	2.8064	3.4684	2.8365
8	3.4363	2.8152	3.5375	2.7669	3.4558	2.8025
9	3.3921	2.8098	3.4928	2.7553	3.4102	2.7948
10	3.3298	2.7292	3.4322	2.6748	3.3488	2.7186
11	3.2939	2.597	3.4006	2.5423	3.3172	2.6055
12	3.2335	2.5855	3.3325	2.5381	3.2681	2.5919
13	3.1937	2.5773	3.2909	2.5313	3.2287	2.5844
14	3.2103	2.5941	3.3053	2.5541	3.2532	2.6095
15	3.0743	2.4479	3.1781	2.3988	3.12	2.4682
16	2.9733	2.2987	3.0871	2.2581	3.0117	2.3153
17	2.9241	2.1906	3.0507	2.167	2.9617	2.2197
18	2.8789	2.2019	2.9956	2.1784	2.9312	2.2431
19	2.7672	2.0352	2.9024	2.0159	2.8062	2.0698
20	2.6848	1.9465	2.818	1.9113	2.7189	1.9713
21	2.6281	1.8814	2.7602	1.8496	2.6709	1.915
22	2.5866	1.8458	2.7179	1.8136	2.6164	1.866
23	2.6671	1.854	2.8077	1.8247	2.69	1.8599
24	2.708	1.8856	2.8527	1.8671	2.7384	1.8925
25	2.5088	1.7466	2.6583	1.7232	2.5328	1.7681
26	2.491	1.6926	2.6448	1.6746	2.5174	1.7101
27	2.45	1.6759	2.6044	1.6411	2.4783	1.6946
28	2.4245	1.6456	2.5796	1.6245	2.4455	1.6556
29	2.3981	1.6209	2.5556	1.593	2.4131	1.6308
30	2.355	1.5871	2.5143	1.5541	2.374	1.5915
31	2.3253	1.5673	2.483	1.533	2.3469	1.5738
32	2.2992	1.5254	2.4621	1.4988	2.3098	1.5288
33	2.2839	1.5376	2.4606	1.5152	2.3111	1.5451
34	2.285	1.5413	2.4441	1.5092	2.2976	1.5631
35	2.1417	1.4215	2.329	1.3913	2.1724	1.4344
36	2.115	1.4177	2.3197	1.3991	2.1503	1.4501
37	2.0413	1.3399	2.2832	1.3345	2.0999	1.3733
38	1.9838	1.298	2.2177	1.2909	2.0292	1.3269
39	1.9345	1.2697	2.1887	1.267	1.9868	1.3019
40	2.225	1.5799	2.4164	1.5659	2.2481	1.5995
41	1.9519	1.3121	2.187	1.3037	2.0077	1.3592
42	1.9698	1.3116	2.2359	1.3221	2.0439	1.3438
43	2.0326	1.3675	2.2961	1.3887	2.1019	1.3977
44	2.2774	1.5803	2.5242	1.6178	2.3327	1.6109
45	1.9203	1.2815	2.1521	1.2703	1.971	1.3189
46	2.1464	1.4939	2.3495	1.4913	2.1812	1.5238
47	2.0446	1.3819	2.3011	1.4021	2.1163	1.4163
48	2.0815	1.42	2.3383	1.4443	2.1572	1.4559
49	1.8344	1.217	2.1135	1.23	1.9273	1.265
50	1.803	1.194	2.0901	1.2092	1.8936	1.2415
51	1.8043	1.2011	2.0916	1.2203	1.8948	1.2513
52	1.7848	1.1859	2.0747	1.1986	1.887	1.2455
53	1.7772	1.2057	2.0624	1.2228	1.8582	1.2487
54	1.7338	1.1567	2.0162	1.1665	1.8281	1.2089
55	1.7352	1.1679	2.0261	1.1902	1.8152	1.2102
56	1.7183	1.156	2.0202	1.1792	1.8249	1.2097
57	1.7039	1.1321	2.0036	1.1566	1.7953	1.1843
58	1.6835	1.1295	1.9761	1.1468	1.7861	1.1802
59	1.67	1.1141	1.9741	1.1377	1.7677	1.1617
60	1.7332	1.1915	1.9983	1.1987	1.8114	1.2328
61	1.6717	1.1112	1.9483	1.1249	1.7632	1.166
62	1.7142	1.1506	2.0153	1.183	1.8226	1.2156
63	1.6604	1.1183	1.9459	1.1354	1.7528	1.1705
64	1.631	1.0915	1.9266	1.1121	1.7252	1.139
65	1.6213	1.0867	1.9243	1.107	1.7287	1.1377
66	1.609	1.0758	1.9112	1.0987	1.7122	1.1322
67	1.6078	1.0758	1.9104	1.1035	1.7041	1.1277
68	1.607	1.0765	1.9067	1.1017	1.7053	1.1235
69	1.5987	1.0621	1.8901	1.0797	1.6852	1.109
70	1.618	1.1042	1.9099	1.1171	1.7036	1.1426
71	1.5937	1.0653	1.8895	1.0857	1.6858	1.1154
72	1.577	1.0598	1.8749	1.076	1.6709	1.1047
73	1.6639	1.1344	1.9568	1.1597	1.7568	1.1817
74	1.594	1.0842	1.8769	1.0951	1.6962	1.1343
75	1.6116	1.1054	1.9005	1.1156	1.6968	1.1398
76	1.576	1.0573	1.8646	1.0777	1.6597	1.1052
77	1.5637	1.0517	1.8561	1.0738	1.6601	1.1062
78	1.5514	1.0424	1.8484	1.0613	1.6515	1.0916
79	1.5656	1.0579	1.8457	1.067	1.6559	1.1056
80	1.5843	1.078	1.8732	1.0944	1.6787	1.1201
81	1.5601	1.059	1.8349	1.0621	1.6455	1.1026
82	1.621	1.1142	1.9065	1.135	1.7123	1.1568
83	1.5425	1.0455	1.8295	1.0537	1.6359	1.0893
84	1.523	1.027	1.8167	1.0399	1.6149	1.0674
85	1.542	1.0486	1.8302	1.0693	1.6317	1.0858
86	1.5891	1.0966	1.8589	1.0903	1.6766	1.1215
87	1.5082	1.0192	1.7954	1.0366	1.5984	1.0635
88	1.5057	1.0198	1.7918	1.0272	1.6025	1.061
89	1.5035	1.0181	1.7925	1.0268	1.601	1.055
90	1.5307	1.0515	1.8252	1.078	1.6258	1.0942
91	1.5728	1.0806	1.8581	1.1019	1.6664	1.1223
92	1.4798	0.9943	1.7708	1.0164	1.5779	1.0437
93	1.5028	1.0256	1.778	1.0261	1.6074	1.0647
94	1.4658	0.9974	1.7466	1.005	1.5763	1.044
95	1.5068	1.037	1.7829	1.0459	1.6109	1.0866
96	1.4956	1.0198	1.7857	1.0465	1.5891	1.0587
97	1.6252	1.1577	1.9047	1.1832	1.717	1.1979
98	1.4534	0.9873	1.7447	1.0129	1.5577	1.0379
99	1.4389	0.9842	1.7346	1.0058	1.5504	1.0324
100	1.432	0.9813	1.7235	0.9989	1.5487	1.0309
101	1.431	0.9903	1.7302	1.0127	1.5483	1.0395
102	1.4358	0.9947	1.7312	1.0182	1.5511	1.0387
103	1.4282	0.9813	1.7197	1.0091	1.5345	1.0291
104	1.4535	1.0176	1.7482	1.0345	1.5774	1.0656
105	1.5237	1.0665	1.7969	1.0761	1.6294	1.1072
106	1.4766	1.0369	1.7515	1.0496	1.588	1.0751
107	1.4519	1.0117	1.731	1.0278	1.5646	1.057
108	1.5104	1.0838	1.7991	1.1129	1.6185	1.1276
109	1.481	1.0419	1.7664	1.0675	1.586	1.0835
110	1.4386	0.9996	1.7172	1.008	1.5569	1.0425
111	1.3878	0.9644	1.6813	0.9944	1.4985	1.0124
112	1.4013	0.9667	1.6857	0.9825	1.5188	1.0188
113	1.3695	0.9456	1.6688	0.9765	1.4817	0.9929
114	1.3878	0.9652	1.6807	0.9803	1.5154	1.0073
115	1.3537	0.936	1.6534	0.9631	1.4739	0.982
116	1.346	0.9326	1.6527	0.9702	1.4629	0.9822
117	1.3419	0.934	1.6471	0.9644	1.4604	0.982
118	1.3587	0.9551	1.6561	0.9869	1.4767	0.9991
119	1.4921	1.0806	1.7612	1.0872	1.5981	1.1116
120	1.3473	0.9308	1.6461	0.9614	1.4619	0.9762
121	1.3387	0.9327	1.6359	0.9545	1.4505	0.9719
122	1.3236	0.9258	1.6257	0.9603	1.4378	0.9663
123	1.3145	0.9215	1.618	0.953	1.4386	0.9675
124	1.3201	0.9256	1.6272	0.9564	1.4412	0.9698
125	1.3881	1.0006	1.6757	1.0297	1.5009	1.0465
126	1.3253	0.9359	1.6197	0.9689	1.4392	0.9765
127	1.3189	0.93	1.6165	0.9565	1.4298	0.9674
128	1.3228	0.9483	1.6327	0.9901	1.4396	0.9923
129	1.2987	0.9185	1.6162	0.9595	1.4139	0.9537
130	1.3974	1.0231	1.6923	1.0592	1.5101	1.0703
131	1.2902	0.9082	1.5972	0.9362	1.4045	0.9437
132	1.2768	0.9039	1.5843	0.9313	1.4005	0.9397
133	1.3014	0.9224	1.6181	0.9515	1.4263	0.9554
134	1.2898	0.9224	1.5866	0.9536	1.407	0.9653
135	1.2729	0.8919	1.5843	0.9343	1.388	0.9304
136	1.2462	0.872	1.5567	0.912	1.3656	0.9135
137	1.2887	0.9132	1.6047	0.9484	1.4	0.9448
138	1.2487	0.8882	1.5744	0.9356	1.3776	0.9373
139	1.2777	0.8987	1.5808	0.9322	1.3951	0.9331
140	1.3555	0.9746	1.6405	1.0072	1.4613	1.0113
141	1.427	1.0779	1.7245	1.1268	1.5468	1.1321
142	1.2366	0.87	1.5455	0.9071	1.3559	0.9007
143	1.2797	0.9041	1.5884	0.9376	1.3894	0.9277
144	1.215	0.8619	1.5316	0.9024	1.335	0.898
145	1.2157	0.8639	1.534	0.9088	1.3347	0.8998
146	1.2032	0.8481	1.5206	0.8886	1.3232	0.8852
147	1.2764	0.9225	1.5806	0.9649	1.3941	0.9634
148	1.2065	0.8474	1.5214	0.8918	1.3288	0.8846
149	1.2043	0.8497	1.5094	0.8836	1.329	0.888
150	1.2203	0.8634	1.546	0.9031	1.3427	0.894
151	1.2357	0.9014	1.5588	0.9481	1.3652	0.9416
152	1.2395	0.879	1.5457	0.9215	1.3601	0.9152
153	1.2265	0.8654	1.5293	0.9052	1.3517	0.9058
154	1.171	0.8354	1.5014	0.8791	1.3119	0.8765
155	1.1865	0.8467	1.5218	0.8959	1.3319	0.8918
156	1.1577	0.8181	1.485	0.8652	1.2877	0.8519
157	1.1752	0.8259	1.4997	0.8723	1.2992	0.8561
158	1.1976	0.8546	1.5131	0.8966	1.325	0.8901
159	1.2977	0.9633	1.5894	1.0041	1.4213	1.0068
160	1.1431	0.808	1.4863	0.8616	1.2869	0.8534
161	1.1952	0.852	1.527	0.9054	1.3258	0.8864
162	1.2311	0.9046	1.5502	0.9637	1.3665	0.9558
163	1.1411	0.806	1.4676	0.8553	1.2826	0.852
164	1.1785	0.8384	1.5003	0.8903	1.3125	0.8851
165	1.1593	0.8292	1.4921	0.888	1.2971	0.8767
166	1.1333	0.8121	1.4868	0.8715	1.286	0.8538
167	1.1381	0.8191	1.4788	0.8808	1.294	0.8742
168	1.1501	0.8293	1.4946	0.895	1.305	0.8896
169	1.1303	0.7991	1.4757	0.8558	1.2772	0.8436
170	1.1969	0.8822	1.5257	0.9465	1.345	0.9409
171	1.1919	0.849	1.5038	0.8948	1.3202	0.8831
172	1.1743	0.8411	1.4939	0.8958	1.3096	0.8867
173	1.1015	0.7758	1.4422	0.8316	1.2491	0.8228
174	1.1198	0.8117	1.4694	0.878	1.2824	0.8694
175	1.0984	0.7867	1.4447	0.8456	1.2535	0.8319
176	1.1411	0.8042	1.464	0.8571	1.2766	0.8446
177	1.1423	0.8128	1.4653	0.8667	1.2838	0.8637
178	1.091	0.7769	1.4392	0.8421	1.2483	0.8273
179	1.1019	0.7934	1.4495	0.8546	1.2581	0.8422
180	1.0858	0.7731	1.4448	0.8412	1.2442	0.8258
181	1.0786	0.7646	1.4357	0.8283	1.2373	0.8215
182	1.1261	0.8143	1.4743	0.8843	1.2784	0.8699
183	1.1966	0.8585	1.5328	0.9137	1.3343	0.89
184	1.1906	0.8481	1.5065	0.8988	1.3242	0.8796
185	1.1071	0.7885	1.4408	0.8535	1.2538	0.8359
186	1.0867	0.7696	1.4449	0.8379	1.2361	0.8121
187	1.1386	0.8412	1.4805	0.9181	1.2961	0.9069
188	1.1461	0.8165	1.4808	0.871	1.2812	0.8494
189	1.0816	0.7643	1.4306	0.8293	1.2337	0.8131
190	1.0919	0.7737	1.4285	0.8306	1.237	0.8241
191	1.0945	0.7756	1.4486	0.8404	1.2462	0.8207
192	1.1765	0.8796	1.5296	0.9688	1.334	0.9476
193	1.1063	0.7838	1.425	0.8314	1.2469	0.8298
194	1.071	0.7571	1.4127	0.8158	1.2208	0.8056
195	1.1049	0.7978	1.464	0.8814	1.2656	0.8527
196	1.1093	0.7882	1.4487	0.8464	1.2531	0.8266
197	1.0946	0.7806	1.4431	0.8527	1.2495	0.8386
198	1.0508	0.744	1.4192	0.8203	1.2128	0.8004
199	1.0667	0.7544	1.4225	0.8256	1.2213	0.8066
200	1.0843	0.7688	1.437	0.8388	1.2348	0.8159
201	1.0616	0.7557	1.4159	0.8238	1.2189	0.8056
202	1.0567	0.7587	1.4429	0.843	1.2293	0.8141
203	1.0834	0.7821	1.4608	0.869	1.2502	0.8417
204	1.0738	0.757	1.4198	0.8261	1.2175	0.8038
205	1.0594	0.7512	1.4099	0.8276	1.2098	0.8035
206	1.045	0.7489	1.4008	0.8187	1.2022	0.8008
207	1.0582	0.7569	1.4125	0.8328	1.2183	0.8114
208	1.1256	0.8083	1.4746	0.8721	1.2712	0.8458
209	1.1018	0.7919	1.4476	0.8699	1.2611	0.8524
210	1.0528	0.7398	1.4196	0.8147	1.2122	0.7874
211	1.0378	0.7365	1.4066	0.8216	1.2052	0.7994
212	1.0484	0.7469	1.4201	0.8272	1.2042	0.7959
213	1.0249	0.7228	1.3873	0.7972	1.1832	0.7763
214	1.0207	0.7208	1.3897	0.7959	1.1817	0.7745
215	1.0652	0.7547	1.4474	0.8357	1.2227	0.7957
216	1.2012	0.888	1.5197	0.9601	1.3459	0.9478
217	1.1039	0.8081	1.4478	0.8879	1.2601	0.8648
218	1.0313	0.7261	1.3795	0.7921	1.1847	0.7758
219	1.0231	0.7209	1.3983	0.8115	1.1872	0.781
220	1.0194	0.7197	1.3919	0.7947	1.1794	0.7689
221	1.0114	0.7115	1.3776	0.791	1.1812	0.7718
222	1.0273	0.726	1.3992	0.8084	1.1918	0.7786
223	1.004	0.7081	1.3805	0.7935	1.173	0.7692
224	1.0228	0.7191	1.3841	0.7921	1.182	0.7681
225	1.1	0.8004	1.4453	0.8789	1.2644	0.8693
226	1.0674	0.7618	1.4293	0.8344	1.2208	0.8036
227	1.0226	0.7181	1.3927	0.7949	1.1851	0.7716
228	1.032	0.7253	1.3751	0.7924	1.1849	0.7786
229	1.1183	0.8077	1.4579	0.8833	1.2688	0.8669
230	1.0526	0.7649	1.4363	0.8588	1.2306	0.8238
231	1.0205	0.7266	1.3752	0.802	1.1783	0.7783
232	1.0186	0.7155	1.377	0.793	1.1749	0.7683
233	1.0035	0.7108	1.3873	0.8006	1.1743	0.7729
234	1.0073	0.7124	1.3946	0.8074	1.1776	0.7692
235	1.0252	0.7218	1.3967	0.8016	1.1843	0.7683
236	1.0115	0.7142	1.3784	0.7935	1.1789	0.7737
237	0.9897	0.7027	1.369	0.7905	1.1633	0.7638
238	0.9855	0.6947	1.365	0.7792	1.1567	0.7511
239	1.001	0.7058	1.3666	0.7829	1.1669	0.7578
240	0.9762	0.6853	1.3579	0.772	1.1551	0.7509
241	0.977	0.6826	1.3552	0.7656	1.1491	0.7387
242	0.9746	0.6843	1.3501	0.7667	1.148	0.7434
243	0.9754	0.6828	1.3467	0.7639	1.1492	0.7397
244	1.0357	0.7382	1.3954	0.8284	1.2108	0.8133
245	0.9763	0.6855	1.3742	0.7776	1.1509	0.7427
246	1.0058	0.7218	1.3769	0.809	1.1879	0.7949
247	1.0077	0.7116	1.385	0.799	1.172	0.7604
248	0.9989	0.7101	1.3746	0.7995	1.1744	0.7797
249	0.996	0.6994	1.3573	0.7814	1.1559	0.7546
250	0.9906	0.7	1.3681	0.7878	1.1689	0.7659
251	0.964	0.6756	1.3462	0.7656	1.1402	0.7385
252	0.9676	0.6803	1.3435	0.7675	1.145	0.7483
253	0.9677	0.6789	1.3533	0.7718	1.1502	0.7454
254	0.9671	0.68	1.3526	0.7691	1.151	0.7461
255	1.0226	0.7327	1.3962	0.8284	1.2064	0.8129
256	0.9707	0.6859	1.3424	0.7699	1.1538	0.7564
257	0.988	0.7036	1.3589	0.7847	1.1561	0.7526
258	0.9573	0.6734	1.3357	0.76	1.1435	0.7437
259	1.0401	0.7471	1.408	0.8427	1.2213	0.8283
260	0.9714	0.6808	1.3372	0.7616	1.1462	0.7415
261	0.9528	0.6672	1.3523	0.7618	1.1456	0.7372
262	0.9643	0.678	1.3456	0.7708	1.1557	0.7605
263	0.9576	0.6741	1.3343	0.7656	1.1424	0.7418
264	0.9567	0.6696	1.3334	0.7576	1.1378	0.7394
265	0.9827	0.6963	1.3634	0.7928	1.1676	0.7736
266	0.9875	0.6952	1.3551	0.7774	1.1574	0.7467
267	1.0646	0.7748	1.4228	0.8668	1.2374	0.8511
268	0.9841	0.6932	1.3358	0.7688	1.1434	0.7444
269	1.0125	0.7184	1.3813	0.8113	1.1904	0.7916
270	0.9862	0.6955	1.3501	0.7778	1.151	0.7492
271	0.9484	0.6629	1.3267	0.7505	1.1281	0.7308
272	0.9532	0.6688	1.3203	0.7491	1.1268	0.7292
273	0.9398	0.6578	1.3179	0.7434	1.1256	0.7289
274	0.934	0.6544	1.3238	0.7471	1.1273	0.7305
275	0.9365	0.654	1.3167	0.7409	1.1214	0.7224
276	1.0545	0.7571	1.4103	0.8462	1.2358	0.8399
277	0.9916	0.6999	1.374	0.7875	1.1648	0.7536
278	1.0095	0.7215	1.3852	0.8162	1.1964	0.8083
279	0.9417	0.6601	1.3191	0.7484	1.1221	0.724
280	0.9615	0.679	1.3475	0.779	1.1493	0.7612
281	0.9629	0.6854	1.35	0.7781	1.1573	0.7682
282	0.9301	0.6544	1.3298	0.7516	1.1243	0.7311
283	0.933	0.6538	1.3226	0.7436	1.119	0.7198
284	0.9334	0.6586	1.3249	0.7508	1.1265	0.7319
285	0.9625	0.6835	1.3651	0.7854	1.1597	0.7652
286	0.9401	0.6555	1.3146	0.744	1.1203	0.727
287	0.9376	0.6561	1.3166	0.747	1.1261	0.7282
288	0.9198	0.6426	1.3049	0.7332	1.1069	0.7163
289	0.9231	0.6511	1.3226	0.7481	1.1245	0.7297
290	0.9307	0.6533	1.316	0.7379	1.123	0.7257
291	0.9564	0.6737	1.3397	0.7711	1.1535	0.7658
292	0.9301	0.6541	1.3077	0.7389	1.1235	0.7293
293	0.9232	0.6447	1.3012	0.7338	1.1065	0.7184
294	0.9157	0.6395	1.3127	0.7363	1.1145	0.7205
295	0.9591	0.6763	1.3334	0.7632	1.1308	0.7342
296	0.9638	0.6865	1.3719	0.7925	1.1677	0.777
297	0.9708	0.6859	1.3338	0.7741	1.1395	0.746
298	1.012	0.7226	1.3606	0.8087	1.1891	0.8008
299	0.9478	0.6721	1.3282	0.7649	1.1237	0.7339
300	0.981	0.719	1.3582	0.818	1.1806	0.8084
301	0.9245	0.6522	1.3082	0.7428	1.1131	0.7192
302	0.9186	0.6458	1.3179	0.7439	1.1141	0.72
303	0.9633	0.7025	1.3556	0.8003	1.1649	0.7876
304	0.9445	0.6696	1.3049	0.7478	1.1181	0.737
305	0.9183	0.6452	1.3047	0.7365	1.104	0.7139
306	0.9027	0.6321	1.3037	0.7297	1.1047	0.7196
307	0.9242	0.6494	1.327	0.7566	1.1195	0.7397
308	0.8989	0.6266	1.3008	0.723	1.1	0.7078
309	0.9058	0.6329	1.302	0.7282	1.1011	0.7056
310	0.9728	0.687	1.3559	0.7886	1.1702	0.784
311	0.9068	0.6356	1.291	0.7276	1.0947	0.7084
312	0.9232	0.6568	1.3161	0.7512	1.1284	0.7469
313	0.9069	0.6334	1.303	0.7209	1.1035	0.7114
314	0.9181	0.6443	1.3037	0.736	1.1079	0.7178
315	0.9028	0.6319	1.2977	0.7238	1.098	0.7056
316	0.8927	0.6214	1.3008	0.7198	1.1016	0.7063
317	0.9295	0.6578	1.3199	0.7539	1.1264	0.7334
318	0.8936	0.6236	1.2814	0.7128	1.0948	0.7037
319	0.9111	0.6409	1.3005	0.7347	1.1027	0.7116
320	0.8855	0.617	1.289	0.713	1.0931	0.7033
321	0.9318	0.6677	1.3204	0.7644	1.1351	0.7612
322	0.8865	0.616	1.281	0.7067	1.0833	0.6956
323	0.881	0.6131	1.2721	0.7004	1.0815	0.6954
324	0.889	0.6227	1.2816	0.7178	1.0984	0.7117
325	0.9016	0.6358	1.2841	0.7286	1.0928	0.707
326	0.8852	0.6182	1.284	0.7182	1.0901	0.7108
327	0.9664	0.6974	1.3562	0.7999	1.175	0.7944
328	0.8879	0.6185	1.2774	0.7102	1.0795	0.697
329	0.8809	0.6121	1.2741	0.7053	1.0814	0.6932
330	0.9087	0.6382	1.3156	0.7397	1.1201	0.7322
331	0.913	0.6489	1.3045	0.748	1.1206	0.7474
332	0.8749	0.6098	1.2723	0.7048	1.0803	0.6909
333	0.8853	0.622	1.2876	0.7199	1.0976	0.7184
334	0.9087	0.6374	1.2862	0.7271	1.0953	0.709
335	0.8841	0.6177	1.2758	0.7111	1.0767	0.6918
336	0.8742	0.6122	1.2811	0.7095	1.0868	0.7013
337	0.9544	0.6856	1.3351	0.7844	1.1501	0.7759
338	0.9279	0.6644	1.3013	0.7458	1.1133	0.7313
339	0.9435	0.6764	1.3221	0.7728	1.1393	0.7653
340	0.9437	0.6723	1.3179	0.7567	1.1246	0.7348
341	0.8709	0.6092	1.2807	0.704	1.0852	0.6996
342	0.8988	0.6311	1.2941	0.7279	1.1038	0.726
343	0.8874	0.6206	1.2949	0.7237	1.0961	0.7083
344	0.9356	0.6653	1.3145	0.7588	1.1232	0.7311
345	0.9508	0.6811	1.3343	0.7823	1.1431	0.7723
346	0.8896	0.6201	1.2818	0.7111	1.0852	0.6959
347	0.8804	0.6187	1.2797	0.7139	1.0849	0.707
348	0.8912	0.6229	1.3153	0.7314	1.1089	0.7242
349	0.8696	0.604	1.2728	0.7018	1.0777	0.6926
350	0.8769	0.6149	1.2789	0.7109	1.0884	0.7092
351	0.91	0.6535	1.3096	0.7493	1.1013	0.7235
352	0.8713	0.6136	1.2745	0.714	1.0819	0.7108
353	0.901	0.6365	1.2955	0.7317	1.0955	0.7139
354	0.8652	0.6019	1.2763	0.7088	1.0799	0.6996
355	0.8894	0.641	1.2994	0.7452	1.1178	0.7531
356	0.8637	0.6029	1.283	0.711	1.0834	0.7009
357	0.868	0.6049	1.2716	0.7073	1.0796	0.6981
358	0.8559	0.5961	1.2802	0.702	1.0752	0.6925
359	0.8614	0.6008	1.2904	0.7115	1.079	0.6921
360	0.8723	0.6178	1.2921	0.7261	1.0922	0.7191
361	0.9412	0.6669	1.3286	0.7671	1.1434	0.7638
362	0.9305	0.6657	1.2979	0.7506	1.1073	0.7308
363	0.8753	0.6188	1.2901	0.7215	1.0974	0.718
364	0.8984	0.6314	1.2942	0.7286	1.1051	0.7128
365	0.9731	0.705	1.3442	0.8051	1.169	0.8024
366	0.9392	0.6756	1.313	0.7607	1.1191	0.7425
367	0.8669	0.6078	1.2792	0.7041	1.0751	0.6949
368	0.8794	0.617	1.3038	0.7281	1.0936	0.7201
369	0.8571	0.599	1.2691	0.7028	1.0722	0.6928
370	0.8715	0.6063	1.2716	0.7086	1.0751	0.6923
371	0.8692	0.6096	1.3007	0.7187	1.0912	0.7089
372	0.8513	0.5914	1.248	0.6838	1.0649	0.6829
373	0.8825	0.6167	1.2728	0.7153	1.0973	0.7213
374	0.8508	0.592	1.2532	0.6903	1.0713	0.6835
375	0.875	0.625	1.2865	0.7277	1.1012	0.7297
376	0.8468	0.5918	1.2506	0.69	1.066	0.6923
377	0.8601	0.5994	1.2494	0.6965	1.0715	0.6938
378	0.8497	0.594	1.2572	0.6932	1.0687	0.6896
379	0.8856	0.6357	1.3091	0.7499	1.1144	0.7482
380	0.8652	0.603	1.2669	0.7018	1.0819	0.6999
381	0.8532	0.5918	1.2451	0.6902	1.0623	0.6839
382	0.8641	0.604	1.2592	0.7047	1.083	0.7097
383	0.8686	0.6144	1.2796	0.7141	1.0968	0.7189
384	0.8984	0.6308	1.2933	0.7311	1.0933	0.7122
385	1.0474	0.779	1.4292	0.8875	1.2474	0.877
386	0.9071	0.6522	1.3062	0.7568	1.1311	0.7612
387	0.8608	0.6016	1.2515	0.6969	1.0719	0.6852
388	0.9241	0.655	1.2987	0.7521	1.1181	0.7477
389	0.8562	0.5972	1.2431	0.6858	1.0664	0.6884
390	0.8459	0.5914	1.2577	0.6921	1.071	0.6909
391	0.8583	0.6031	1.2455	0.6968	1.0698	0.7033
392	0.8414	0.587	1.2444	0.6848	1.0601	0.6806
393	0.8403	0.5882	1.2597	0.6948	1.0662	0.6953
394	0.8449	0.5877	1.2419	0.6843	1.0621	0.681
395	0.8354	0.578	1.2485	0.6859	1.0563	0.6801
396	0.8295	0.5753	1.2428	0.6777	1.0564	0.6779
397	0.8461	0.5937	1.2569	0.6994	1.0682	0.6998
398	0.8381	0.5839	1.2451	0.69	1.0529	0.6791
399	0.8295	0.5779	1.2517	0.6822	1.057	0.6813
400	0.8401	0.5941	1.2594	0.7048	1.0722	0.7086
401	0.8529	0.6012	1.2427	0.7013	1.0655	0.6902
402	0.9288	0.6703	1.3303	0.7813	1.1525	0.781
403	0.8526	0.5977	1.2632	0.7017	1.068	0.6866
404	0.8694	0.6107	1.2653	0.7136	1.0801	0.7065
405	0.8267	0.574	1.2459	0.6821	1.0477	0.6679
406	0.8303	0.5739	1.2322	0.6784	1.0519	0.6782
407	0.8711	0.6151	1.2611	0.7072	1.0687	0.6917
408	0.8601	0.6133	1.2798	0.7181	1.0888	0.7215
409	0.8288	0.5744	1.2453	0.6784	1.0479	0.6696
410	0.8889	0.6344	1.2818	0.7387	1.1049	0.7395
411	0.8629	0.6073	1.2504	0.7048	1.0651	0.6887
412	0.9106	0.6504	1.3078	0.759	1.1215	0.7574
413	0.8534	0.5983	1.2467	0.6949	1.0642	0.6902
414	0.8235	0.5713	1.2281	0.6725	1.0474	0.6723
415	0.86	0.6039	1.2823	0.7214	1.0893	0.7194
416	0.8394	0.5848	1.2476	0.6909	1.06	0.6839
417	0.8393	0.5847	1.2412	0.6866	1.0582	0.6888
418	0.8437	0.5888	1.2619	0.6983	1.0672	0.6922
419	0.8279	0.5776	1.2347	0.6837	1.0482	0.6714
420	0.8366	0.5886	1.254	0.694	1.0704	0.6996
421	0.8177	0.5659	1.2265	0.672	1.0414	0.6683
422	0.8124	0.5611	1.2259	0.6633	1.0417	0.6676
423	0.8171	0.5641	1.2245	0.6639	1.037	0.6638
424	0.8404	0.5906	1.2399	0.6914	1.0504	0.6791
425	0.9313	0.6783	1.3242	0.789	1.1467	0.7891
426	0.8918	0.6342	1.2821	0.7332	1.0931	0.7153
427	0.9434	0.6877	1.3123	0.7847	1.1392	0.7816
428	0.8482	0.5926	1.2722	0.6966	1.0717	0.6861
429	0.839	0.5915	1.2501	0.7008	1.0652	0.6925
430	0.8346	0.5846	1.2403	0.6813	1.0653	0.6894
431	0.815	0.5651	1.2368	0.6711	1.0373	0.6659
432	0.8117	0.5614	1.2271	0.6639	1.0402	0.662
433	0.8275	0.5768	1.2613	0.686	1.0686	0.6895
434	0.8378	0.5934	1.2423	0.6989	1.0672	0.7075
435	0.841	0.5975	1.2432	0.6975	1.0539	0.6856
436	0.8718	0.6195	1.2962	0.7323	1.1005	0.7338
437	0.8086	0.562	1.2553	0.6784	1.0416	0.6725
438	0.8245	0.5749	1.2594	0.6854	1.0451	0.6722
439	0.8038	0.5579	1.2351	0.6697	1.0351	0.6696
440	0.8202	0.5734	1.2527	0.6883	1.0536	0.685
441	0.8036	0.5599	1.2232	0.6742	1.0363	0.6658
442	0.8096	0.5644	1.2406	0.6774	1.037	0.6661
443	0.8138	0.5704	1.234	0.6787	1.0473	0.6868
444	0.8146	0.5681	1.2465	0.6836	1.056	0.6831
445	0.8134	0.5711	1.2253	0.681	1.0409	0.6834
446	0.811	0.563	1.2353	0.6767	1.0443	0.6756
447	0.8124	0.5651	1.2337	0.6794	1.0428	0.6633
448	0.9115	0.6567	1.2986	0.7639	1.1294	0.7676
449	0.8976	0.6449	1.2929	0.7428	1.1019	0.7269
450	0.8377	0.5952	1.2531	0.7067	1.0682	0.7078
451	0.8111	0.5685	1.2449	0.6787	1.0534	0.6741
452	0.8023	0.5585	1.2463	0.6747	1.0379	0.6665
453	0.8394	0.5937	1.2563	0.7025	1.0509	0.6863
454	0.7983	0.5553	1.2361	0.6713	1.0265	0.6584
455	0.7973	0.5576	1.2287	0.6757	1.0324	0.6707
456	0.7921	0.5466	1.2226	0.6637	1.0253	0.6543
457	0.7946	0.5515	1.2147	0.6585	1.0263	0.6604
458	0.8103	0.5666	1.2172	0.6703	1.0278	0.6624
459	0.7928	0.5525	1.2206	0.6664	1.0314	0.6653
460	0.7954	0.5549	1.2294	0.6696	1.042	0.6696
461	0.809	0.5595	1.2516	0.6751	1.0442	0.673
462	0.8085	0.5592	1.2113	0.671	1.0308	0.6662
463	0.806	0.555	1.2212	0.6681	1.0311	0.6646
464	0.8029	0.5633	1.2364	0.6756	1.0482	0.6805
465	0.7948	0.5503	1.207	0.6553	1.0301	0.6596
466	0.8131	0.5619	1.2188	0.6761	1.04	0.6735
467	0.7949	0.5529	1.2236	0.6647	1.0364	0.6641
468	0.8523	0.6105	1.2734	0.7225	1.0832	0.7261
469	0.8349	0.5904	1.2433	0.6949	1.0573	0.6881
470	0.8299	0.592	1.2522	0.7048	1.0657	0.7132
471	0.8194	0.5782	1.2294	0.6898	1.042	0.6801
472	0.8031	0.5604	1.2553	0.6849	1.0526	0.6844
473	0.7883	0.5472	1.2326	0.6693	1.0338	0.6666
474	0.7954	0.5519	1.2113	0.6607	1.0269	0.6581
475	0.8262	0.577	1.2277	0.6823	1.0455	0.6833
476	0.8082	0.5658	1.2323	0.6714	1.0389	0.6659
477	0.8178	0.5846	1.2472	0.6989	1.0619	0.7033
478	0.7924	0.5504	1.2192	0.6668	1.0345	0.6708
479	0.8101	0.5656	1.2375	0.6818	1.049	0.6823
480	0.779	0.5406	1.2206	0.6583	1.0264	0.659
481	0.8779	0.6268	1.2677	0.7257	1.0796	0.7085
482	0.8606	0.6122	1.2759	0.7256	1.0894	0.7249
483	0.8433	0.595	1.2606	0.6956	1.0653	0.6867
484	0.8127	0.5663	1.2196	0.6754	1.0357	0.6666
485	0.8201	0.5766	1.2354	0.6857	1.0592	0.6931
486	0.8144	0.5724	1.2405	0.689	1.0468	0.6734
487	0.7998	0.5591	1.2571	0.6783	1.0531	0.6798
488	0.798	0.5573	1.223	0.6733	1.0445	0.6789
489	0.7883	0.5451	1.2073	0.6634	1.0202	0.6523
490	0.7862	0.5474	1.232	0.6656	1.0344	0.6643
491	0.8002	0.5634	1.25	0.6837	1.0499	0.6864
492	0.7893	0.5483	1.2203	0.6668	1.0231	0.6553
493	0.8032	0.5608	1.24	0.6771	1.0319	0.6627
494	0.7791	0.5454	1.2276	0.6651	1.027	0.6641
495	0.7812	0.5443	1.2216	0.6638	1.0314	0.661
496	0.7844	0.5458	1.2104	0.662	1.011	0.6473
497	0.7814	0.5365	1.1997	0.6561	1.0135	0.6506
498	0.7787	0.5424	1.2205	0.6648	1.0277	0.6537
499	0.796	0.5653	1.2301	0.6819	1.0419	0.6857
500	0.8073	0.5662	1.2187	0.6785	1.029	0.6671
501	0.7767	0.5381	1.2056	0.6553	1.0071	0.6451
502	0.7796	0.5458	1.222	0.6669	1.024	0.664
503	0.7743	0.5327	1.2093	0.6548	1.0218	0.6506
504	0.7725	0.5333	1.1913	0.6488	1.0143	0.647
505	0.7696	0.5313	1.1898	0.6436	1.012	0.6452
506	0.8218	0.5782	1.2271	0.6875	1.0544	0.6932
507	0.7817	0.5383	1.212	0.6561	1.0216	0.6485
508	0.7922	0.5544	1.2174	0.6717	1.0351	0.6739
509	0.7857	0.5486	1.2148	0.6659	1.0262	0.6616
510	0.7871	0.5471	1.2284	0.6709	1.0324	0.6692
511	0.8242	0.5826	1.2433	0.6935	1.0588	0.6826
512	0.7776	0.5348	1.2038	0.6576	1.0169	0.6501
513	0.8186	0.5735	1.2386	0.6876	1.0528	0.6883
514	0.7767	0.5412	1.211	0.6586	1.0195	0.6544
515	0.7704	0.5346	1.2075	0.6561	1.0175	0.6528
516	0.77	0.533	1.2101	0.6575	1.015	0.6524
517	0.7675	0.5294	1.1956	0.6488	1.0102	0.6496
518	0.8061	0.564	1.2371	0.6803	1.0421	0.6691
519	0.8241	0.586	1.2546	0.7054	1.0793	0.7159
520	0.7984	0.5555	1.2052	0.6676	1.0251	0.6597
521	0.7666	0.53	1.2007	0.6491	1.0093	0.6433
522	0.799	0.5586	1.2351	0.6725	1.0486	0.6779
523	0.7942	0.5626	1.2061	0.6786	1.0363	0.676
524	0.8186	0.5769	1.2293	0.6921	1.0566	0.6893
525	0.7916	0.5585	1.2087	0.6759	1.0334	0.681
526	0.7972	0.5681	1.2103	0.6788	1.031	0.6714
527	0.7596	0.5251	1.1814	0.6451	1.0094	0.6467
528	0.7778	0.5443	1.1937	0.6623	1.0191	0.6537
529	0.7755	0.5435	1.1913	0.6621	1.0234	0.6706
530	0.7629	0.5346	1.201	0.6577	1.0267	0.6645
531	0.7783	0.5524	1.2108	0.6712	1.0343	0.6823
532	0.7657	0.5286	1.1868	0.6488	1.0112	0.6451
533	0.7966	0.5601	1.2092	0.6749	1.0422	0.6811
534	0.7639	0.5342	1.1999	0.6548	1.0266	0.6643
535	0.7568	0.5239	1.1741	0.6415	1.0034	0.6449
536	0.8633	0.6405	1.2434	0.7412	1.0766	0.73
537	0.8638	0.6398	1.2663	0.7514	1.1045	0.7595
538	0.8098	0.5719	1.2333	0.6832	1.0457	0.675
539	0.7711	0.5463	1.1986	0.662	1.0285	0.6738
540	0.7593	0.5235	1.1824	0.6423	1.0071	0.6465
541	0.7692	0.536	1.2008	0.6566	1.015	0.6522
542	0.8153	0.5959	1.249	0.7166	1.0745	0.7283
543	0.7632	0.529	1.1782	0.651	1.0064	0.6458
544	0.817	0.5801	1.2137	0.6897	1.0514	0.6975
545	0.7881	0.5534	1.1995	0.6643	1.0242	0.6555
546	0.7635	0.5339	1.2057	0.6591	1.0202	0.664
547	0.7608	0.5295	1.1943	0.649	1.0136	0.6452
548	0.7595	0.5293	1.2115	0.6591	1.0252	0.6614
549	0.7494	0.5155	1.1891	0.6364	1.0101	0.6383
550	0.7446	0.515	1.1791	0.6401	1.0045	0.6449
551	0.7445	0.5133	1.1925	0.643	1.005	0.6415
552	0.7607	0.5319	1.1981	0.6547	1.0198	0.6529
553	0.7579	0.5309	1.181	0.6498	1.0132	0.6593
554	0.7578	0.5258	1.1719	0.6402	1.0008	0.6401
555	0.7575	0.5258	1.1618	0.6427	0.9974	0.6374
556	0.8452	0.6051	1.2488	0.7213	1.0836	0.7242
557	0.8607	0.6201	1.2226	0.7125	1.0604	0.709
558	0.8502	0.6072	1.2599	0.7244	1.0806	0.7236
559	0.7887	0.5544	1.2118	0.6716	1.0284	0.667
560	0.7599	0.5287	1.2062	0.6583	1.0087	0.652
561	0.7659	0.5338	1.1983	0.6575	1.0076	0.644
562	0.8153	0.5802	1.2626	0.7111	1.064	0.708
563	0.8382	0.5932	1.2545	0.7042	1.0628	0.6905
564	0.769	0.5353	1.1932	0.6582	1.0238	0.6652
565	0.7486	0.5198	1.1758	0.6436	1.0009	0.6378
566	0.7561	0.5253	1.1876	0.6478	1.0125	0.6465
567	0.7578	0.5308	1.2016	0.6567	1.021	0.6643
568	0.7609	0.5331	1.1865	0.6484	1.0091	0.6453
569	0.7695	0.5391	1.1856	0.6576	1.0202	0.6657
570	0.8438	0.6173	1.2311	0.7127	1.0602	0.7103
571	0.8353	0.61	1.2491	0.7277	1.0769	0.7337
572	0.7358	0.5107	1.1688	0.6329	0.9965	0.638
573	0.7534	0.5228	1.1785	0.6466	0.9993	0.6437
574	0.7444	0.5157	1.1662	0.641	0.9939	0.6433
575	0.7448	0.5182	1.1786	0.6424	1.001	0.6409
576	0.7511	0.5277	1.1801	0.6531	1.014	0.656
577	0.7415	0.5172	1.1824	0.6394	1.0048	0.6466
578	0.769	0.529	1.1608	0.6449	1.0022	0.6437
579	0.76	0.5297	1.1688	0.6485	1.0051	0.6483
580	0.7523	0.5291	1.1921	0.6597	1.0165	0.6595
581	0.7464	0.5248	1.1921	0.6532	1.0076	0.6515
582	0.7341	0.5096	1.1676	0.6378	0.9956	0.6356
583	0.7353	0.5064	1.1548	0.6267	0.9892	0.6312
584	0.7355	0.5126	1.1679	0.6341	0.996	0.6395
585	0.7546	0.5291	1.1897	0.65	1.0165	0.6622
586	0.7311	0.5043	1.1536	0.6292	0.989	0.6278
587	0.7829	0.5436	1.1774	0.6585	1.0227	0.6629
588	0.729	0.5049	1.1656	0.6332	0.9935	0.631
589	0.7408	0.5189	1.1902	0.6504	1.0141	0.6548
590	0.7363	0.5162	1.1806	0.6425	1.0067	0.6534
591	0.7571	0.5364	1.1823	0.6565	1.0077	0.6523
592	0.744	0.5263	1.1819	0.6536	1.0102	0.6624
593	0.7577	0.5316	1.1747	0.6557	1.0076	0.6486
594	0.7848	0.5539	1.2096	0.6803	1.0323	0.6789
595	0.7582	0.5313	1.1861	0.6519	1.0199	0.6545
596	0.7479	0.5275	1.1817	0.6543	1.0158	0.666
597	0.7391	0.5197	1.1762	0.6422	0.9977	0.6392
598	0.7613	0.5499	1.203	0.6741	1.0272	0.6841
599	0.7274	0.5031	1.1683	0.6383	0.9922	0.6324
600	0.7541	0.5262	1.1888	0.6564	1.0096	0.6539
601	0.7451	0.5363	1.1914	0.6623	1.0175	0.6759
602	0.7432	0.5226	1.1863	0.6479	1.0111	0.6524
603	0.7589	0.5343	1.2044	0.6644	1.0264	0.6657
604	0.7484	0.5234	1.1747	0.6503	1.0042	0.6522
605	0.733	0.5114	1.1646	0.6355	0.9913	0.6386
606	0.731	0.5094	1.1811	0.6403	1.0038	0.6458
607	0.7461	0.5316	1.1836	0.6559	1.0168	0.6675
608	0.7232	0.5009	1.171	0.6322	0.9922	0.6319
609	0.7421	0.516	1.1744	0.6404	0.9972	0.6413
610	0.729	0.5055	1.163	0.6352	0.994	0.6348
611	0.7333	0.5088	1.1775	0.6302	1.0029	0.6411
612	0.7273	0.5057	1.1645	0.6374	0.9921	0.6327
613	0.8674	0.6338	1.2707	0.7566	1.1076	0.755
614	0.7913	0.5639	1.1969	0.6765	1.0304	0.6737
615	0.7445	0.5192	1.1633	0.641	1.0018	0.651
616	0.7338	0.5115	1.1862	0.6466	1.007	0.6429
617	0.7317	0.5169	1.1796	0.6508	1.005	0.6567
618	0.72	0.4994	1.1606	0.6293	0.9893	0.6352
619	0.7372	0.5214	1.1761	0.6472	1.0056	0.6442
620	0.7241	0.5043	1.1643	0.632	0.9922	0.6414
621	0.7139	0.4952	1.1492	0.6253	0.9858	0.6313
622	0.7202	0.5017	1.1494	0.6322	0.9983	0.6405
623	0.7391	0.5173	1.1582	0.6408	0.9993	0.6423
624	0.7954	0.5666	1.2156	0.6881	1.0532	0.6983
625	0.7661	0.5411	1.1746	0.6552	1.0271	0.6614
626	0.7588	0.5359	1.1703	0.6596	1.0202	0.6694
627	0.716	0.4964	1.1374	0.6265	0.9824	0.6249
628	0.7128	0.4945	1.1409	0.6215	0.9891	0.6304
629	0.7178	0.4982	1.1423	0.626	0.9852	0.6332
630	0.7437	0.5194	1.1739	0.6505	1.0164	0.659
631	0.7088	0.4914	1.1435	0.6188	0.9857	0.6297
632	0.7174	0.5004	1.163	0.6278	0.9941	0.6404
633	0.7136	0.4972	1.1758	0.6318	0.9922	0.6362
634	0.7516	0.534	1.1732	0.6518	1.0076	0.6498
635	0.7306	0.5096	1.1558	0.6369	0.9926	0.6448
636	0.7482	0.5293	1.1627	0.652	0.9998	0.6452
637	0.7707	0.5509	1.2051	0.6787	1.0367	0.6917
638	0.7295	0.5115	1.1516	0.6332	0.9947	0.639
639	0.7159	0.4959	1.1492	0.6293	0.9851	0.6342
640	0.799	0.5722	1.2133	0.7027	1.0496	0.7053
641	0.742	0.5214	1.1935	0.6436	1.0047	0.6408
642	0.7909	0.5773	1.2261	0.7077	1.0479	0.7123
643	0.7841	0.5594	1.1924	0.6671	1.0215	0.6644
644	0.7108	0.4939	1.1557	0.6285	0.9821	0.6333
645	0.719	0.4977	1.1485	0.629	0.9837	0.6282
646	0.7125	0.4972	1.1638	0.6245	0.9874	0.6266
647	0.7219	0.5007	1.1488	0.6232	0.9825	0.6311
648	0.7545	0.534	1.1811	0.6635	1.0093	0.6669
649	0.7265	0.5111	1.1606	0.631	0.9857	0.6318
650	0.7219	0.5003	1.1698	0.6338	0.9833	0.634
651	0.7116	0.4911	1.1552	0.626	0.9798	0.6274
652	0.7217	0.5039	1.1738	0.6292	0.9968	0.6366
653	0.7206	0.5079	1.1716	0.6399	0.9978	0.6517
654	0.7616	0.5393	1.1624	0.6562	1.0073	0.6539
655	0.7341	0.5108	1.1716	0.6448	0.996	0.6438
656	0.7056	0.4873	1.1586	0.622	0.9832	0.6283
657	0.7379	0.518	1.1846	0.6503	1.0185	0.6529
658	0.757	0.5451	1.1939	0.6844	1.0332	0.6896
659	0.6976	0.4831	1.141	0.615	0.9785	0.6233
660	0.7407	0.5246	1.1447	0.6416	0.9943	0.6423
661	0.7273	0.5132	1.1627	0.6435	1.0084	0.6534
662	0.7145	0.4988	1.1493	0.6314	0.9876	0.6294
663	0.703	0.4875	1.163	0.6242	0.9822	0.6298
664	0.6996	0.4859	1.1492	0.618	0.9726	0.6208
665	0.7495	0.5413	1.1895	0.6718	1.0271	0.6887
666	0.7774	0.5528	1.1877	0.6708	1.0266	0.6681
667	0.7478	0.5323	1.183	0.6646	1.0211	0.6761
668	0.7158	0.4985	1.1353	0.6266	0.9834	0.6336
669	0.7651	0.5512	1.1776	0.6665	1.0216	0.6644
670	0.7706	0.5643	1.205	0.6952	1.0366	0.7032
671	0.6926	0.4812	1.1327	0.6103	0.969	0.6166
672	0.7184	0.5076	1.1505	0.6398	0.9888	0.6471
673	0.6908	0.4785	1.1296	0.6076	0.96	0.6104
674	0.692	0.4808	1.139	0.6154	0.9718	0.6224
675	0.6961	0.4858	1.1423	0.6236	0.9814	0.6357
676	0.7025	0.492	1.1344	0.6205	0.9779	0.631
677	0.6836	0.4724	1.1332	0.6079	0.9688	0.6161
678	0.6906	0.478	1.1501	0.6165	0.9759	0.6248
679	0.7038	0.4869	1.1601	0.6232	0.9812	0.6254
680	0.6904	0.4777	1.141	0.6211	0.9698	0.6193
681	0.696	0.4844	1.1468	0.6252	0.9759	0.6307
682	0.6907	0.4793	1.1479	0.6207	0.9781	0.624
683	0.6942	0.4799	1.1498	0.6212	0.9779	0.6244
684	0.685	0.4739	1.1337	0.6134	0.9687	0.619
685	0.6895	0.4816	1.1501	0.6214	0.9799	0.6321
686	0.6973	0.4877	1.1667	0.6259	0.9841	0.6287
687	0.7071	0.5013	1.1581	0.6397	0.9923	0.6477
688	0.6843	0.4746	1.1279	0.6145	0.9658	0.6173
689	0.6994	0.4872	1.1576	0.6251	0.9902	0.6353
690	0.706	0.4942	1.16	0.6317	0.9902	0.6336
691	0.7182	0.507	1.1771	0.6446	0.9963	0.6494
692	0.692	0.4803	1.1348	0.6134	0.9637	0.617
693	0.6862	0.4768	1.1473	0.6107	0.9723	0.6208
694	0.6873	0.4807	1.1426	0.62	0.9805	0.6275
695	0.6928	0.4849	1.1415	0.6191	0.9785	0.6343
696	0.694	0.4839	1.1595	0.628	0.9812	0.634
697	0.7024	0.487	1.1408	0.6157	0.9658	0.6217
698	0.7241	0.5195	1.1563	0.6465	0.981	0.6424
699	0.7299	0.5328	1.1724	0.6685	1.0136	0.6791
700	0.6872	0.4775	1.1404	0.6177	0.974	0.6294
701	0.6815	0.4737	1.1391	0.6149	0.9727	0.6254
702	0.7042	0.4949	1.1369	0.626	0.9788	0.6283
703	0.7141	0.5005	1.1615	0.6408	0.9926	0.646
704	0.6957	0.4872	1.1412	0.6218	0.9862	0.6288
705	0.7106	0.5025	1.1442	0.6389	0.991	0.6468
706	0.7079	0.4985	1.1287	0.6239	0.9744	0.6278
707	0.695	0.4836	1.1343	0.6189	0.9763	0.6284
708	0.6817	0.4772	1.1265	0.6151	0.9755	0.6251
709	0.6923	0.4801	1.1358	0.6124	0.9818	0.6222
710	0.7178	0.5093	1.166	0.6528	1.0073	0.6617
711	0.7021	0.4933	1.1301	0.6213	0.9727	0.63
712	0.6899	0.4819	1.1382	0.6155	0.9814	0.6277
713	0.6738	0.4646	1.1348	0.6053	0.9659	0.6103
714	0.6779	0.467	1.1286	0.6087	0.9646	0.6092
715	0.7395	0.5232	1.167	0.6627	1.0091	0.6665
716	0.6704	0.4658	1.1134	0.6059	0.9646	0.6179
717	0.6695	0.462	1.1156	0.6037	0.9625	0.6114
718	0.6741	0.4638	1.1219	0.608	0.9645	0.6163
719	0.7018	0.5009	1.1287	0.6279	0.9802	0.6324
720	0.7051	0.5031	1.1465	0.6447	0.9922	0.6528
721	0.6686	0.4634	1.1126	0.6034	0.9623	0.6119
722	0.6783	0.4723	1.1062	0.6024	0.9546	0.6073
723	0.7163	0.5103	1.1602	0.6556	0.9983	0.6603
724	0.6732	0.4651	1.129	0.6032	0.9601	0.6088
725	0.6697	0.4676	1.1348	0.6136	0.9715	0.6268
726	0.6817	0.4768	1.1439	0.6249	0.9873	0.6389
727	0.6899	0.4811	1.1384	0.6177	0.9852	0.6286
728	0.6766	0.4727	1.1215	0.6107	0.969	0.6252
729	0.7237	0.5176	1.1388	0.6339	0.9916	0.6464
730	0.7543	0.5386	1.1844	0.6747	1.0313	0.6845
731	0.687	0.478	1.1284	0.61	0.9733	0.6212
732	0.6656	0.4602	1.1051	0.6015	0.9596	0.6142
733	0.6635	0.4604	1.1062	0.6013	0.9579	0.6111
734	0.662	0.4567	1.1041	0.6061	0.9505	0.6065
735	0.6778	0.4732	1.115	0.6126	0.9652	0.6142
736	0.6839	0.4799	1.123	0.6225	0.9759	0.6332
737	0.6768	0.4726	1.1058	0.6079	0.9647	0.6181
738	0.6693	0.4687	1.1068	0.6092	0.964	0.6122
739	0.686	0.4833	1.1201	0.6235	0.9778	0.635
740	0.6676	0.4643	1.11	0.6085	0.9641	0.6144
741	0.6808	0.479	1.1339	0.6246	0.987	0.6347
742	0.694	0.493	1.1404	0.6435	0.9892	0.6432
743	0.6782	0.4749	1.117	0.6207	0.9692	0.6265
744	0.6817	0.4788	1.1258	0.6296	0.9787	0.6279
745	0.6782	0.4733	1.1043	0.6023	0.9614	0.6106
746	0.6671	0.4667	1.1142	0.6165	0.9663	0.6245
747	0.6768	0.4715	1.1205	0.6205	0.9669	0.6284
748	0.6759	0.4723	1.1036	0.6084	0.9616	0.6161
749	0.6794	0.4702	1.0945	0.6064	0.9609	0.6115
750	0.6896	0.483	1.1255	0.6274	0.9719	0.6323
751	0.702	0.4973	1.1297	0.63	0.9821	0.633
752	0.6618	0.4584	1.099	0.5999	0.9623	0.6104
753	0.6716	0.4676	1.1277	0.6198	0.9743	0.6289
754	0.6763	0.4727	1.1164	0.6146	0.9648	0.6162
755	0.7444	0.5455	1.1773	0.6916	1.0169	0.6906
756	0.7561	0.5547	1.1581	0.6748	1.0134	0.6769
757	0.6757	0.4764	1.12	0.618	0.9668	0.631
758	0.6773	0.4756	1.1312	0.6253	0.9753	0.6376
759	0.7252	0.5255	1.1416	0.6479	0.9933	0.6526
760	0.675	0.4715	1.1384	0.6251	0.9669	0.6271
761	0.7049	0.4978	1.1378	0.6308	0.9876	0.6347
762	0.6962	0.4958	1.1454	0.6453	0.9896	0.6528
763	0.6708	0.4722	1.128	0.6177	0.9637	0.6195
764	0.6516	0.4508	1.1032	0.5988	0.9543	0.608
765	0.6604	0.4595	1.1203	0.6055	0.9682	0.6178
766	0.6564	0.4556	1.1056	0.6041	0.9557	0.6135
767	0.6582	0.4572	1.1121	0.6041	0.9586	0.6171
768	0.6511	0.4509	1.1074	0.6001	0.9589	0.6133
769	0.7149	0.517	1.1347	0.6473	0.987	0.6462
770	0.7484	0.5366	1.1839	0.6803	1.0322	0.6876
771	0.7037	0.5055	1.138	0.6405	0.9888	0.6452
772	0.6842	0.4933	1.1322	0.6406	0.9829	0.6573
773	0.6692	0.4691	1.1181	0.613	0.96	0.614
774	0.7217	0.5219	1.1768	0.6743	1.0097	0.6761
775	0.672	0.4709	1.1157	0.6189	0.9584	0.6217
776	0.6778	0.4817	1.1158	0.6165	0.954	0.619
777	0.6765	0.4757	1.1076	0.617	0.9609	0.6229
778	0.6804	0.4748	1.1044	0.6096	0.9542	0.6135
779	0.7065	0.4966	1.1374	0.6315	0.9886	0.647
780	0.6823	0.4788	1.1487	0.6278	0.9863	0.6323
781	0.6799	0.483	1.1132	0.6301	0.9864	0.6384
782	0.666	0.4606	1.0963	0.6034	0.9742	0.6217
783	0.7078	0.4943	1.1088	0.6371	0.9874	0.6433
784	0.6848	0.474	1.1035	0.6029	0.9707	0.6176
785	0.6856	0.4799	1.1247	0.6203	0.995	0.6446
786	0.6636	0.4632	1.0995	0.6102	0.9736	0.6217
787	0.706	0.4991	1.104	0.6301	0.9855	0.6387
788	0.7254	0.5134	1.1468	0.6549	1.004	0.6596
789	0.7464	0.5368	1.1433	0.6632	1.0118	0.6631
790	0.7436	0.5502	1.1582	0.689	1.029	0.7011
791	0.721	0.5179	1.1465	0.6482	0.9966	0.6486
792	0.7043	0.5075	1.1547	0.6583	0.9984	0.6649
793	0.7215	0.5159	1.1295	0.643	0.9894	0.6474
794	0.6982	0.4898	1.1385	0.6427	0.9813	0.6419
795	0.666	0.4644	1.0945	0.6042	0.9598	0.6136
796	0.6987	0.4974	1.1296	0.6483	0.9879	0.6547
797	0.6665	0.4657	1.1137	0.611	0.962	0.615
798	0.6729	0.4711	1.1255	0.625	0.9739	0.6334
799	0.6469	0.4464	1.0831	0.5948	0.9531	0.6062
800	0.647	0.4475	1.0857	0.5957	0.9581	0.6079
801	0.6459	0.4463	1.0778	0.5925	0.9534	0.6077
802	0.6573	0.4606	1.1004	0.6122	0.9614	0.619
803	0.6756	0.4749	1.1012	0.6116	0.9664	0.6243
804	0.6747	0.4764	1.1306	0.6287	0.9808	0.6363
805	0.6506	0.451	1.1051	0.5993	0.9569	0.6072
806	0.6416	0.4423	1.0995	0.5958	0.9494	0.6032
807	0.6398	0.4448	1.0906	0.5964	0.9447	0.6027
808	0.6487	0.4518	1.1003	0.6062	0.9618	0.6156
809	0.6466	0.4517	1.1054	0.6019	0.9608	0.613
810	0.6885	0.4872	1.1361	0.6347	0.9868	0.6417
811	0.6805	0.4903	1.1381	0.6433	0.9947	0.6574
812	0.6641	0.4723	1.0975	0.6136	0.9687	0.6296
813	0.6657	0.4646	1.0994	0.609	0.9677	0.6247
814	0.6659	0.4656	1.1115	0.6096	0.973	0.6189
815	0.6472	0.4513	1.1223	0.6055	0.9702	0.6194
816	0.7095	0.5049	1.1567	0.6557	1.0112	0.668
817	0.6822	0.4868	1.1046	0.6213	0.9678	0.6272
818	0.7226	0.5147	1.1623	0.6703	1.0045	0.6673
819	0.6395	0.4427	1.0872	0.5902	0.9494	0.6071
820	0.6456	0.4526	1.0863	0.6064	0.9563	0.6161
821	0.6403	0.4465	1.0811	0.5965	0.9484	0.6084
822	0.647	0.4539	1.1051	0.607	0.9669	0.6203
823	0.6364	0.4433	1.0827	0.5954	0.9544	0.6122
824	0.6526	0.456	1.1146	0.612	0.9668	0.6211
825	0.6339	0.4383	1.0834	0.5946	0.953	0.6098
826	0.6321	0.4369	1.0787	0.5893	0.9463	0.6036
827	0.6439	0.4543	1.0897	0.6002	0.9534	0.6132
828	0.6383	0.4419	1.0953	0.5943	0.9527	0.6069
829	0.6345	0.4387	1.0876	0.5904	0.9491	0.6037
830	0.6319	0.4375	1.0931	0.5951	0.9525	0.6023
831	0.6496	0.4541	1.0847	0.6006	0.9582	0.6129
832	0.6893	0.4916	1.1298	0.6546	0.99	0.6533
833	0.6368	0.4399	1.0698	0.5956	0.9541	0.6055
834	0.6358	0.4476	1.0754	0.5997	0.9509	0.6108
835	0.635	0.4413	1.0761	0.598	0.9477	0.6064
836	0.6361	0.4453	1.0765	0.6027	0.9505	0.6054
837	0.7362	0.53	1.1577	0.6836	1.0268	0.6858
838	0.6954	0.4935	1.0976	0.6264	0.9798	0.6405
839	0.6774	0.4783	1.1142	0.6352	0.9819	0.6407
840	0.6303	0.4369	1.1028	0.597	0.9464	0.5977
841	0.6598	0.466	1.1447	0.6233	0.9783	0.632
842	0.6351	0.4416	1.1139	0.5983	0.9575	0.6071
843	0.7151	0.5117	1.1385	0.6627	1.0048	0.6691
844	0.6395	0.4464	1.0706	0.5916	0.9483	0.6048
845	0.6427	0.4458	1.0859	0.6023	0.9521	0.6057
846	0.6637	0.4698	1.1035	0.6233	0.9657	0.6348
847	0.6464	0.4526	1.0966	0.6027	0.9569	0.6109
848	0.6498	0.4561	1.1275	0.6214	0.9646	0.6242
849	0.6371	0.4437	1.0876	0.5928	0.9439	0.6019
850	0.6307	0.4375	1.0913	0.5967	0.9522	0.6048
851	0.637	0.4448	1.0831	0.5917	0.9468	0.6039
852	0.6234	0.4333	1.0754	0.5944	0.9402	0.6028
853	0.6837	0.4917	1.1105	0.647	0.9835	0.6516
854	0.6345	0.4432	1.0823	0.6011	0.9498	0.6114
855	0.6264	0.4347	1.09	0.5956	0.9455	0.6059
856	0.6221	0.4319	1.0783	0.599	0.9411	0.6007
857	0.6228	0.4302	1.0707	0.5936	0.9381	0.6006
858	0.6324	0.4403	1.0829	0.607	0.9453	0.6034
859	0.6185	0.4268	1.0721	0.5931	0.9424	0.5973
860	0.6311	0.44	1.0826	0.6049	0.9551	0.6148
861	0.6696	0.4811	1.1287	0.6426	0.9875	0.6542
862	0.6265	0.4356	1.0739	0.5992	0.9489	0.6135
863	0.6258	0.436	1.0784	0.5885	0.9363	0.5981
864	0.6206	0.4286	1.0716	0.5891	0.9427	0.6008
865	0.6227	0.4347	1.0695	0.5862	0.9347	0.5958
866	0.6329	0.4449	1.0854	0.5985	0.9471	0.6081
867	0.642	0.4567	1.0875	0.6156	0.9598	0.6307
868	0.619	0.4302	1.0729	0.5912	0.942	0.6113
869	0.6705	0.4834	1.1009	0.6286	0.9694	0.6374
870	0.7501	0.5622	1.1611	0.7044	1.0342	0.7171
871	0.6733	0.4821	1.0901	0.6277	0.9707	0.6298
872	0.6917	0.4905	1.1113	0.644	0.9797	0.6438
873	0.6252	0.435	1.0772	0.5944	0.9463	0.6058
874	0.626	0.4365	1.0911	0.6013	0.9547	0.6115
875	0.6233	0.4303	1.1015	0.6025	0.9543	0.6036
876	0.6133	0.4237	1.0674	0.5853	0.9351	0.5948
877	0.6257	0.4355	1.065	0.5883	0.9404	0.6014
878	0.6259	0.4344	1.0931	0.6051	0.9515	0.6101
879	0.685	0.499	1.1187	0.6493	0.9904	0.6644
880	0.6225	0.4333	1.0785	0.5935	0.9437	0.6022
881	0.6191	0.4327	1.0836	0.6014	0.9448	0.6061
882	0.6228	0.4305	1.0747	0.5892	0.9369	0.5999
883	0.6163	0.4299	1.0782	0.5987	0.9448	0.6021
884	0.6192	0.4297	1.0687	0.5887	0.9382	0.6001
885	0.6578	0.4668	1.0987	0.6269	0.9698	0.6338
886	0.6204	0.4334	1.0519	0.5859	0.9334	0.5964
887	0.6155	0.4298	1.056	0.5926	0.9448	0.6008
888	0.6278	0.4458	1.0744	0.6074	0.9591	0.6234
889	0.6152	0.428	1.0514	0.5866	0.9388	0.5951
890	0.6297	0.4409	1.0678	0.604	0.9521	0.6149
891	0.6106	0.4228	1.0408	0.5791	0.9342	0.5955
892	0.6196	0.4276	1.0754	0.5962	0.9492	0.5989
893	0.6235	0.4351	1.061	0.5826	0.9425	0.595
894	0.6654	0.4729	1.077	0.6177	0.9737	0.6264
895	0.7167	0.5296	1.1484	0.689	1.0136	0.6887
896	0.639	0.4521	1.0673	0.5997	0.9511	0.6091
897	0.6667	0.4736	1.0978	0.6307	0.974	0.6401
898	0.6547	0.4624	1.0881	0.6024	0.9559	0.6125
899	0.6528	0.4651	1.107	0.6304	0.9695	0.6363
900	0.6087	0.4263	1.0649	0.5883	0.9357	0.5975
901	0.6072	0.4207	1.0585	0.5829	0.927	0.5889
902	0.6253	0.4364	1.0672	0.5911	0.9441	0.5982
903	0.6212	0.4368	1.0865	0.6069	0.958	0.619
904	0.6242	0.4381	1.0638	0.5938	0.9469	0.6049
905	0.613	0.4281	1.0568	0.588	0.9447	0.6053
906	0.6137	0.4281	1.051	0.5905	0.9395	0.6013
907	0.6335	0.4459	1.0875	0.6121	0.9517	0.6172
908	0.7032	0.509	1.1281	0.6663	1.0067	0.6734
909	0.6584	0.475	1.0778	0.6099	0.9594	0.6232
910	0.6814	0.4915	1.1357	0.6541	0.9973	0.6617
911	0.6386	0.446	1.0774	0.5898	0.9509	0.6011
912	0.6425	0.4494	1.0881	0.6161	0.9692	0.6212
913	0.6175	0.4307	1.0567	0.5873	0.945	0.6048
914	0.6273	0.4485	1.0622	0.6096	0.9476	0.6181
915	0.6304	0.4503	1.0694	0.6149	0.9601	0.6266
916	0.6206	0.4373	1.0791	0.6024	0.9587	0.6099
917	0.6358	0.4468	1.0696	0.5984	0.9649	0.6189
918	0.6064	0.4247	1.0484	0.5926	0.945	0.6068
919	0.6009	0.4192	1.048	0.5859	0.9346	0.5962
920	0.7115	0.5284	1.1409	0.6911	1.0142	0.6934
921	0.6094	0.4269	1.0746	0.5993	0.943	0.6035
922	0.6064	0.4196	1.0871	0.5916	0.9397	0.5935
923	0.6347	0.4544	1.1	0.6226	0.9677	0.6316
924	0.6028	0.4163	1.0538	0.5865	0.9374	0.5949
925	0.6078	0.4274	1.0684	0.5947	0.9485	0.6071
926	0.6045	0.4203	1.0441	0.5797	0.9421	0.599
927	0.6118	0.4276	1.0567	0.594	0.9483	0.6045
928	0.6016	0.4193	1.064	0.5877	0.9292	0.5922
929	0.6043	0.421	1.0683	0.5945	0.9337	0.5978
930	0.6125	0.4337	1.0773	0.6137	0.949	0.6207
931	0.611	0.4254	1.0538	0.5836	0.9356	0.5961
932	0.6032	0.4186	1.0566	0.5895	0.9382	0.5977
933	0.6034	0.4208	1.0557	0.5836	0.9323	0.5936
934	0.5924	0.4117	1.0516	0.5854	0.9332	0.5917
935	0.6065	0.4233	1.0617	0.598	0.9413	0.602
936	0.5958	0.4139	1.0415	0.578	0.9289	0.5897
937	0.619	0.4321	1.0878	0.6106	0.9593	0.6103
938	0.6002	0.4162	1.0512	0.579	0.9345	0.5878
939	0.6238	0.437	1.0673	0.5993	0.9545	0.6165
940	0.6062	0.424	1.0632	0.5883	0.9337	0.5936
941	0.6121	0.4283	1.0654	0.5907	0.9378	0.5984
942	0.676	0.4995	1.1205	0.6571	0.9872	0.6688
943	0.8035	0.6282	1.1911	0.749	1.065	0.7464
944	0.6596	0.4776	1.1227	0.6483	0.9716	0.6477
945	0.6745	0.4849	1.0944	0.6238	0.9833	0.6385
946	0.6956	0.5066	1.1282	0.6643	0.9954	0.6695
947	0.7703	0.5835	1.1517	0.7043	1.0478	0.7129
948	0.6124	0.4302	1.0885	0.6021	0.9361	0.6039
949	0.6305	0.4517	1.0966	0.6207	0.9543	0.6313
950	0.5932	0.4127	1.0768	0.5915	0.9365	0.5962
951	0.6033	0.4202	1.0676	0.5903	0.9355	0.602
952	0.6272	0.445	1.0477	0.6025	0.9439	0.6079
953	0.6254	0.4426	1.0662	0.6103	0.9501	0.6129
954	0.5921	0.4117	1.0482	0.5851	0.9327	0.5971
955	0.6001	0.4175	1.0474	0.5819	0.936	0.5919
956	0.5952	0.4148	1.0575	0.5925	0.9434	0.6
957	0.5929	0.4106	1.0528	0.5832	0.9372	0.5984
958	0.5926	0.41	1.0635	0.5819	0.9371	0.5951
959	0.5896	0.4099	1.055	0.5848	0.9301	0.5891
960	0.5925	0.412	1.0553	0.5833	0.9459	0.5985
961	0.6248	0.4394	1.0789	0.6036	0.9648	0.6124
962	0.6683	0.4932	1.0937	0.6516	0.9993	0.6738
963	0.6064	0.4235	1.043	0.5791	0.9395	0.5936
964	0.6054	0.4214	1.0596	0.5891	0.9417	0.6006
965	0.5927	0.4109	1.0437	0.578	0.9308	0.5859
966	0.5886	0.4067	1.0429	0.575	0.9383	0.5888
967	0.6007	0.4288	1.0718	0.6028	0.9494	0.6163
968	0.5885	0.4078	1.0704	0.589	0.9333	0.5912
969	0.6403	0.4607	1.1124	0.6349	0.9738	0.6414
970	0.5946	0.4152	1.0604	0.5902	0.9459	0.6069
971	0.6025	0.4265	1.0621	0.5943	0.9493	0.6091
972	0.6146	0.4364	1.0713	0.6032	0.9539	0.6056
973	0.5833	0.4053	1.0643	0.5835	0.93	0.5914
974	0.6074	0.4258	1.0704	0.6067	0.9482	0.6068
975	0.6101	0.4285	1.067	0.5954	0.9455	0.6077
976	0.6074	0.4251	1.064	0.5972	0.9345	0.5993
977	0.5873	0.4087	1.0659	0.5918	0.9358	0.5924
978	0.6003	0.4218	1.0433	0.5922	0.9395	0.5998
979	0.7701	0.5878	1.1873	0.7487	1.0562	0.7389
980	0.7151	0.5369	1.1288	0.6772	1.0152	0.6861
981	0.6287	0.4545	1.0873	0.6284	0.9643	0.6336
982	0.6314	0.4485	1.0706	0.6055	0.9598	0.6144
983	0.5986	0.4178	1.0592	0.5856	0.9298	0.5934
984	0.5871	0.4086	1.0632	0.5909	0.9391	0.5948
985	0.6137	0.4295	1.0627	0.5948	0.9441	0.5995
986	0.589	0.4123	1.0578	0.5912	0.9318	0.5962
987	0.579	0.404	1.0544	0.5747	0.9278	0.5856
988	0.5858	0.4066	1.0436	0.5801	0.93	0.593
989	0.5963	0.4182	1.051	0.588	0.933	0.5926
990	0.6147	0.436	1.0732	0.6085	0.9463	0.6142
991	0.5965	0.4102	1.0638	0.5798	0.9315	0.5893
992	0.6163	0.4305	1.1085	0.6092	0.9508	0.611
993	0.6166	0.4424	1.0863	0.6043	0.9441	0.6081
994	0.5857	0.4113	1.0651	0.5914	0.9326	0.5992
995	0.6233	0.4348	1.0775	0.5993	0.9493	0.6054
996	0.592	0.4183	1.0459	0.589	0.9371	0.6047
997	0.5832	0.4048	1.0357	0.5784	0.9279	0.5886
998	0.5766	0.398	1.0355	0.5748	0.9257	0.5842
999	0.5706	0.3964	1.0457	0.5792	0.9224	0.5827
1000	0.5658	0.3912	1.0424	0.5734	0.9207	0.58
1001	0.5759	0.4015	1.0517	0.5843	0.9267	0.5872
1002	0.5652	0.3898	1.0381	0.5712	0.9195	0.576
1003	0.5631	0.3885	1.0425	0.5731	0.9204	0.5775
1004	0.5627	0.3886	1.0398	0.5716	0.9183	0.5769
1005	0.5636	0.3904	1.0413	0.5736	0.92	0.5793
1006	0.5609	0.3862	1.0363	0.5697	0.9163	0.5747
1007	0.5602	0.3857	1.0368	0.5698	0.9159	0.5747
1008	0.5619	0.3881	1.0391	0.5726	0.9196	0.5786
1009	0.5645	0.3905	1.0348	0.5702	0.9177	0.5769
1010	0.565	0.392	1.0462	0.5762	0.9236	0.5818
1011	0.5607	0.3866	1.0357	0.568	0.917	0.5751
1012	0.5601	0.386	1.0349	0.5692	0.9174	0.5753
1013	0.5617	0.3882	1.0448	0.5751	0.9225	0.5803
1014	0.5587	0.3854	1.0384	0.5698	0.9172	0.5746
1015	0.5603	0.3871	1.0362	0.5695	0.9189	0.5749
1016	0.5689	0.3964	1.0441	0.5788	0.9239	0.5844
1017	0.5681	0.3935	1.0336	0.571	0.9207	0.5786
1018	0.5604	0.3879	1.0433	0.5756	0.9248	0.5806
1019	0.5631	0.3899	1.046	0.5783	0.9227	0.5804
1020	0.5584	0.3845	1.0364	0.5698	0.9175	0.5746
1021	0.5579	0.3838	1.0369	0.5701	0.9179	0.5755
1022	0.5612	0.3872	1.0414	0.574	0.9203	0.5806
1023	0.5576	0.3839	1.0393	0.5723	0.9188	0.5777
1024	0.565	0.3903	1.0446	0.5745	0.9233	0.5796
1025	0.5694	0.3965	1.0561	0.5843	0.9267	0.5872
1026	0.5589	0.3856	1.0479	0.5745	0.918	0.576
1027	0.5592	0.3861	1.0424	0.5723	0.9178	0.5749
1028	0.5558	0.3829	1.0406	0.5714	0.9174	0.5763
1029	0.5571	0.3845	1.0437	0.5743	0.9197	0.5791
1030	0.5551	0.3817	1.0367	0.5683	0.9161	0.5748
1031	0.5591	0.3847	1.0383	0.5678	0.9177	0.5758
1032	0.5619	0.3887	1.0458	0.5761	0.9206	0.5819
1033	0.5593	0.386	1.0395	0.5708	0.9173	0.575
1034	0.558	0.3855	1.0437	0.5724	0.9182	0.5782
1035	0.5584	0.3849	1.0398	0.5703	0.9151	0.5753
1036	0.5561	0.3825	1.0345	0.5686	0.9177	0.577
1037	0.5556	0.3826	1.0377	0.5699	0.9194	0.5775
1038	0.5555	0.3826	1.0381	0.5702	0.9179	0.5763
1039	0.5568	0.3851	1.0417	0.572	0.92	0.58
1040	0.557	0.3837	1.0396	0.5681	0.9171	0.5743
1041	0.5559	0.3831	1.0478	0.5716	0.9185	0.5757
1042	0.5578	0.385	1.0511	0.5742	0.9213	0.5796
1043	0.5556	0.3829	1.0432	0.5707	0.9188	0.5761
1044	0.5546	0.3816	1.0451	0.5715	0.9205	0.5772
1045	0.5595	0.3868	1.0481	0.5766	0.9207	0.5802
1046	0.5561	0.383	1.0444	0.5711	0.9194	0.5756
1047	0.5539	0.3811	1.0422	0.5708	0.917	0.574
1048	0.5606	0.3875	1.0459	0.5761	0.9211	0.5806
1049	0.556	0.3834	1.0445	0.5728	0.9223	0.5795
1050	0.558	0.3843	1.0389	0.57	0.9181	0.5748
1051	0.5575	0.3843	1.0436	0.5718	0.9191	0.5779
1052	0.5594	0.3882	1.0469	0.5766	0.9232	0.5833
1053	0.5668	0.3941	1.0407	0.5747	0.9236	0.5801
1054	0.5593	0.387	1.051	0.5771	0.9238	0.5806
1055	0.559	0.3854	1.0447	0.5739	0.9197	0.5771
1056	0.5612	0.3873	1.0367	0.5695	0.9203	0.5777
1057	0.5553	0.3826	1.0435	0.5715	0.9232	0.5793
1058	0.559	0.386	1.0427	0.5744	0.9217	0.5804
1059	0.5563	0.3837	1.0381	0.5701	0.9229	0.5784
1060	0.5527	0.3803	1.0413	0.571	0.9233	0.5777
1061	0.5534	0.3811	1.041	0.5691	0.9218	0.5767
1062	0.5537	0.3817	1.0379	0.5664	0.9195	0.5752
1063	0.5591	0.3888	1.0491	0.5773	0.9267	0.5863
1064	0.5541	0.3827	1.0355	0.5685	0.9184	0.5766
1065	0.5546	0.3825	1.0362	0.5691	0.9194	0.5781
1066	0.553	0.3804	1.0336	0.5662	0.917	0.5758
1067	0.553	0.3803	1.0312	0.5655	0.9161	0.5739
1068	0.5551	0.3828	1.0366	0.5727	0.9194	0.5788
1069	0.5519	0.3797	1.0317	0.5683	0.9174	0.5754
1070	0.5526	0.3803	1.0328	0.5672	0.9185	0.5747
1071	0.5535	0.3811	1.0305	0.5673	0.919	0.5749
1072	0.5533	0.3817	1.0327	0.5694	0.922	0.5783
1073	0.5518	0.3794	1.0313	0.5675	0.9192	0.5744
1074	0.5515	0.3792	1.0367	0.5686	0.9191	0.5727
1075	0.5521	0.3793	1.0385	0.5693	0.919	0.5725
1076	0.5525	0.3804	1.0348	0.5688	0.9205	0.5756
1077	0.5513	0.3787	1.0341	0.5682	0.9181	0.5741
1078	0.5575	0.3854	1.0464	0.5745	0.9223	0.5793
1079	0.5516	0.3797	1.035	0.5659	0.9158	0.5745
1080	0.5533	0.3809	1.0331	0.5686	0.9156	0.5769
1081	0.5533	0.381	1.0381	0.5698	0.9191	0.5762
1082	0.551	0.3789	1.0381	0.5713	0.9178	0.5765
1083	0.5533	0.3804	1.0342	0.5706	0.9177	0.5771
1084	0.5523	0.3787	1.0341	0.5683	0.917	0.5737
1085	0.5515	0.3788	1.0446	0.5733	0.9183	0.575
1086	0.5532	0.381	1.0441	0.573	0.9187	0.5773
1087	0.5502	0.3773	1.039	0.5685	0.9163	0.572
1088	0.5509	0.3782	1.0374	0.5697	0.917	0.5721
1089	0.5514	0.3787	1.0382	0.5703	0.9187	0.5758
1090	0.5497	0.3773	1.0372	0.5679	0.9187	0.5745
1091	0.5497	0.3776	1.0363	0.5666	0.9173	0.574
1092	0.5554	0.3858	1.0429	0.5745	0.9215	0.5827
1093	0.549	0.3771	1.0302	0.5651	0.9143	0.5729
1094	0.5508	0.3792	1.0327	0.5665	0.9194	0.5761
1095	0.5534	0.3812	1.0346	0.5657	0.9198	0.5758
1096	0.5575	0.3861	1.0378	0.5708	0.9247	0.5829
1097	0.5573	0.3853	1.0357	0.5677	0.9267	0.5797
1098	0.5655	0.3953	1.0513	0.5819	0.9309	0.5885
1099	0.5499	0.3783	1.0321	0.5642	0.9183	0.5743
1100	0.5496	0.3784	1.0314	0.5675	0.9191	0.5774
1101	0.5543	0.3822	1.0378	0.5731	0.9231	0.5802
1102	0.5531	0.3811	1.0363	0.57	0.9223	0.5773
1103	0.5533	0.3834	1.0459	0.5751	0.9254	0.5817
1104	0.5496	0.3777	1.0395	0.5688	0.918	0.5737
1105	0.5496	0.3772	1.0362	0.5672	0.9177	0.5736
1106	0.5488	0.3764	1.033	0.5684	0.9184	0.5714
1107	0.5503	0.3799	1.0388	0.5711	0.9227	0.577
1108	0.5486	0.3773	1.0323	0.5653	0.9167	0.5727
1109	0.5491	0.3778	1.0319	0.5653	0.9156	0.573
1110	0.5482	0.3776	1.0334	0.566	0.9175	0.574
1111	0.5487	0.378	1.0333	0.566	0.9165	0.5739
1112	0.5482	0.3765	1.0296	0.5647	0.9143	0.5717
1113	0.5491	0.3783	1.0311	0.5673	0.917	0.5742
1114	0.5477	0.3763	1.0307	0.5656	0.9148	0.572
1115	0.5471	0.3752	1.0305	0.5645	0.9142	0.5708
1116	0.5487	0.3781	1.0354	0.5683	0.9181	0.576
1117	0.5482	0.3765	1.0297	0.5656	0.9144	0.5729
1118	0.548	0.3778	1.034	0.5695	0.9181	0.5764
1119	0.546	0.3754	1.032	0.567	0.9168	0.5733
1120	0.5477	0.376	1.0293	0.5647	0.9168	0.5734
1121	0.5465	0.3755	1.0312	0.5661	0.9152	0.5731
1122	0.5473	0.3775	1.0385	0.5698	0.9199	0.5751
1123	0.5486	0.3779	1.0394	0.5704	0.9178	0.5744
1124	0.5506	0.3788	1.028	0.5642	0.9141	0.5711
1125	0.5475	0.3761	1.0292	0.5646	0.9157	0.5724
1126	0.5558	0.3843	1.0417	0.5754	0.9227	0.5796
1127	0.547	0.3753	1.0273	0.5642	0.916	0.5715
1128	0.5485	0.3771	1.0265	0.5644	0.916	0.5733
1129	0.5459	0.3748	1.0299	0.5654	0.9152	0.5709
1130	0.5532	0.3821	1.0372	0.5733	0.9196	0.5773
1131	0.5487	0.3767	1.0266	0.5646	0.9152	0.572
1132	0.5465	0.3748	1.0286	0.5641	0.9152	0.5715
1133	0.5485	0.3769	1.0305	0.5647	0.9163	0.5718
1134	0.5485	0.3774	1.0368	0.5678	0.9186	0.5751
1135	0.5514	0.3804	1.0353	0.5706	0.9177	0.5767
1136	0.5502	0.3789	1.0253	0.5647	0.916	0.573
1137	0.5484	0.3774	1.0297	0.5688	0.9177	0.5764
1138	0.5461	0.3751	1.0228	0.5643	0.9153	0.5721
1139	0.5463	0.377	1.0293	0.5683	0.9177	0.5749
1140	0.547	0.3768	1.0323	0.5671	0.9179	0.5741
1141	0.549	0.3776	1.0281	0.5645	0.9165	0.5738
1142	0.5468	0.3767	1.0252	0.5647	0.9156	0.5744
1143	0.546	0.3764	1.0297	0.5669	0.9177	0.5753
1144	0.5456	0.3755	1.0272	0.5635	0.9168	0.573
1145	0.546	0.3767	1.0278	0.5657	0.9177	0.5753
1146	0.5461	0.3759	1.0261	0.5647	0.9154	0.5714
1147	0.5473	0.378	1.031	0.5681	0.916	0.5742
1148	0.5462	0.3758	1.0343	0.567	0.9163	0.5716
1149	0.5454	0.3751	1.031	0.5672	0.9135	0.5714
1150	0.546	0.3765	1.0306	0.5679	0.9168	0.5741
1151	0.5466	0.3775	1.0353	0.5697	0.9179	0.5764
1152	0.5519	0.3819	1.0346	0.5706	0.9184	0.578
1153	0.5469	0.3758	1.0203	0.5622	0.9138	0.5709
1154	0.5458	0.376	1.0258	0.5657	0.9194	0.5753
1155	0.5448	0.3739	1.0232	0.5617	0.9153	0.5704
1156	0.5444	0.374	1.0251	0.5623	0.9168	0.5715
1157	0.5447	0.3752	1.0291	0.5654	0.9195	0.5738
1158	0.5437	0.374	1.0279	0.5637	0.9169	0.5721
1159	0.5506	0.3804	1.0313	0.5695	0.9168	0.5756
1160	0.5459	0.3761	1.033	0.5685	0.9174	0.5726
1161	0.5454	0.3745	1.0262	0.5646	0.9152	0.5717
1162	0.5453	0.3754	1.026	0.5631	0.9179	0.5733
1163	0.558	0.3891	1.0394	0.5765	0.9238	0.5822
1164	0.5438	0.3746	1.0276	0.5638	0.9184	0.5746
1165	0.5487	0.3784	1.0243	0.5633	0.9194	0.5748
1166	0.5437	0.3749	1.0298	0.5663	0.9185	0.5747
1167	0.5527	0.3854	1.0367	0.575	0.9252	0.5849
1168	0.5439	0.374	1.0239	0.5622	0.9159	0.5729
1169	0.5425	0.3725	1.0251	0.5624	0.9176	0.5732
1170	0.5447	0.3745	1.0267	0.565	0.9178	0.5747
1171	0.5436	0.3739	1.0282	0.5646	0.9181	0.5746
1172	0.5447	0.3761	1.0296	0.5669	0.9178	0.5761
1173	0.5436	0.3736	1.0224	0.5618	0.9135	0.5725
1174	0.5467	0.3766	1.0244	0.5648	0.9179	0.5741
1175	0.5423	0.3731	1.0239	0.5635	0.9155	0.5734
1176	0.5434	0.3757	1.026	0.5661	0.9196	0.5783
1177	0.5417	0.3729	1.0228	0.5629	0.9162	0.5722
1178	0.5427	0.3735	1.0266	0.565	0.9156	0.5724
1179	0.5432	0.374	1.0302	0.5655	0.9164	0.5749
1180	0.5422	0.3726	1.0246	0.5617	0.9131	0.5715
1181	0.5464	0.3776	1.0353	0.5701	0.9214	0.5806
1182	0.5415	0.3722	1.0227	0.5629	0.9122	0.5715
1183	0.5429	0.374	1.0266	0.5629	0.9166	0.5734
1184	0.5413	0.372	1.0263	0.5633	0.9148	0.5728
1185	0.5465	0.3779	1.0311	0.5694	0.9198	0.5792
1186	0.5448	0.3746	1.0203	0.5624	0.9151	0.5733
1187	0.5432	0.3749	1.0269	0.565	0.918	0.5762
1188	0.5422	0.3731	1.0249	0.5644	0.9164	0.574
1189	0.5405	0.3707	1.0224	0.5629	0.9155	0.5718
1190	0.5494	0.3814	1.0319	0.5716	0.9235	0.5817
1191	0.5454	0.3752	1.022	0.5631	0.9143	0.5715
1192	0.5415	0.3725	1.0246	0.5637	0.9186	0.5737
1193	0.5414	0.372	1.0247	0.5623	0.9155	0.5718
1194	0.542	0.3718	1.0235	0.5606	0.913	0.5718
1195	0.5434	0.3751	1.0316	0.5668	0.9208	0.5782
1196	0.542	0.3723	1.0244	0.5641	0.9154	0.5713
1197	0.5444	0.3747	1.0276	0.5657	0.9223	0.5764
1198	0.54	0.3708	1.0256	0.5628	0.914	0.5708
1199	0.542	0.3744	1.0298	0.5677	0.9183	0.5769
1200	0.5424	0.3734	1.0249	0.5639	0.918	0.5729
1201	0.5427	0.3739	1.0249	0.5636	0.9163	0.5723
1202	0.5485	0.3817	1.036	0.5726	0.9228	0.5815
1203	0.5484	0.3807	1.0309	0.5691	0.9192	0.5782
1204	0.5551	0.3872	1.0279	0.57	0.9222	0.5778
1205	0.54	0.3716	1.0273	0.5649	0.9185	0.5732
1206	0.5392	0.3709	1.0271	0.5634	0.9167	0.573
1207	0.5411	0.3721	1.025	0.5631	0.9143	0.5715
1208	0.5449	0.378	1.035	0.5708	0.9226	0.5814
1209	0.5436	0.375	1.0314	0.5676	0.9165	0.576
1210	0.5396	0.3701	1.0215	0.5608	0.9127	0.5705
1211	0.5441	0.3743	1.0226	0.5625	0.919	0.5747
1212	0.5458	0.377	1.0346	0.5699	0.9219	0.5776
1213	0.5396	0.3709	1.0271	0.5621	0.9173	0.5713
1214	0.5425	0.3729	1.0227	0.5593	0.9168	0.5705
1215	0.5389	0.37	1.0227	0.5595	0.9166	0.5721
1216	0.5407	0.3724	1.0245	0.563	0.9167	0.5743
1217	0.5395	0.3711	1.0206	0.5606	0.9125	0.5703
1218	0.5401	0.3718	1.0193	0.5602	0.9173	0.5732
1219	0.5404	0.3717	1.0217	0.562	0.917	0.5727
1220	0.5393	0.3699	1.0193	0.561	0.9145	0.5688
1221	0.5395	0.3712	1.0238	0.563	0.9171	0.5724
1222	0.5412	0.3732	1.0236	0.5607	0.9182	0.5737
1223	0.5443	0.3761	1.0257	0.5644	0.9161	0.5761
1224	0.5425	0.3733	1.0191	0.5607	0.9143	0.5742
1225	0.5412	0.3723	1.0224	0.5607	0.9193	0.5736
1226	0.5401	0.3716	1.0253	0.5609	0.9175	0.5732
1227	0.5392	0.3706	1.022	0.5612	0.9163	0.5748
1228	0.5457	0.3771	1.0348	0.5682	0.9247	0.5809
1229	0.5413	0.3721	1.025	0.5624	0.9173	0.5746
1230	0.5407	0.3717	1.0239	0.561	0.9199	0.5737
1231	0.5397	0.3712	1.0266	0.5625	0.9181	0.5742
1232	0.5398	0.3705	1.0265	0.5617	0.9161	0.5713
1233	0.5395	0.3705	1.0315	0.5642	0.918	0.5711
1234	0.539	0.3697	1.0296	0.562	0.9131	0.5685
1235	0.541	0.3715	1.0271	0.561	0.9149	0.5703
1236	0.5465	0.3785	1.0322	0.5699	0.9209	0.5798
1237	0.5435	0.3741	1.0228	0.5641	0.9174	0.5746
1238	0.5388	0.3701	1.0232	0.5617	0.9163	0.5707
1239	0.5389	0.3708	1.0296	0.5632	0.9178	0.5727
1240	0.5398	0.3718	1.0281	0.5636	0.9173	0.574
1241	0.5388	0.3705	1.0204	0.5602	0.9152	0.5714
1242	0.5409	0.3732	1.0216	0.5621	0.9213	0.5753
1243	0.5424	0.3751	1.0248	0.5655	0.9189	0.578
1244	0.5418	0.375	1.0268	0.5663	0.9188	0.5785
1245	0.5376	0.3699	1.021	0.5587	0.9146	0.5708
1246	0.5371	0.3692	1.0216	0.5609	0.9136	0.5711
1247	0.5386	0.3705	1.0208	0.5623	0.9144	0.5733
1248	0.54	0.3714	1.0199	0.5606	0.9163	0.5728
1249	0.5375	0.3693	1.0216	0.5606	0.9147	0.5718
1250	0.5377	0.3695	1.024	0.562	0.9153	0.5723
1251	0.5437	0.3769	1.0281	0.5694	0.9206	0.5813
1252	0.5387	0.3704	1.0153	0.5598	0.9138	0.5707
1253	0.5412	0.3732	1.0158	0.5614	0.9154	0.5713
1254	0.5371	0.3698	1.0171	0.5608	0.9173	0.5734
1255	0.5383	0.3703	1.021	0.5635	0.917	0.5733
1256	0.5386	0.371	1.0201	0.5637	0.9156	0.5732
1257	0.5373	0.3698	1.0135	0.5593	0.9117	0.5699
1258	0.5378	0.3707	1.0196	0.563	0.9138	0.5723
1259	0.5408	0.3733	1.0238	0.5649	0.9151	0.5737
1260	0.5369	0.3694	1.016	0.559	0.9148	0.5721
1261	0.5365	0.3685	1.0121	0.5588	0.9104	0.569
1262	0.5418	0.3745	1.0206	0.5662	0.9163	0.5765
1263	0.5391	0.3706	1.0164	0.5609	0.9153	0.5724
1264	0.5417	0.3745	1.0183	0.565	0.9157	0.5738
1265	0.539	0.3723	1.0222	0.5643	0.9167	0.5753
1266	0.5359	0.3684	1.0173	0.5591	0.9129	0.5709
1267	0.5443	0.3771	1.0211	0.5639	0.9186	0.5747
1268	0.5369	0.3703	1.0188	0.562	0.9166	0.574
1269	0.5416	0.374	1.0214	0.5657	0.9167	0.5746
1270	0.5362	0.3687	1.0168	0.5605	0.9158	0.5699
1271	0.5362	0.368	1.0172	0.5611	0.9157	0.5703
1272	0.5364	0.3682	1.0189	0.5621	0.9141	0.5706
1273	0.536	0.3688	1.0184	0.5624	0.9154	0.5717
1274	0.5368	0.3695	1.0168	0.5623	0.9128	0.5693
1275	0.5438	0.378	1.0269	0.5713	0.9193	0.5793
1276	0.5415	0.3744	1.0176	0.5628	0.9161	0.5724
1277	0.5377	0.3712	1.0261	0.5657	0.918	0.5762
1278	0.5409	0.375	1.0287	0.5687	0.9188	0.5786
1279	0.5354	0.3695	1.0219	0.5627	0.9185	0.5744
1280	0.5362	0.3692	1.0162	0.5597	0.9154	0.5724
1281	0.5356	0.3684	1.0205	0.5601	0.9177	0.5747
1282	0.5366	0.3697	1.0223	0.5617	0.9187	0.5757
1283	0.5393	0.3723	1.0177	0.5613	0.9161	0.5724
1284	0.5392	0.3733	1.0267	0.5662	0.9208	0.5784
1285	0.5414	0.3756	1.0332	0.5687	0.9237	0.5799
1286	0.5382	0.3716	1.0205	0.5623	0.915	0.5703
1287	0.5372	0.3711	1.0267	0.5644	0.9215	0.576
1288	0.5347	0.3676	1.0207	0.5625	0.9155	0.5699
1289	0.535	0.3691	1.0276	0.5653	0.9216	0.5753
1290	0.5331	0.3666	1.0266	0.5627	0.9177	0.5705
1291	0.5336	0.3676	1.0267	0.5614	0.9157	0.5697
1292	0.535	0.3694	1.0313	0.5633	0.9202	0.5744
1293	0.5388	0.3721	1.0301	0.5652	0.9168	0.5747
1294	0.5346	0.3684	1.026	0.5609	0.9182	0.5743
1295	0.5338	0.3675	1.0194	0.5584	0.914	0.5708
1296	0.533	0.3671	1.0186	0.5586	0.9132	0.5691
1297	0.5328	0.3666	1.0195	0.5593	0.9137	0.5694
1298	0.5337	0.367	1.0192	0.5576	0.9145	0.5698
1299	0.5345	0.3692	1.0227	0.5603	0.9161	0.5732
1300	0.5373	0.3709	1.0271	0.5606	0.9182	0.5733
1301	0.5349	0.3678	1.0173	0.5566	0.911	0.57
1302	0.5353	0.3681	1.0196	0.559	0.9149	0.5724
1303	0.5341	0.3674	1.0236	0.5605	0.9146	0.5719
1304	0.537	0.3714	1.0274	0.5642	0.9152	0.5747
1305	0.5327	0.367	1.0185	0.5598	0.9142	0.5727
1306	0.5347	0.3692	1.0219	0.5635	0.9178	0.5754
1307	0.5326	0.3665	1.0169	0.5595	0.9132	0.5705
1308	0.5329	0.3677	1.02	0.5608	0.9138	0.5719
1309	0.5326	0.3661	1.0208	0.5604	0.912	0.5688
1310	0.5366	0.3701	1.0281	0.5657	0.9156	0.5743
1311	0.5327	0.3656	1.0215	0.5598	0.9135	0.5707
1312	0.5432	0.3787	1.034	0.5738	0.9224	0.5816
1313	0.5333	0.3677	1.0243	0.5627	0.9153	0.5724
1314	0.5317	0.365	1.0238	0.5599	0.9156	0.5711
1315	0.5341	0.3672	1.0231	0.5591	0.9148	0.5699
1316	0.5347	0.3693	1.0291	0.5654	0.9156	0.5743
1317	0.5444	0.3801	1.0323	0.5737	0.92	0.5824
1318	0.5335	0.367	1.0213	0.5596	0.9135	0.5695
1319	0.5346	0.3681	1.0178	0.5584	0.9145	0.5707
1320	0.5317	0.3665	1.0187	0.5604	0.9145	0.5718
1321	0.5327	0.3673	1.0199	0.5622	0.9182	0.574
1322	0.5333	0.368	1.0186	0.563	0.918	0.574
1323	0.5322	0.3664	1.0171	0.5615	0.9163	0.5721
1324	0.5565	0.3905	1.0231	0.574	0.928	0.5848
1325	0.534	0.3682	1.0218	0.5642	0.9199	0.5747
1326	0.5343	0.3682	1.018	0.5621	0.9151	0.5712
1327	0.5329	0.3674	1.0221	0.5624	0.9172	0.5727
1328	0.5311	0.3651	1.0163	0.5599	0.9134	0.5689
1329	0.5316	0.3653	1.015	0.559	0.9126	0.5696
1330	0.5306	0.3649	1.0175	0.5606	0.9135	0.5701
1331	0.5327	0.3669	1.0212	0.563	0.9149	0.571
1332	0.5306	0.3645	1.0136	0.5594	0.9128	0.568
1333	0.5307	0.3641	1.0146	0.5606	0.9125	0.5689
1334	0.5308	0.3647	1.0146	0.5601	0.9158	0.5707
1335	0.5452	0.3819	1.0281	0.5749	0.9258	0.5855
1336	0.5307	0.3652	1.0121	0.5582	0.913	0.5689
1337	0.5313	0.3658	1.0152	0.5595	0.9163	0.5701
1338	0.5303	0.365	1.0177	0.5598	0.9133	0.5699
1339	0.5364	0.3715	1.0213	0.5662	0.9162	0.5758
1340	0.5344	0.3685	1.0153	0.5608	0.9154	0.5706
1341	0.5327	0.367	1.0223	0.5623	0.9163	0.5706
1342	0.5344	0.3691	1.022	0.5654	0.9153	0.5738
1343	0.5321	0.3662	1.0137	0.5586	0.9144	0.571
1344	0.5304	0.365	1.0165	0.561	0.9172	0.5705
1345	0.5305	0.3647	1.0155	0.5612	0.9162	0.5709
1346	0.5305	0.3648	1.0161	0.561	0.9147	0.5722
1347	0.5324	0.3673	1.0196	0.564	0.9176	0.5759
1348	0.5324	0.3669	1.0207	0.5625	0.9174	0.5747
1349	0.5312	0.3651	1.0115	0.5571	0.9129	0.5713
1350	0.5317	0.3658	1.015	0.5606	0.9164	0.5729
1351	0.5303	0.3645	1.0097	0.5574	0.9115	0.5691
1352	0.533	0.3695	1.0164	0.5642	0.9187	0.5772
1353	0.5292	0.365	1.0147	0.5609	0.9147	0.5705
1354	0.5298	0.3651	1.0102	0.5587	0.9112	0.5686
1355	0.5354	0.3701	1.0123	0.5625	0.9166	0.5716
1356	0.5356	0.3705	1.0195	0.5671	0.9164	0.5743
1357	0.534	0.3697	1.0208	0.5668	0.917	0.5748
1358	0.5305	0.365	1.0133	0.5589	0.9137	0.5679
1359	0.5379	0.3729	1.012	0.5615	0.9168	0.5711
1360	0.5365	0.3733	1.0212	0.5689	0.9212	0.5791
1361	0.5349	0.3704	1.0185	0.5657	0.9185	0.5748
1362	0.5382	0.3731	1.01	0.5627	0.9158	0.5706
1363	0.5306	0.3661	1.0134	0.5611	0.9168	0.5715
1364	0.5327	0.3686	1.0183	0.5638	0.9171	0.5729
1365	0.5286	0.3637	1.0124	0.5581	0.9115	0.5654
1366	0.5296	0.3652	1.0167	0.5605	0.9168	0.5711
1367	0.5299	0.3654	1.0129	0.5617	0.9122	0.5691
1368	0.5292	0.3645	1.0088	0.5587	0.9118	0.5672
1369	0.529	0.3652	1.0128	0.5613	0.9162	0.5696
1370	0.5304	0.3658	1.0124	0.5609	0.9132	0.5686
1371	0.5279	0.363	1.0098	0.5577	0.9114	0.5666
1372	0.5285	0.3632	1.0077	0.5571	0.9115	0.5662
1373	0.5285	0.3643	1.0088	0.5589	0.9114	0.5667
1374	0.5326	0.3695	1.0133	0.5645	0.9119	0.572
1375	0.5279	0.3642	1.0103	0.5595	0.9091	0.5672
1376	0.5276	0.364	1.0097	0.5585	0.9094	0.5657
1377	0.5303	0.3654	1.0071	0.5578	0.91	0.5655
1378	0.5277	0.3629	1.0139	0.5588	0.9135	0.5664
1379	0.5312	0.3675	1.0208	0.5639	0.9146	0.5703
1380	0.5271	0.363	1.0159	0.56	0.9111	0.5662
1381	0.5343	0.369	1.0108	0.5599	0.9131	0.5685
1382	0.528	0.365	1.0142	0.5618	0.9132	0.5702
1383	0.5306	0.3673	1.0162	0.5624	0.9142	0.571
1384	0.5267	0.3623	1.0101	0.556	0.9123	0.5667
1385	0.5262	0.362	1.009	0.5555	0.9114	0.5665
1386	0.5273	0.3635	1.0131	0.5581	0.9135	0.5687
1387	0.5287	0.3639	1.0164	0.5588	0.9107	0.5666
1388	0.5268	0.3622	1.0148	0.5573	0.9125	0.5665
1389	0.5361	0.373	1.0236	0.5688	0.9205	0.5778
1390	0.5266	0.3627	1.0106	0.5569	0.9139	0.5675
1391	0.5311	0.3667	1.005	0.5563	0.9118	0.5677
1392	0.5276	0.3641	1.0063	0.557	0.9114	0.5687
1393	0.5261	0.3622	1.0072	0.5571	0.9114	0.5669
1394	0.53	0.3663	1.0157	0.5607	0.9185	0.5723
1395	0.5308	0.3665	1.008	0.5559	0.9097	0.5669
1396	0.534	0.3721	1.0188	0.568	0.9172	0.5775
1397	0.5318	0.3687	1.0167	0.5656	0.9152	0.5736
1398	0.5302	0.3656	1.0064	0.5571	0.9109	0.5669
1399	0.5259	0.3623	1.0081	0.5575	0.9118	0.5682
1400	0.5355	0.3719	1.0204	0.5683	0.9203	0.5785
1401	0.5249	0.361	1.0099	0.5561	0.9133	0.5681
1402	0.5273	0.363	1.0117	0.5574	0.912	0.5676
1403	0.5303	0.3673	1.0126	0.5623	0.912	0.5722
1404	0.5286	0.365	1.007	0.5573	0.9113	0.569
1405	0.5254	0.3617	1.0125	0.5577	0.9114	0.5678
1406	0.5257	0.3614	1.011	0.5577	0.9113	0.5677
1407	0.5249	0.361	1.0098	0.5586	0.9132	0.5682
1408	0.5275	0.3646	1.0133	0.5622	0.9169	0.573
1409	0.5259	0.3618	1.0081	0.5576	0.9121	0.5698
1410	0.5315	0.3675	1.0108	0.5591	0.915	0.5718
1411	0.5249	0.3615	1.0139	0.5595	0.9121	0.5689
1412	0.5294	0.3667	1.0147	0.5621	0.9153	0.5749
1413	0.5263	0.3619	1.0094	0.5561	0.9143	0.5701
1414	0.528	0.3635	1.0117	0.5597	0.9158	0.5702
1415	0.5317	0.3686	1.0177	0.5644	0.9164	0.5754
1416	0.5261	0.3632	1.0204	0.5623	0.9162	0.5711
1417	0.527	0.3632	1.0183	0.5618	0.9141	0.5686
1418	0.5251	0.3612	1.0118	0.5578	0.9111	0.5675
1419	0.5334	0.3713	1.0175	0.5673	0.9179	0.5784
1420	0.5258	0.3627	1.0086	0.5564	0.9135	0.5688
1421	0.5245	0.3603	1.0088	0.557	0.9102	0.5679
1422	0.5265	0.3617	1.0101	0.5579	0.9109	0.5689
1423	0.5252	0.3616	1.0178	0.5612	0.915	0.5713
1424	0.5248	0.3612	1.0176	0.5579	0.9137	0.5686
1425	0.5249	0.3607	1.0122	0.5572	0.9113	0.5688
1426	0.5251	0.361	1.0124	0.5579	0.9134	0.5702
1427	0.5254	0.3617	1.0112	0.558	0.9118	0.5664
1428	0.5256	0.3627	1.0095	0.5566	0.9089	0.5645
1429	0.5267	0.3658	1.0147	0.562	0.9121	0.5719
1430	0.5241	0.3616	1.0088	0.5575	0.9106	0.5688
1431	0.5256	0.3632	1.0089	0.5575	0.9143	0.5684
1432	0.5243	0.362	1.0087	0.5585	0.9171	0.5698
1433	0.5269	0.3647	1.0092	0.562	0.9153	0.5713
1434	0.5253	0.3621	1.0053	0.5593	0.9125	0.5701
1435	0.5259	0.3628	1.0103	0.5607	0.9134	0.5689
1436	0.5252	0.362	1.0135	0.5601	0.9109	0.5655
1437	0.5251	0.3618	1.0087	0.5563	0.9119	0.5655
1438	0.5253	0.3631	1.0107	0.5599	0.9144	0.5701
1439	0.5308	0.3683	1.0147	0.5659	0.9193	0.5757
1440	0.5258	0.3622	1.0062	0.5578	0.9163	0.5695
1441	0.5234	0.3609	1.0101	0.5585	0.9149	0.568
1442	0.5292	0.3673	1.0197	0.5641	0.9194	0.5749
1443	0.5247	0.3619	1.0059	0.5549	0.9114	0.5679
1444	0.5242	0.3616	1.0074	0.5564	0.9143	0.5682
1445	0.5306	0.369	1.0213	0.5682	0.9208	0.5757
1446	0.5227	0.3605	1.009	0.5582	0.9135	0.5666
1447	0.5268	0.3647	1.0177	0.5637	0.9197	0.5737
1448	0.5244	0.3611	1.0096	0.558	0.9113	0.5667
1449	0.5229	0.3601	1.0148	0.5599	0.9154	0.5678
1450	0.5222	0.3592	1.0132	0.5593	0.9115	0.5659
1451	0.5246	0.3613	1.0061	0.5576	0.9088	0.567
1452	0.5238	0.3611	1.0119	0.5595	0.9151	0.5698
1453	0.523	0.3606	1.0129	0.5603	0.9141	0.5683
1454	0.5236	0.3609	1.0076	0.5582	0.911	0.5654
1455	0.5233	0.3608	1.0101	0.5591	0.9147	0.5679
1456	0.523	0.3604	1.0126	0.5611	0.912	0.5672
1457	0.5235	0.361	1.0068	0.559	0.9102	0.5672
1458	0.5225	0.3601	1.0106	0.5602	0.9105	0.5659
1459	0.5224	0.36	1.0142	0.561	0.9147	0.5685
1460	0.5228	0.3602	1.0086	0.5595	0.912	0.5677
1461	0.5218	0.3588	1.0072	0.558	0.9111	0.5661
1462	0.5231	0.3611	1.0133	0.5633	0.917	0.5703
1463	0.5217	0.3595	1.0045	0.5578	0.9103	0.5661
1464	0.5209	0.3596	1.0064	0.5579	0.9142	0.569
1465	0.5225	0.3612	1.0067	0.5592	0.9133	0.5704
1466	0.5223	0.3599	1.0051	0.5587	0.9104	0.5659
1467	0.5258	0.3632	1.0061	0.5594	0.914	0.5676
1468	0.5225	0.3593	1.0058	0.5567	0.91	0.5665
1469	0.5222	0.3595	1.0117	0.5609	0.9122	0.5691
1470	0.5238	0.3608	1.0054	0.557	0.9122	0.5671
1471	0.5219	0.3595	1.0079	0.5575	0.9137	0.5699
1472	0.5236	0.3617	1.0043	0.557	0.91	0.5677
1473	0.5273	0.3662	1.0053	0.5615	0.9122	0.5722
1474	0.5213	0.3589	1.0035	0.5568	0.9092	0.5644
1475	0.5279	0.3646	1.0042	0.5571	0.9109	0.5671
1476	0.5219	0.3594	1.0081	0.5556	0.9118	0.5676
1477	0.5251	0.3638	1.0131	0.5615	0.915	0.5718
1478	0.5206	0.3588	1.011	0.5583	0.9139	0.5664
1479	0.521	0.3582	1.0039	0.5555	0.9109	0.5653
1480	0.5251	0.3633	1.0168	0.5629	0.9172	0.5721
1481	0.5202	0.3577	1.0134	0.558	0.9151	0.5681
1482	0.5197	0.3572	1.0086	0.5573	0.9112	0.565
1483	0.5206	0.3581	1.0087	0.5576	0.911	0.5664
1484	0.5274	0.366	1.0134	0.5636	0.9134	0.5737
1485	0.5214	0.3589	1.0067	0.5558	0.9087	0.5659
1486	0.538	0.3746	1.013	0.564	0.9237	0.5761
1487	0.524	0.3616	1.0165	0.5632	0.9162	0.5721
1488	0.5218	0.3602	1.0118	0.5601	0.9155	0.5726
1489	0.52	0.3583	1.0097	0.5574	0.9145	0.5701
1490	0.5223	0.36	1.0085	0.5578	0.9131	0.5676
1491	0.5237	0.3618	1.0094	0.5591	0.915	0.5687
1492	0.5196	0.3579	1.0064	0.5564	0.9104	0.5656
1493	0.5236	0.3633	1.0109	0.5612	0.915	0.5727
1494	0.52	0.3591	1.0095	0.5582	0.9147	0.5702
1495	0.5199	0.3582	1.0083	0.559	0.9135	0.5686
1496	0.5197	0.3581	1.0066	0.5568	0.9133	0.5675
1497	0.5197	0.358	1.0088	0.5558	0.912	0.5666
1498	0.5209	0.3592	1.0132	0.5595	0.913	0.5689
1499	0.5211	0.3604	1.014	0.5605	0.9141	0.5703
