epoch:	train_RMSD:	train_MAE:	val_RMSD:	val_MAE:	test_RMSD:	test_MAE:
0	5.8804	5.2206	6.0351	5.4099	5.9999	5.3495
1	3.9882	3.1958	4.1026	3.3236	4.0272	3.2505
2	3.8441	3.0745	3.838	3.064	3.7693	3.0537
3	3.4082	2.7381	3.4928	2.8237	3.4301	2.7902
4	3.1097	2.5044	3.1376	2.5232	3.0669	2.5181
5	3.0513	2.514	3.0997	2.5383	3.0139	2.534
6	3.0114	2.4292	3.0328	2.4291	2.9407	2.4168
7	2.9383	2.3911	2.9741	2.4081	2.8848	2.3988
8	2.7992	2.2251	2.813	2.2257	2.7254	2.2205
9	2.6048	2.0224	2.6074	2.0204	2.5274	2.0151
10	2.4577	1.8833	2.4578	1.8723	2.3939	1.8609
11	2.4015	1.8309	2.3996	1.818	2.3559	1.807
12	2.3808	1.7889	2.3717	1.77	2.3353	1.7648
13	2.371	1.814	2.3715	1.8018	2.3296	1.7916
14	2.3585	1.7918	2.3579	1.7785	2.3115	1.7681
15	2.3469	1.7734	2.3488	1.7608	2.2984	1.7487
16	2.3355	1.7607	2.3415	1.7492	2.2876	1.7375
17	2.3224	1.7518	2.3312	1.7414	2.2755	1.7302
18	2.3281	1.709	2.3171	1.687	2.2655	1.6821
19	2.2922	1.743	2.3052	1.7364	2.2468	1.726
20	2.2637	1.698	2.2732	1.69	2.2111	1.6787
21	2.2331	1.6606	2.243	1.6517	2.1753	1.6409
22	2.1921	1.6279	2.2092	1.6248	2.1318	1.6076
23	2.1398	1.5979	2.1715	1.6063	2.084	1.5831
24	2.1019	1.5272	2.1271	1.5123	2.0276	1.4983
25	2.0795	1.579	2.1154	1.5947	2.03	1.5576
26	1.992	1.4571	1.9994	1.4364	1.9214	1.428
27	1.9521	1.4212	1.9501	1.3909	1.8781	1.3926
28	1.9132	1.4253	1.9136	1.4148	1.8518	1.4007
29	1.878	1.3789	1.8595	1.3472	1.8109	1.353
30	1.8288	1.3433	1.7986	1.305	1.7651	1.3144
31	1.7822	1.3152	1.7498	1.2809	1.7267	1.288
32	1.756	1.2907	1.7234	1.2522	1.6989	1.2645
33	1.7171	1.2775	1.6895	1.2477	1.6792	1.2575
34	1.6876	1.2534	1.6693	1.2211	1.6471	1.2366
35	1.6666	1.2475	1.658	1.2292	1.6407	1.2422
36	1.6281	1.2057	1.6095	1.1616	1.5958	1.1937
37	1.6226	1.201	1.6064	1.1577	1.5896	1.188
38	1.5831	1.1734	1.5802	1.1408	1.5581	1.1686
39	1.5548	1.1594	1.5648	1.142	1.5384	1.1606
40	1.5655	1.1626	1.5742	1.1411	1.5431	1.1563
41	1.5563	1.1769	1.5687	1.1723	1.5525	1.1817
42	1.5344	1.1374	1.5502	1.1195	1.5126	1.1326
43	1.5266	1.131	1.5435	1.1134	1.5064	1.1274
44	1.5263	1.1519	1.5547	1.1529	1.5285	1.1627
45	1.5221	1.1274	1.5395	1.1099	1.5018	1.1256
46	1.4992	1.1282	1.5395	1.1378	1.5045	1.1436
47	1.4672	1.0921	1.5019	1.0903	1.4569	1.0948
48	1.4703	1.0877	1.5097	1.084	1.4539	1.0885
49	1.5014	1.1344	1.5427	1.1443	1.5108	1.1451
50	1.4438	1.0791	1.4932	1.0878	1.4502	1.0909
51	1.4447	1.0635	1.4974	1.0693	1.4353	1.067
52	1.4227	1.0545	1.4746	1.0589	1.4208	1.0608
53	1.4455	1.0866	1.5027	1.1065	1.4598	1.0985
54	1.4186	1.0475	1.4702	1.0543	1.4122	1.0512
55	1.4412	1.0602	1.502	1.0638	1.4299	1.0595
56	1.4418	1.0829	1.5003	1.1094	1.4589	1.097
57	1.4266	1.0485	1.4772	1.0534	1.4121	1.051
58	1.4148	1.0555	1.487	1.0823	1.4389	1.0727
59	1.3829	1.0225	1.447	1.0403	1.3966	1.0337
60	1.3904	1.0218	1.4504	1.0315	1.3884	1.027
61	1.3854	1.0245	1.4601	1.0492	1.4083	1.0395
62	1.3659	1.0029	1.4404	1.0257	1.3804	1.0139
63	1.3607	1.0	1.4372	1.0232	1.3773	1.0111
64	1.3852	1.0139	1.4569	1.027	1.3819	1.0168
65	1.3869	1.0358	1.4617	1.0729	1.4177	1.0548
66	1.3869	1.0145	1.4567	1.0271	1.383	1.0136
67	1.3638	1.0066	1.4398	1.0396	1.3874	1.0225
68	1.3503	0.9836	1.4254	1.0046	1.3618	0.9907
69	1.3736	1.0187	1.4549	1.0533	1.4117	1.0416
70	1.3586	0.9911	1.4346	1.0112	1.3634	0.9968
71	1.3347	0.9713	1.4183	1.0007	1.3493	0.9795
72	1.3308	0.9727	1.4138	1.005	1.3537	0.9877
73	1.4013	1.0283	1.4717	1.0402	1.3996	1.0258
74	1.3291	0.9725	1.4131	1.0077	1.359	0.9897
75	1.3559	1.0032	1.4414	1.0449	1.394	1.0252
76	1.3295	0.9737	1.4204	1.0105	1.3686	0.9967
77	1.3336	0.9708	1.4125	0.9956	1.3444	0.9756
78	1.3193	0.9614	1.4039	0.9895	1.3397	0.9731
79	1.345	0.9946	1.4329	1.0412	1.3852	1.0191
80	1.3122	0.9517	1.3976	0.9793	1.3313	0.9605
81	1.3099	0.9571	1.3994	0.9914	1.347	0.9753
82	1.3175	0.9625	1.4013	1.0029	1.3512	0.9813
83	1.3005	0.9434	1.3967	0.9851	1.3331	0.9604
84	1.3425	0.9757	1.4206	1.0004	1.3495	0.9791
85	1.3076	0.9556	1.394	0.9987	1.3452	0.9756
86	1.302	0.9474	1.3999	0.9861	1.346	0.9704
87	1.2964	0.939	1.3825	0.9765	1.3215	0.9531
88	1.3471	0.9991	1.4397	1.0493	1.3951	1.0249
89	1.303	0.9521	1.3977	0.9976	1.3442	0.9743
90	1.3285	0.9815	1.4191	1.0308	1.3758	1.008
91	1.3427	0.9988	1.4288	1.0502	1.3876	1.0267
92	1.2947	0.9428	1.384	0.9865	1.3343	0.9671
93	1.287	0.9289	1.3782	0.963	1.317	0.9442
94	1.2968	0.9387	1.383	0.9699	1.32	0.9502
95	1.275	0.9203	1.3711	0.9615	1.3104	0.9394
96	1.2738	0.9173	1.3709	0.9591	1.3022	0.9326
97	1.277	0.9281	1.373	0.9772	1.3174	0.9506
98	1.2703	0.9193	1.3759	0.9652	1.3197	0.9448
99	1.2867	0.9299	1.3712	0.9644	1.3088	0.9412
100	1.2654	0.915	1.3626	0.9588	1.3055	0.9346
101	1.2658	0.9128	1.3692	0.9615	1.3125	0.9378
102	1.2834	0.926	1.37	0.9647	1.3071	0.9365
103	1.2719	0.9255	1.3729	0.9718	1.3239	0.9508
104	1.2534	0.9023	1.3495	0.945	1.2887	0.9204
105	1.2595	0.9031	1.3543	0.9438	1.2949	0.9208
106	1.2497	0.8996	1.3542	0.9489	1.3022	0.9261
107	1.2423	0.893	1.3414	0.939	1.2817	0.9121
108	1.2356	0.8858	1.3371	0.9345	1.2776	0.9067
109	1.2545	0.9018	1.352	0.9459	1.2865	0.9172
110	1.3019	0.9658	1.4002	1.0187	1.3632	0.994
111	1.2324	0.8831	1.3314	0.9297	1.2703	0.9037
112	1.2569	0.9031	1.3471	0.9417	1.2822	0.9156
113	1.2573	0.9173	1.3652	0.9772	1.3194	0.9486
114	1.2229	0.8786	1.3334	0.9343	1.2734	0.9037
115	1.2636	0.9185	1.3632	0.9623	1.2947	0.9315
116	1.2404	0.8998	1.3473	0.9585	1.2997	0.9318
117	1.2299	0.889	1.3377	0.946	1.2872	0.9177
118	1.2603	0.9109	1.3519	0.949	1.2887	0.922
119	1.2087	0.8673	1.3126	0.9185	1.2578	0.8914
120	1.2227	0.8862	1.3315	0.9425	1.283	0.9159
121	1.2089	0.8665	1.3132	0.9134	1.2565	0.8886
122	1.1986	0.8589	1.305	0.9124	1.2472	0.8828
123	1.1993	0.862	1.3133	0.9216	1.259	0.8905
124	1.2131	0.8739	1.3181	0.9223	1.2566	0.8935
125	1.2259	0.897	1.3336	0.9531	1.2902	0.9288
126	1.1861	0.8497	1.2915	0.9013	1.2408	0.8759
127	1.1901	0.8553	1.296	0.904	1.2389	0.8769
128	1.1778	0.8425	1.2919	0.8983	1.236	0.8714
129	1.1745	0.8432	1.2886	0.9001	1.2411	0.8748
130	1.1798	0.8507	1.297	0.9098	1.2409	0.8803
131	1.1672	0.837	1.278	0.8916	1.2219	0.8618
132	1.1636	0.8378	1.2868	0.8978	1.2292	0.868
133	1.1575	0.8309	1.2736	0.889	1.2184	0.8584
134	1.1643	0.8425	1.286	0.901	1.236	0.8746
135	1.1479	0.8223	1.2691	0.8822	1.2072	0.8499
136	1.1469	0.8252	1.2636	0.8818	1.2028	0.8504
137	1.1865	0.8637	1.3012	0.9129	1.2399	0.8869
138	1.1553	0.8343	1.2736	0.8939	1.2243	0.8649
139	1.14	0.8161	1.2611	0.8687	1.1986	0.8447
140	1.2088	0.8961	1.3195	0.9394	1.2833	0.9294
141	1.1348	0.8168	1.2508	0.8698	1.1981	0.8497
142	1.1631	0.8395	1.2739	0.8885	1.2141	0.8667
143	1.1325	0.8239	1.2539	0.8746	1.2044	0.8551
144	1.1203	0.8083	1.2453	0.8614	1.196	0.8429
145	1.1429	0.8313	1.2645	0.8816	1.2039	0.8595
146	1.1424	0.8365	1.2703	0.8936	1.2205	0.8717
147	1.1617	0.8493	1.2729	0.8919	1.212	0.8747
148	1.1294	0.824	1.2526	0.8763	1.2025	0.8581
149	1.1139	0.8139	1.238	0.8657	1.1818	0.8429
150	1.1046	0.8008	1.2383	0.8535	1.1893	0.8377
151	1.1017	0.7964	1.2244	0.8497	1.1671	0.8301
152	1.0849	0.7825	1.2234	0.8406	1.1629	0.8196
153	1.0859	0.7856	1.2183	0.8424	1.1714	0.8255
154	1.1181	0.8183	1.2444	0.8651	1.1815	0.8459
155	1.1484	0.8475	1.2719	0.8943	1.2418	0.8916
156	1.1237	0.8126	1.2456	0.8557	1.1809	0.8436
157	1.098	0.8001	1.2315	0.859	1.1875	0.8454
158	1.1111	0.8156	1.2432	0.8647	1.18	0.8467
159	1.0973	0.8014	1.2318	0.8575	1.1918	0.8479
160	1.0675	0.7703	1.2031	0.8204	1.1456	0.8042
161	1.0711	0.779	1.2092	0.8293	1.1588	0.8151
162	1.0585	0.7651	1.197	0.8177	1.1448	0.8038
163	1.0636	0.7727	1.2005	0.8222	1.144	0.808
164	1.0576	0.7656	1.1995	0.8203	1.1555	0.812
165	1.0505	0.7552	1.197	0.8103	1.1332	0.792
166	1.0443	0.7537	1.1917	0.8081	1.1382	0.7956
167	1.0408	0.7507	1.1891	0.805	1.1343	0.7913
168	1.0846	0.79	1.2239	0.8392	1.1639	0.8236
169	1.0399	0.7482	1.1845	0.799	1.131	0.7871
170	1.0446	0.7526	1.1899	0.8068	1.1387	0.7933
171	1.0494	0.7657	1.1962	0.8177	1.1478	0.8062
172	1.0616	0.7761	1.2046	0.8243	1.1491	0.812
173	1.0631	0.7779	1.2009	0.8301	1.1567	0.8197
174	1.048	0.7595	1.1952	0.8075	1.1384	0.7966
175	1.0716	0.7878	1.2137	0.8415	1.1687	0.8309
176	1.0506	0.7653	1.1978	0.8135	1.1455	0.8022
177	1.0447	0.7598	1.1964	0.8142	1.1469	0.8027
178	1.0793	0.7926	1.211	0.8307	1.1635	0.8258
179	1.0511	0.766	1.1945	0.8201	1.1461	0.8042
180	1.026	0.7399	1.1813	0.7937	1.131	0.7834
181	1.0289	0.7474	1.1727	0.7998	1.1227	0.7867
182	1.0364	0.7543	1.1943	0.809	1.1375	0.7938
183	1.0244	0.7357	1.1689	0.7873	1.1049	0.769
184	1.018	0.7327	1.1828	0.7893	1.1309	0.7787
185	1.043	0.7572	1.1848	0.8009	1.1284	0.7909
186	1.0107	0.7268	1.1737	0.7819	1.1246	0.7721
187	1.0073	0.7266	1.1627	0.7824	1.1089	0.7697
188	1.0014	0.7182	1.1629	0.7737	1.1065	0.7606
189	1.0022	0.7182	1.1619	0.7725	1.1053	0.7594
190	1.0104	0.7288	1.1718	0.786	1.1229	0.7764
191	0.9971	0.7175	1.1593	0.7742	1.107	0.7625
192	1.0181	0.7376	1.1811	0.7908	1.1229	0.7794
193	1.004	0.7247	1.1727	0.7825	1.1176	0.7712
194	1.0156	0.7366	1.1745	0.787	1.111	0.774
195	0.9937	0.7149	1.1627	0.77	1.1104	0.7627
196	1.0044	0.7253	1.1649	0.7783	1.0999	0.7611
197	1.1	0.828	1.2579	0.8813	1.2174	0.8762
198	1.0059	0.7302	1.169	0.7818	1.106	0.7678
199	1.0074	0.7306	1.1743	0.7855	1.1247	0.7768
200	1.0387	0.764	1.1998	0.813	1.1408	0.8024
201	0.9913	0.715	1.1558	0.7703	1.1055	0.7584
202	0.9815	0.7031	1.1469	0.7583	1.0866	0.7419
203	0.98	0.7032	1.1567	0.7601	1.104	0.753
204	0.9891	0.7135	1.1535	0.77	1.0973	0.7581
205	0.9775	0.7	1.1556	0.7559	1.0955	0.7442
206	0.9803	0.7052	1.1522	0.7624	1.0966	0.749
207	1.0139	0.7435	1.1877	0.7958	1.1241	0.7835
208	0.9901	0.7116	1.1561	0.7703	1.0961	0.7531
209	0.9689	0.6915	1.1482	0.7528	1.0908	0.7417
210	0.9704	0.6999	1.1538	0.7636	1.0937	0.7472
211	0.9621	0.6887	1.1505	0.7485	1.0919	0.7354
212	1.0122	0.7294	1.1649	0.7757	1.1147	0.7809
213	0.9634	0.6874	1.1373	0.7436	1.0814	0.737
214	0.9644	0.6894	1.154	0.749	1.0991	0.7426
215	0.9803	0.714	1.1668	0.772	1.1025	0.758
216	0.9541	0.6818	1.1251	0.7387	1.0739	0.7318
217	0.9534	0.6826	1.1381	0.7379	1.0862	0.7331
218	0.9532	0.6823	1.1283	0.7421	1.0719	0.7305
219	0.9566	0.6856	1.1416	0.7435	1.0856	0.7349
220	0.9675	0.695	1.1377	0.7473	1.08	0.7439
221	0.9639	0.6911	1.1382	0.7476	1.0831	0.7458
222	0.9736	0.7077	1.1562	0.7675	1.0941	0.7584
223	0.9524	0.686	1.143	0.7513	1.0834	0.7378
224	0.9417	0.6724	1.1245	0.7313	1.0646	0.7206
225	0.9386	0.6695	1.1286	0.729	1.0664	0.72
226	0.9418	0.6738	1.1223	0.7336	1.0638	0.7252
227	0.9342	0.6655	1.1349	0.7274	1.0723	0.7197
228	0.9347	0.6701	1.1278	0.7344	1.0665	0.7226
229	0.9401	0.6736	1.1426	0.7411	1.0785	0.7303
230	0.9475	0.6829	1.1385	0.7445	1.0732	0.7324
231	0.9309	0.6656	1.1221	0.729	1.0641	0.7199
232	0.9292	0.6651	1.1216	0.7249	1.0584	0.7163
233	0.9424	0.6806	1.1379	0.7409	1.0759	0.7318
234	0.9874	0.7263	1.1637	0.7827	1.105	0.7792
235	0.9286	0.6634	1.1355	0.7263	1.0744	0.7189
236	0.9238	0.6606	1.1252	0.7198	1.063	0.7157
237	0.932	0.6715	1.1301	0.7357	1.0692	0.7291
238	0.9777	0.7194	1.1685	0.7823	1.1021	0.7753
239	0.9662	0.7072	1.1565	0.7691	1.1066	0.7652
240	0.9285	0.6657	1.1296	0.7226	1.0619	0.72
241	0.95	0.6924	1.1407	0.7524	1.0802	0.7502
242	0.918	0.6574	1.1246	0.7212	1.0632	0.7149
243	1.0028	0.7388	1.171	0.7869	1.112	0.7924
244	0.9256	0.6677	1.1171	0.7246	1.0612	0.7215
245	0.926	0.6629	1.122	0.7227	1.0606	0.723
246	0.9166	0.6582	1.1154	0.716	1.0578	0.7173
247	0.9267	0.6699	1.1287	0.7366	1.0639	0.7286
248	0.9393	0.6781	1.1438	0.7385	1.0861	0.7351
249	0.9206	0.6586	1.1046	0.7166	1.0472	0.7168
250	0.9137	0.6553	1.1216	0.7192	1.0546	0.711
251	0.9188	0.661	1.128	0.7239	1.0635	0.7191
252	0.9071	0.6476	1.1157	0.7074	1.0502	0.706
253	0.9111	0.6537	1.1153	0.717	1.0515	0.7141
254	0.9101	0.649	1.1384	0.7174	1.0678	0.7139
255	0.9118	0.6539	1.1277	0.7193	1.0589	0.707
256	0.9308	0.6761	1.1348	0.7438	1.0655	0.738
257	0.908	0.6524	1.1254	0.7207	1.0568	0.7143
258	0.9036	0.6473	1.0978	0.7117	1.0334	0.7025
259	0.9347	0.6769	1.1367	0.7381	1.0702	0.7396
260	0.9067	0.6527	1.1023	0.7154	1.0431	0.7124
261	0.9253	0.6671	1.1282	0.727	1.0583	0.7279
262	0.899	0.6437	1.1017	0.707	1.0331	0.703
263	0.9332	0.6771	1.1426	0.7394	1.0819	0.7383
264	0.9066	0.6562	1.1117	0.7204	1.0454	0.7168
265	0.8922	0.6378	1.1	0.7017	1.0324	0.6974
266	0.9049	0.6528	1.1091	0.713	1.0529	0.7161
267	0.901	0.6482	1.104	0.7105	1.0384	0.7076
268	0.8873	0.6321	1.0984	0.6993	1.0291	0.6958
269	0.8919	0.637	1.1106	0.7045	1.0434	0.6992
270	0.8876	0.6348	1.1088	0.7007	1.0409	0.6974
271	0.8874	0.6325	1.112	0.6987	1.0412	0.6996
272	0.9005	0.6497	1.1194	0.7138	1.0419	0.7116
273	0.9554	0.7052	1.1608	0.7649	1.0994	0.7623
274	0.8879	0.6375	1.1108	0.6977	1.0451	0.7004
275	0.8922	0.6399	1.0978	0.705	1.0364	0.7017
276	0.8889	0.6389	1.1104	0.7012	1.0373	0.6989
277	0.8903	0.6375	1.0995	0.7032	1.0376	0.7039
278	0.8847	0.6347	1.0977	0.6998	1.0286	0.6963
279	0.8865	0.6334	1.0982	0.6986	1.0322	0.7016
280	0.8798	0.6281	1.1019	0.6883	1.0353	0.6925
281	0.8885	0.637	1.1108	0.7019	1.0477	0.7021
282	0.9339	0.6913	1.1489	0.7553	1.0723	0.7585
283	0.8884	0.6361	1.1129	0.7039	1.0422	0.7029
284	0.8797	0.6305	1.099	0.6998	1.0277	0.6965
285	0.905	0.6539	1.1175	0.7154	1.0449	0.7204
286	0.8837	0.634	1.1136	0.6997	1.0441	0.7055
287	0.9839	0.7252	1.1722	0.7786	1.0983	0.7788
288	0.8844	0.6339	1.1115	0.7027	1.0455	0.7052
289	0.9205	0.679	1.1345	0.7489	1.0591	0.7494
290	0.8845	0.6359	1.1112	0.7017	1.0507	0.703
291	0.9697	0.7188	1.1631	0.7694	1.0964	0.7803
292	0.984	0.7399	1.1668	0.8007	1.1132	0.7942
293	0.9722	0.7141	1.1897	0.7755	1.1254	0.7707
294	0.9173	0.6749	1.1227	0.7433	1.0529	0.7405
295	0.8947	0.6497	1.1124	0.7136	1.0441	0.7155
296	0.8756	0.6253	1.0801	0.6866	1.0141	0.6899
297	0.8906	0.6401	1.1114	0.7055	1.0463	0.7033
298	0.8835	0.6368	1.1122	0.6977	1.0411	0.7065
299	0.8796	0.6263	1.0871	0.6901	1.011	0.6844
300	0.8899	0.6394	1.132	0.7078	1.0647	0.7087
301	0.8723	0.627	1.0918	0.7012	1.018	0.6971
302	0.887	0.639	1.1133	0.7022	1.035	0.707
303	0.8964	0.6529	1.1159	0.7176	1.0511	0.7219
304	0.8787	0.6332	1.1131	0.7027	1.0311	0.7029
305	0.8771	0.63	1.108	0.6997	1.0363	0.7006
306	0.8941	0.6537	1.1255	0.7235	1.0417	0.7236
307	0.8711	0.6259	1.1025	0.6921	1.0277	0.696
308	0.8606	0.6144	1.1011	0.6884	1.0195	0.6869
309	0.8701	0.6249	1.1054	0.698	1.0263	0.7012
310	0.8613	0.617	1.0956	0.6851	1.0186	0.6905
311	0.8738	0.6269	1.0864	0.6938	1.0114	0.6938
312	0.8695	0.6249	1.1106	0.6944	1.0335	0.6968
313	0.8929	0.6522	1.121	0.7229	1.0434	0.7282
314	0.8705	0.6241	1.1126	0.694	1.0347	0.6891
315	0.8823	0.6363	1.0943	0.6998	1.025	0.7029
316	0.8525	0.6063	1.0915	0.6778	1.0102	0.6786
317	0.8585	0.6153	1.0907	0.6827	1.0169	0.6842
318	0.853	0.6071	1.0834	0.6767	1.0038	0.6762
319	0.9712	0.7271	1.1658	0.781	1.0946	0.7906
320	1.0085	0.7684	1.2028	0.8265	1.1325	0.8308
321	0.8732	0.628	1.1003	0.6955	1.022	0.6949
322	0.8727	0.6332	1.0925	0.6989	1.0225	0.7003
323	0.8646	0.6232	1.105	0.6927	1.0289	0.6992
324	0.8594	0.6156	1.0872	0.6858	1.0172	0.6889
325	0.8478	0.6042	1.0877	0.6747	1.006	0.6754
326	0.8636	0.6198	1.0833	0.6861	1.0066	0.6902
327	0.8444	0.6009	1.0812	0.6744	1.0003	0.6747
328	0.854	0.6101	1.1122	0.6865	1.0299	0.6875
329	0.8542	0.6147	1.1059	0.6938	1.0204	0.6936
330	0.849	0.6067	1.0986	0.6812	1.0196	0.6807
331	0.8453	0.6009	1.0749	0.6726	0.9932	0.6701
332	0.8654	0.6246	1.0931	0.6904	1.0149	0.6977
333	0.8796	0.6381	1.1258	0.7118	1.0521	0.7094
334	0.8582	0.6206	1.0931	0.6926	1.0108	0.6951
335	0.8376	0.5964	1.0955	0.6715	1.0147	0.6764
336	0.8403	0.5984	1.0766	0.6779	0.9992	0.6767
337	0.8416	0.6009	1.093	0.6749	1.0094	0.6787
338	0.8353	0.595	1.0821	0.6716	0.9949	0.6685
339	0.8347	0.5954	1.0872	0.6708	1.0042	0.6714
340	0.8372	0.5983	1.0834	0.6746	0.9974	0.6761
341	0.867	0.6248	1.1193	0.6976	1.0414	0.7001
342	0.9216	0.6743	1.1241	0.7266	1.0472	0.7337
343	0.8464	0.606	1.103	0.6831	1.0179	0.6839
344	0.8438	0.6073	1.0894	0.679	1.0012	0.6817
345	0.857	0.6151	1.0824	0.687	0.9984	0.6906
346	0.8586	0.6158	1.1258	0.6959	1.0397	0.6875
347	0.854	0.6169	1.104	0.692	1.0098	0.6964
348	0.8484	0.609	1.0963	0.6855	1.0101	0.6809
349	0.8389	0.5986	1.0916	0.6749	0.9968	0.673
350	0.8329	0.594	1.0779	0.6705	0.9908	0.671
351	0.834	0.5923	1.0914	0.6686	0.9995	0.6714
352	0.8363	0.5964	1.0856	0.671	0.9932	0.6672
353	0.8461	0.6025	1.1304	0.687	1.0366	0.6862
354	0.8408	0.6016	1.0859	0.6831	0.9985	0.6737
355	0.8361	0.5983	1.0972	0.6797	1.0065	0.6793
356	0.8346	0.593	1.0988	0.6696	1.0009	0.6702
357	0.8275	0.5895	1.0865	0.6666	0.9968	0.6677
358	0.8224	0.586	1.0818	0.6642	0.9863	0.6628
359	0.8234	0.5847	1.0849	0.6634	0.9861	0.6642
360	0.8681	0.6317	1.1109	0.7035	1.0164	0.7063
361	0.8333	0.5959	1.1037	0.6774	1.0078	0.6729
362	0.8435	0.6059	1.1051	0.686	1.0144	0.6857
363	0.8359	0.597	1.088	0.6713	0.9893	0.6737
364	0.8487	0.6137	1.1092	0.6954	1.0213	0.6971
365	0.84	0.6023	1.1018	0.6751	1.0005	0.6793
366	0.8194	0.5854	1.0854	0.6678	0.9829	0.6641
367	0.8264	0.5913	1.1008	0.6756	1.0033	0.6728
368	0.8281	0.5887	1.0715	0.6637	0.9754	0.6651
369	0.8563	0.6199	1.1234	0.7013	1.0328	0.6968
370	0.8193	0.5853	1.0915	0.6706	0.9923	0.6647
371	0.8231	0.5908	1.0931	0.6698	0.9953	0.6707
372	0.8381	0.5991	1.0992	0.6753	1.0007	0.6804
373	0.8438	0.6103	1.1037	0.6902	1.0102	0.6854
374	0.87	0.6318	1.1136	0.7047	1.0131	0.7054
375	0.822	0.5866	1.1087	0.6754	1.0068	0.6689
376	0.8331	0.6014	1.1153	0.6951	1.0103	0.6896
377	0.8137	0.5811	1.0977	0.6709	0.9922	0.6691
378	0.8228	0.5894	1.0843	0.6703	0.9834	0.6693
379	0.8301	0.5938	1.0843	0.6677	0.9804	0.6685
380	0.8402	0.6056	1.107	0.6908	1.0139	0.6878
381	0.8372	0.6059	1.1193	0.6879	1.014	0.688
382	0.8563	0.6193	1.1274	0.7021	1.0316	0.6962
383	0.918	0.6827	1.1379	0.7439	1.0484	0.7492
384	0.857	0.6233	1.1258	0.7071	1.034	0.7003
385	0.8884	0.6517	1.1158	0.7101	1.0236	0.7191
386	0.8242	0.5905	1.1019	0.6723	1.0015	0.6727
387	0.8222	0.5902	1.0856	0.6709	0.9836	0.6708
388	0.8134	0.579	1.1029	0.6665	0.998	0.6634
389	0.8145	0.5804	1.0782	0.6584	0.9724	0.656
390	0.8102	0.576	1.0849	0.6619	0.9852	0.6625
391	0.806	0.5734	1.0861	0.6572	0.9812	0.656
392	0.8118	0.578	1.0766	0.6571	0.9676	0.6565
393	0.8056	0.5724	1.0804	0.6562	0.9742	0.6603
394	0.8064	0.5747	1.0898	0.663	0.9817	0.6556
395	0.8081	0.574	1.0987	0.6681	0.9876	0.6625
396	0.8027	0.5707	1.0766	0.6577	0.9647	0.6521
397	0.8016	0.5673	1.0862	0.6572	0.9778	0.6506
398	0.8237	0.5908	1.0979	0.6741	0.992	0.6725
399	0.8077	0.5735	1.0919	0.6636	0.9805	0.6574
400	0.8018	0.5706	1.0922	0.6622	0.9845	0.6583
401	0.8287	0.5953	1.0898	0.6717	0.9796	0.6702
402	0.8061	0.5744	1.0868	0.6608	0.9768	0.6594
403	0.799	0.5681	1.0829	0.6554	0.9713	0.6526
404	0.8106	0.5776	1.1026	0.6709	0.9947	0.663
405	0.8036	0.5727	1.0828	0.662	0.9763	0.662
406	0.7993	0.5697	1.0863	0.659	0.9808	0.6546
407	0.8051	0.5755	1.0878	0.669	0.9774	0.6637
408	0.8167	0.5841	1.1097	0.6781	1.0038	0.6688
409	0.8014	0.5707	1.1044	0.6681	0.9945	0.6645
410	0.7984	0.5694	1.0941	0.6644	0.9859	0.6555
411	0.7973	0.567	1.0887	0.6571	0.9755	0.652
412	0.8183	0.5871	1.1137	0.682	1.0013	0.6691
413	0.8089	0.5796	1.1002	0.666	0.9817	0.6656
414	0.822	0.5921	1.0976	0.6835	0.9894	0.6712
415	0.7959	0.5647	1.0832	0.6545	0.9676	0.6479
416	0.8044	0.5747	1.0714	0.6579	0.9589	0.6555
417	0.8122	0.5837	1.0983	0.6791	0.9939	0.6683
418	0.8541	0.628	1.1145	0.7058	1.0042	0.7052
419	0.8533	0.6234	1.1314	0.7138	1.0313	0.6983
420	0.8348	0.6067	1.104	0.6877	0.9986	0.6885
421	0.7916	0.5619	1.0811	0.6578	0.9694	0.65
422	0.7889	0.5602	1.0829	0.6541	0.9704	0.6484
423	0.7954	0.5646	1.0787	0.6555	0.9728	0.6537
424	0.7912	0.5595	1.0923	0.6568	0.982	0.6452
425	0.8095	0.5828	1.0856	0.674	0.973	0.6695
426	0.7828	0.5541	1.0786	0.6499	0.9627	0.6404
427	0.7923	0.5646	1.0745	0.658	0.9592	0.6477
428	0.8113	0.5806	1.0891	0.667	0.9777	0.6653
429	0.8031	0.5725	1.1193	0.6754	1.0031	0.6595
430	0.789	0.563	1.0876	0.6609	0.9642	0.6511
431	0.8171	0.5883	1.102	0.6808	0.9918	0.6712
432	0.799	0.569	1.0845	0.6578	0.9709	0.6511
433	0.8097	0.5843	1.0937	0.6819	0.9922	0.6712
434	0.8084	0.5795	1.0936	0.6645	0.9741	0.6627
435	0.8011	0.5716	1.109	0.6706	0.9893	0.6539
436	0.7864	0.5589	1.0914	0.656	0.9745	0.6475
437	0.7831	0.5542	1.0806	0.6539	0.9663	0.6429
438	0.7921	0.5644	1.0879	0.662	0.9731	0.6572
439	0.7944	0.561	1.0801	0.6516	0.9576	0.6414
440	0.7939	0.5658	1.0791	0.6543	0.9708	0.6512
441	0.8012	0.5726	1.1024	0.6711	0.9925	0.6565
442	0.786	0.5614	1.0819	0.6577	0.9662	0.6462
443	0.7796	0.55	1.0875	0.6522	0.9694	0.6415
444	0.7911	0.5645	1.1015	0.6605	0.9892	0.6505
445	0.7961	0.5665	1.0798	0.6554	0.9587	0.6488
446	0.7821	0.5553	1.0876	0.6553	0.972	0.6446
447	0.7967	0.5719	1.0915	0.6724	0.9777	0.6645
448	0.7743	0.5464	1.0842	0.6497	0.9705	0.6405
449	0.7863	0.5597	1.0956	0.6625	0.9823	0.6499
450	0.8042	0.579	1.0896	0.6677	0.9755	0.6651
451	0.7856	0.5577	1.1	0.6616	0.98	0.6481
452	0.7808	0.5566	1.0772	0.656	0.9576	0.6487
453	0.7809	0.5557	1.0923	0.6553	0.9742	0.6504
454	0.7805	0.5515	1.1016	0.6596	0.9804	0.6468
455	0.7898	0.5668	1.0927	0.6664	0.9797	0.659
456	0.8543	0.6232	1.163	0.7231	1.0518	0.7044
457	0.845	0.6256	1.1187	0.7114	1.0029	0.7063
458	0.7821	0.5559	1.0968	0.6549	0.9772	0.6437
459	0.7953	0.5721	1.087	0.6686	0.9766	0.658
460	0.8344	0.6112	1.1274	0.6985	1.0134	0.6983
461	0.7958	0.5669	1.1075	0.6698	0.9886	0.6552
462	0.7931	0.5662	1.106	0.676	0.9827	0.6578
463	0.7755	0.5484	1.0947	0.6503	0.975	0.6415
464	0.7739	0.549	1.0798	0.6522	0.9568	0.6417
465	0.7693	0.5455	1.0771	0.6457	0.9523	0.6358
466	0.7717	0.5455	1.0814	0.6488	0.9589	0.6391
467	0.7694	0.5451	1.093	0.6536	0.9691	0.6407
468	0.7718	0.5464	1.0951	0.6581	0.9644	0.6417
469	0.798	0.5709	1.1289	0.6799	1.005	0.6572
470	0.7659	0.542	1.0823	0.647	0.9519	0.6355
471	0.7835	0.5573	1.1042	0.6674	0.9772	0.6493
472	0.776	0.5526	1.0783	0.6509	0.9567	0.6404
473	0.761	0.5356	1.0716	0.6449	0.9521	0.6322
474	0.7611	0.5354	1.0732	0.6423	0.9515	0.6352
475	0.7793	0.556	1.0915	0.6592	0.9633	0.6498
476	0.7742	0.5492	1.0935	0.6581	0.9692	0.6437
477	0.7782	0.5551	1.0835	0.6516	0.9527	0.6444
478	0.7695	0.5452	1.0786	0.65	0.9547	0.6405
479	0.7589	0.5357	1.0798	0.6457	0.952	0.6313
480	0.7665	0.5414	1.0951	0.6583	0.9699	0.6406
481	0.7669	0.5415	1.1132	0.6576	0.9817	0.6346
482	0.7601	0.5362	1.074	0.6513	0.9505	0.6322
483	0.7869	0.5682	1.0879	0.6749	0.969	0.6545
484	0.786	0.5623	1.0703	0.6525	0.9452	0.6423
485	0.7794	0.5556	1.0851	0.6542	0.956	0.6483
486	0.7897	0.5658	1.1092	0.6763	0.9867	0.6551
487	0.772	0.5507	1.1042	0.6685	0.9756	0.65
488	0.7572	0.5347	1.0679	0.6379	0.9412	0.6288
489	0.7577	0.5336	1.077	0.6409	0.9544	0.6301
490	0.765	0.5407	1.0669	0.6422	0.9412	0.6323
491	0.7929	0.5685	1.1059	0.6749	0.9875	0.6586
492	0.758	0.5314	1.0962	0.645	0.9653	0.6295
493	0.7598	0.5357	1.0844	0.6452	0.9498	0.6325
494	0.7789	0.556	1.1096	0.6694	0.9776	0.654
495	0.7675	0.5473	1.0809	0.6467	0.9422	0.6358
496	0.7552	0.5302	1.0855	0.6445	0.9478	0.6267
497	0.7591	0.5382	1.0734	0.6481	0.9406	0.6334
498	0.7536	0.529	1.0872	0.6437	0.9506	0.6252
499	0.7577	0.5372	1.0884	0.6433	0.9486	0.6295
500	0.7534	0.5292	1.0824	0.6399	0.9477	0.6229
501	0.7592	0.5389	1.0878	0.6527	0.9485	0.6392
502	0.7605	0.5387	1.0634	0.6438	0.9292	0.6295
503	0.7519	0.5286	1.0757	0.6425	0.9455	0.6257
504	0.7446	0.522	1.0616	0.6327	0.9256	0.6163
505	0.7578	0.5372	1.1015	0.6532	0.9546	0.6382
506	0.7589	0.5393	1.0973	0.6629	0.9669	0.6429
507	0.7437	0.5226	1.0787	0.6425	0.9424	0.6247
508	0.7565	0.536	1.0909	0.6556	0.9586	0.6364
509	0.7755	0.5563	1.0975	0.6756	0.9731	0.6522
510	0.7484	0.5273	1.0769	0.6417	0.9431	0.6245
511	0.7759	0.5613	1.0955	0.6652	0.9616	0.6549
512	0.7525	0.5326	1.0742	0.6428	0.9451	0.6289
513	0.784	0.5612	1.1095	0.6734	0.9846	0.6596
514	0.7521	0.5315	1.0814	0.6448	0.9549	0.6325
515	0.7467	0.5259	1.0877	0.6408	0.9546	0.626
516	0.7516	0.5311	1.0875	0.6498	0.9534	0.6333
517	0.754	0.5318	1.0727	0.6406	0.9397	0.6278
518	0.7426	0.5207	1.061	0.6326	0.929	0.6177
519	0.7475	0.5248	1.0905	0.6445	0.9526	0.6258
520	0.7577	0.5379	1.0813	0.6503	0.946	0.6386
521	0.7467	0.5264	1.0838	0.6443	0.9532	0.6264
522	0.7449	0.5228	1.0819	0.6451	0.9413	0.6254
523	0.7439	0.5222	1.0897	0.6401	0.9564	0.6231
524	0.7386	0.5182	1.0721	0.6395	0.9406	0.6196
525	0.7455	0.5224	1.093	0.6488	0.9546	0.6249
526	0.7564	0.5396	1.0835	0.6506	0.9606	0.6324
527	0.7431	0.5231	1.0963	0.6462	0.9585	0.6273
528	0.7492	0.5314	1.0881	0.6517	0.9521	0.6295
529	0.7403	0.5197	1.0826	0.6386	0.9487	0.6206
530	0.7628	0.5432	1.0935	0.6486	0.9555	0.6385
531	0.7375	0.5172	1.0669	0.6323	0.9246	0.6137
532	0.7369	0.5188	1.0791	0.6372	0.9376	0.6178
533	0.7327	0.5134	1.0766	0.6344	0.9341	0.6129
534	0.7669	0.5506	1.0849	0.6531	0.9542	0.6447
535	0.7453	0.528	1.0741	0.6434	0.9513	0.6278
536	0.7503	0.5362	1.0752	0.6462	0.9456	0.6299
537	0.7347	0.5157	1.0757	0.6299	0.9396	0.6153
538	0.7491	0.5314	1.0849	0.649	0.9564	0.6349
539	0.7378	0.5202	1.0594	0.6315	0.9272	0.6164
540	0.7493	0.5321	1.0838	0.6475	0.9502	0.6346
541	0.7377	0.5198	1.087	0.6454	0.9518	0.6236
542	0.7384	0.5195	1.0917	0.6429	0.9544	0.6208
543	0.7404	0.5242	1.0939	0.6473	0.9534	0.6314
544	0.7315	0.5137	1.0705	0.6357	0.9349	0.6161
545	0.7543	0.5358	1.0933	0.6522	0.9565	0.6319
546	0.731	0.5131	1.0594	0.63	0.9309	0.6121
547	0.7283	0.5085	1.0589	0.6289	0.9274	0.6097
548	0.7356	0.5174	1.0831	0.6383	0.9427	0.6156
549	0.8114	0.5973	1.1026	0.6892	0.9747	0.6788
550	0.733	0.516	1.0724	0.6357	0.9353	0.6179
551	0.733	0.5137	1.0946	0.6409	0.9528	0.6166
552	0.7397	0.5237	1.0899	0.6496	0.9553	0.6269
553	0.7316	0.514	1.0896	0.6447	0.9464	0.6226
554	0.7392	0.523	1.0915	0.6496	0.9538	0.6246
555	0.7408	0.5264	1.0965	0.6494	0.9524	0.6288
556	0.7428	0.5241	1.091	0.6445	0.9486	0.622
557	0.7735	0.5588	1.0984	0.6585	0.961	0.6494
558	0.7513	0.537	1.0618	0.6489	0.9311	0.631
559	0.751	0.5349	1.0824	0.6399	0.943	0.6276
560	0.7265	0.5084	1.0726	0.6325	0.934	0.6102
561	0.7284	0.5113	1.0846	0.6381	0.9413	0.6162
562	0.7225	0.5046	1.0778	0.6305	0.9376	0.6076
563	0.7326	0.5182	1.0901	0.6457	0.9482	0.6224
564	0.7322	0.5144	1.0825	0.6432	0.9482	0.6176
565	0.7317	0.5125	1.0841	0.6367	0.9424	0.6121
566	0.7307	0.5147	1.0825	0.6393	0.9442	0.6191
567	0.7283	0.5123	1.084	0.6381	0.9432	0.6179
568	0.7419	0.5297	1.0763	0.6367	0.937	0.6242
569	0.7211	0.5043	1.0694	0.6299	0.9343	0.6089
570	0.7253	0.5066	1.0883	0.6389	0.947	0.6096
571	0.7314	0.5127	1.0965	0.649	0.9628	0.6193
572	0.7228	0.5067	1.083	0.6356	0.9479	0.6131
573	0.7284	0.5109	1.0716	0.6385	0.9395	0.6184
574	0.7241	0.5066	1.0928	0.6383	0.9548	0.6139
575	0.7566	0.5482	1.0902	0.6656	0.9453	0.6448
576	0.7418	0.5272	1.1009	0.6572	0.964	0.6337
577	0.7311	0.5127	1.0966	0.6429	0.9512	0.6166
578	0.7268	0.5136	1.067	0.6299	0.9268	0.6135
579	0.7255	0.5109	1.0647	0.6371	0.9376	0.6172
580	0.732	0.5166	1.0839	0.6359	0.9368	0.6105
581	0.7248	0.5104	1.0622	0.6305	0.9244	0.6114
582	0.716	0.4996	1.0741	0.6274	0.9278	0.6055
583	0.7267	0.5137	1.0719	0.6337	0.9301	0.6131
584	0.7248	0.5072	1.1	0.6433	0.9548	0.6172
585	0.7371	0.5208	1.0823	0.6437	0.9417	0.6255
586	0.7513	0.54	1.0868	0.6554	0.9571	0.6415
587	0.7242	0.5123	1.0856	0.6431	0.9439	0.6187
588	0.7308	0.5147	1.0917	0.6435	0.9515	0.6192
589	0.7239	0.5098	1.0849	0.6365	0.9406	0.615
590	0.7228	0.51	1.0709	0.6375	0.9313	0.6152
591	0.7253	0.5132	1.0749	0.6354	0.9364	0.6161
592	0.7092	0.4936	1.0624	0.6241	0.9165	0.6037
593	0.7123	0.4992	1.0728	0.6247	0.9301	0.6071
594	0.7101	0.4972	1.0675	0.6251	0.9207	0.6039
595	0.7193	0.5083	1.0808	0.6394	0.9298	0.6145
596	0.72	0.5071	1.086	0.6399	0.9426	0.6188
597	0.7059	0.4911	1.0695	0.6199	0.9191	0.5966
598	0.7073	0.494	1.073	0.6237	0.9209	0.6003
599	0.7189	0.5076	1.0759	0.6366	0.927	0.6125
600	0.707	0.4943	1.0696	0.6276	0.9126	0.6001
601	0.7279	0.5138	1.1092	0.6508	0.9621	0.6216
602	0.7133	0.5024	1.0666	0.6301	0.9243	0.6077
603	0.709	0.4955	1.0918	0.6319	0.9358	0.6092
604	0.7227	0.5124	1.0629	0.6325	0.9148	0.6128
605	0.7048	0.4923	1.0776	0.6236	0.9292	0.6013
606	0.7133	0.5	1.077	0.6338	0.9277	0.6091
607	0.751	0.5396	1.106	0.6711	0.9619	0.6431
608	0.7066	0.49	1.0876	0.6311	0.9328	0.6033
609	0.7351	0.5285	1.0886	0.6466	0.9423	0.6307
610	0.7102	0.4971	1.0835	0.6329	0.9292	0.6075
611	0.7071	0.4946	1.0631	0.6257	0.9147	0.6019
612	0.7154	0.5012	1.0912	0.634	0.9393	0.6084
613	0.7186	0.5072	1.1099	0.6463	0.9511	0.6138
614	0.7062	0.4956	1.0861	0.6286	0.9194	0.6047
615	0.7036	0.4924	1.0752	0.6209	0.9214	0.5996
616	0.7776	0.5662	1.1171	0.6883	0.9782	0.6616
617	0.7526	0.5447	1.0838	0.6483	0.944	0.6395
618	0.7414	0.5338	1.0892	0.661	0.9514	0.6405
619	0.7084	0.4976	1.0553	0.62	0.9046	0.5984
620	0.7069	0.4964	1.0582	0.6229	0.9122	0.6014
621	0.7199	0.5038	1.1002	0.6434	0.9538	0.6145
622	0.7133	0.5041	1.0828	0.6356	0.9298	0.6122
623	0.743	0.5333	1.082	0.6578	0.9445	0.6352
624	0.7432	0.5331	1.0819	0.6423	0.9368	0.6287
625	0.7193	0.5054	1.0867	0.6392	0.9395	0.6165
626	0.7037	0.4916	1.0655	0.6221	0.9083	0.5965
627	0.7065	0.4943	1.0853	0.6276	0.9229	0.6023
628	0.7045	0.4918	1.0656	0.6294	0.9187	0.6013
629	0.701	0.4874	1.0936	0.6308	0.9304	0.6009
630	0.7195	0.5069	1.0903	0.6468	0.9421	0.6146
631	0.7261	0.5194	1.0913	0.6513	0.9444	0.6305
632	0.7098	0.5025	1.0661	0.6373	0.9098	0.6092
633	0.6979	0.485	1.0658	0.6216	0.9115	0.5932
634	0.7008	0.4896	1.0596	0.6241	0.9079	0.6004
635	0.7113	0.5028	1.073	0.633	0.9222	0.6116
636	0.6922	0.4802	1.0626	0.6173	0.9084	0.5896
637	0.6943	0.4815	1.0885	0.6248	0.9262	0.5943
638	0.7038	0.4944	1.0865	0.6331	0.9306	0.6105
639	0.7145	0.5101	1.0816	0.6444	0.9284	0.621
640	0.6954	0.4827	1.0929	0.6261	0.9287	0.5986
641	0.7612	0.5507	1.1185	0.6792	0.9755	0.6553
642	0.7013	0.4896	1.0947	0.6276	0.9286	0.6035
643	0.7124	0.5045	1.0657	0.638	0.9138	0.6131
644	0.7131	0.4996	1.108	0.6413	0.9518	0.6072
645	0.6942	0.4842	1.0686	0.6213	0.91	0.5952
646	0.6969	0.4865	1.0875	0.6254	0.9262	0.598
647	0.6922	0.4817	1.0679	0.6181	0.9072	0.5908
648	0.697	0.4868	1.0847	0.6261	0.9231	0.6052
649	0.6871	0.4776	1.0712	0.618	0.909	0.5945
650	0.7244	0.5168	1.1	0.6566	0.9496	0.633
651	0.7468	0.5389	1.078	0.6502	0.9322	0.6337
652	0.6917	0.4818	1.0596	0.6174	0.9059	0.5944
653	0.7046	0.4959	1.0738	0.6368	0.9245	0.6105
654	0.6879	0.4789	1.0745	0.6209	0.9149	0.5955
655	0.7352	0.5344	1.1002	0.6701	0.9471	0.643
656	0.7172	0.5073	1.1102	0.6511	0.9537	0.618
657	0.7104	0.5005	1.0814	0.6376	0.9344	0.6138
658	0.7481	0.5459	1.092	0.6618	0.9515	0.6502
659	0.7539	0.5426	1.1233	0.6757	0.9857	0.6504
660	0.6957	0.4883	1.0729	0.6243	0.913	0.6018
661	0.7257	0.5158	1.0904	0.6529	0.9462	0.6246
662	0.6871	0.4784	1.0709	0.6158	0.9144	0.5935
663	0.7089	0.5019	1.0786	0.6304	0.9193	0.6128
664	0.7177	0.5075	1.0965	0.6441	0.9431	0.6205
665	0.7112	0.5031	1.0906	0.634	0.929	0.6158
666	0.6868	0.4753	1.0592	0.619	0.9067	0.5932
667	0.6972	0.4857	1.0931	0.6266	0.9384	0.5994
668	0.7641	0.5586	1.0853	0.6676	0.9444	0.653
669	0.7723	0.5732	1.1334	0.7113	0.9954	0.6821
670	0.7413	0.5359	1.0705	0.6481	0.9324	0.6322
671	0.7293	0.5253	1.1073	0.6645	0.9574	0.6353
672	0.7052	0.5006	1.0561	0.6314	0.9187	0.6106
673	0.7213	0.506	1.1169	0.6497	0.9708	0.6202
674	0.7227	0.5184	1.0795	0.649	0.9389	0.6296
675	0.7615	0.5571	1.1103	0.6899	0.9662	0.6595
676	0.7464	0.5399	1.0754	0.6512	0.9339	0.6322
677	0.7742	0.5692	1.1389	0.7044	0.9966	0.6748
678	0.7044	0.5008	1.0545	0.6254	0.9116	0.6056
679	0.6885	0.4777	1.0756	0.6165	0.9187	0.5942
680	0.6875	0.48	1.0591	0.6173	0.9059	0.5936
681	0.6918	0.4839	1.0794	0.6235	0.9227	0.6016
682	0.6909	0.4825	1.0807	0.6226	0.9255	0.6019
683	0.6965	0.4905	1.0789	0.6325	0.9204	0.6072
684	0.7064	0.5029	1.0683	0.6284	0.9163	0.6124
685	0.7085	0.5033	1.08	0.6446	0.9268	0.6171
686	0.6957	0.4896	1.0807	0.6271	0.9207	0.6047
687	0.6836	0.4733	1.0696	0.619	0.9157	0.5918
688	0.7037	0.5003	1.0723	0.6383	0.9268	0.6133
689	0.6963	0.4906	1.0598	0.6347	0.9188	0.6076
690	0.6894	0.48	1.0766	0.6207	0.9192	0.5943
691	0.6839	0.4784	1.0539	0.6149	0.9067	0.5942
692	0.681	0.4734	1.0709	0.6168	0.9119	0.593
693	0.703	0.4935	1.0891	0.639	0.9369	0.6138
694	0.7159	0.5149	1.1105	0.6549	0.9535	0.6331
695	0.6969	0.4871	1.087	0.6377	0.9392	0.6122
696	0.6836	0.4762	1.0998	0.6289	0.9354	0.5998
697	0.6827	0.4788	1.064	0.6227	0.9062	0.5943
698	0.6801	0.4714	1.0865	0.6263	0.9318	0.5951
699	0.7321	0.5272	1.0798	0.6512	0.935	0.6318
700	0.7013	0.4943	1.0901	0.6412	0.9417	0.613
701	0.7285	0.5281	1.0765	0.652	0.9365	0.6331
702	0.7959	0.5971	1.1476	0.7344	1.014	0.7008
703	0.7308	0.5364	1.0902	0.6718	0.9436	0.6412
704	0.7356	0.5175	1.1448	0.6678	0.9902	0.6295
705	0.6961	0.4949	1.0719	0.6364	0.918	0.6097
706	0.6982	0.4916	1.1002	0.6413	0.9413	0.6082
707	0.6783	0.4709	1.0703	0.6194	0.9225	0.591
708	0.6758	0.4682	1.0583	0.6099	0.9033	0.583
709	0.6818	0.4803	1.0649	0.6188	0.9063	0.5942
710	0.6806	0.4738	1.0698	0.6224	0.9162	0.5926
711	0.7003	0.4984	1.082	0.6368	0.9317	0.614
712	0.6978	0.4932	1.0964	0.647	0.9442	0.6151
713	0.7114	0.5123	1.0769	0.6402	0.9233	0.6192
714	0.6754	0.4686	1.086	0.6246	0.9226	0.5959
715	0.6802	0.4768	1.0567	0.6241	0.9107	0.5999
716	0.6871	0.484	1.0645	0.6302	0.9179	0.6027
717	0.6794	0.4744	1.0471	0.61	0.8968	0.5865
718	0.6879	0.4873	1.074	0.6381	0.9296	0.6113
719	0.6744	0.4707	1.0656	0.619	0.9171	0.5943
720	0.6729	0.4677	1.0752	0.6192	0.9183	0.5922
721	0.674	0.4704	1.0676	0.6229	0.912	0.5957
722	0.6755	0.4696	1.0791	0.6272	0.9254	0.593
723	0.6793	0.4769	1.072	0.6219	0.9134	0.5977
724	0.675	0.4695	1.0771	0.6253	0.9231	0.5973
725	0.6684	0.465	1.0626	0.6155	0.9121	0.5887
726	0.6739	0.4708	1.0795	0.6183	0.9105	0.5924
727	0.6709	0.4684	1.0717	0.6232	0.9135	0.5905
728	0.6769	0.4749	1.0622	0.6155	0.8917	0.587
729	0.6823	0.4806	1.0726	0.6309	0.9201	0.6007
730	0.6736	0.4702	1.0675	0.6191	0.9116	0.593
731	0.6638	0.4615	1.0691	0.6168	0.9045	0.5857
732	0.6768	0.4737	1.0713	0.6186	0.9127	0.5955
733	0.6601	0.4565	1.0584	0.608	0.9038	0.581
734	0.6661	0.4619	1.0761	0.6166	0.9179	0.5848
735	0.6635	0.4598	1.0555	0.6122	0.9128	0.5844
736	0.6643	0.462	1.0513	0.6129	0.9083	0.5835
737	0.66	0.4551	1.0533	0.6081	0.9069	0.5796
738	0.6655	0.4602	1.0716	0.6175	0.9265	0.5874
739	0.679	0.48	1.0788	0.6235	0.9172	0.6039
740	0.6724	0.4672	1.0939	0.6274	0.9402	0.5977
741	0.6734	0.4729	1.0498	0.6127	0.9009	0.5921
742	0.6625	0.4579	1.0752	0.6158	0.9172	0.5834
743	0.6603	0.4583	1.0521	0.6131	0.9009	0.5822
744	0.6598	0.4547	1.0654	0.6096	0.907	0.5814
745	0.682	0.4805	1.0548	0.6305	0.9157	0.608
746	0.678	0.477	1.0701	0.6177	0.9112	0.5947
747	0.6761	0.4758	1.0667	0.6236	0.9071	0.5974
748	0.6675	0.4661	1.0772	0.621	0.9175	0.5904
749	0.6588	0.4547	1.054	0.608	0.9033	0.5798
750	0.6592	0.4578	1.0689	0.6117	0.9136	0.5859
751	0.6541	0.451	1.0578	0.6069	0.9045	0.5787
752	0.6556	0.4527	1.0564	0.6094	0.9116	0.5828
753	0.6606	0.4578	1.061	0.6152	0.9115	0.5871
754	0.6736	0.4706	1.0757	0.6267	0.9283	0.5959
755	0.6559	0.4521	1.0642	0.6111	0.9087	0.5822
756	0.6572	0.4544	1.0656	0.6067	0.9053	0.5817
757	0.6559	0.4536	1.0608	0.6082	0.8987	0.5801
758	0.6601	0.4591	1.0847	0.6163	0.9156	0.5852
759	0.6573	0.4566	1.0579	0.6116	0.9024	0.5842
760	0.6886	0.4915	1.0908	0.6383	0.9294	0.6146
761	0.6824	0.4784	1.1025	0.6344	0.9472	0.6021
762	0.6625	0.4622	1.0509	0.6084	0.8942	0.5859
763	0.6789	0.478	1.0696	0.6181	0.9203	0.5994
764	0.6605	0.4566	1.0656	0.6083	0.907	0.5813
765	0.6684	0.4663	1.0747	0.6161	0.9201	0.5948
766	0.6626	0.4595	1.0804	0.6187	0.9229	0.5917
767	0.6526	0.4487	1.0797	0.6101	0.9165	0.5815
768	0.6559	0.4561	1.055	0.6143	0.9027	0.5835
769	0.6971	0.4985	1.0601	0.6314	0.9131	0.6104
770	0.6623	0.4633	1.0554	0.6232	0.9098	0.5879
771	0.6724	0.4723	1.0704	0.6273	0.9216	0.6005
772	0.6521	0.4512	1.0631	0.6154	0.9162	0.5854
773	0.6757	0.4786	1.0662	0.6322	0.9158	0.606
774	0.6513	0.4499	1.0704	0.6101	0.9074	0.5775
775	0.6515	0.4488	1.0625	0.6125	0.911	0.5799
776	0.6555	0.4526	1.0737	0.6145	0.9181	0.5842
777	0.6587	0.4566	1.0771	0.6188	0.9278	0.5889
778	0.6742	0.4785	1.068	0.6224	0.9139	0.6002
779	0.6798	0.4763	1.1083	0.6378	0.9429	0.6018
780	0.6613	0.4583	1.0698	0.6198	0.9156	0.5852
781	0.6972	0.5043	1.0904	0.6551	0.9397	0.6268
782	0.656	0.4545	1.0956	0.6228	0.9341	0.584
783	0.6625	0.4596	1.0576	0.6184	0.9155	0.5871
784	0.6508	0.4497	1.0617	0.6083	0.9118	0.5801
785	0.6786	0.4809	1.0739	0.6322	0.9252	0.6066
786	0.6564	0.453	1.0841	0.6211	0.9325	0.5878
787	0.6785	0.4777	1.0841	0.6401	0.9367	0.6056
788	0.6897	0.4946	1.0772	0.6398	0.9243	0.6144
789	0.6493	0.4477	1.0501	0.6033	0.89	0.5702
790	0.6548	0.4522	1.0644	0.6207	0.9139	0.5834
791	0.6627	0.4592	1.0952	0.6302	0.9352	0.5905
792	0.6623	0.4652	1.0627	0.6248	0.9105	0.595
793	0.6924	0.4973	1.1006	0.6516	0.942	0.6226
794	0.7289	0.5302	1.1172	0.6807	0.9713	0.6457
795	0.6852	0.4901	1.0936	0.6428	0.9359	0.6127
796	0.6611	0.4579	1.0723	0.6189	0.9207	0.5893
797	0.6537	0.4533	1.0608	0.6147	0.9095	0.5832
798	0.6524	0.4529	1.071	0.6153	0.9079	0.581
799	0.6501	0.4486	1.0701	0.6167	0.908	0.5805
800	0.6659	0.4647	1.0879	0.6309	0.9305	0.5937
801	0.656	0.4576	1.0484	0.6065	0.8887	0.5796
802	0.6532	0.4533	1.0852	0.6179	0.9179	0.5858
803	0.6463	0.4445	1.089	0.6133	0.9275	0.5811
804	0.646	0.4465	1.0686	0.6138	0.9074	0.5843
805	0.6806	0.4863	1.0702	0.6291	0.919	0.6088
806	0.645	0.4445	1.0455	0.6063	0.8894	0.5781
807	0.6462	0.4446	1.0788	0.6087	0.9109	0.575
808	0.6495	0.4494	1.0766	0.6132	0.9133	0.5795
809	0.7353	0.5458	1.0906	0.6771	0.9537	0.6548
810	0.6577	0.4569	1.0827	0.6183	0.9269	0.5847
811	0.7176	0.5183	1.1096	0.6649	0.9699	0.6383
812	0.6547	0.4536	1.0517	0.6033	0.8986	0.5808
813	0.6433	0.4438	1.0535	0.6031	0.8987	0.5755
814	0.6426	0.4425	1.0651	0.6045	0.9047	0.5765
815	0.6622	0.467	1.0735	0.626	0.9115	0.5933
816	0.6466	0.4453	1.078	0.6159	0.9102	0.579
817	0.6473	0.4483	1.0556	0.606	0.892	0.5763
818	0.6471	0.4495	1.0612	0.6064	0.8963	0.5793
819	0.6413	0.441	1.0597	0.6087	0.9021	0.5748
820	0.6432	0.4424	1.0834	0.6147	0.9205	0.5758
821	0.6478	0.451	1.0496	0.6145	0.9006	0.5822
822	0.6538	0.4555	1.0911	0.6201	0.9284	0.5859
823	0.6417	0.4429	1.0561	0.6075	0.8962	0.5744
824	0.6424	0.4432	1.0654	0.6131	0.915	0.5764
825	0.6417	0.4449	1.0542	0.6052	0.8945	0.5761
826	0.6516	0.4552	1.0723	0.6223	0.9116	0.5894
827	0.6492	0.4547	1.0541	0.6127	0.8992	0.585
828	0.6513	0.4484	1.0945	0.6216	0.9308	0.5805
829	0.6438	0.4456	1.0516	0.611	0.8996	0.5757
830	0.6372	0.4374	1.0666	0.604	0.9066	0.5698
831	0.641	0.445	1.0614	0.6049	0.8973	0.577
832	0.6985	0.5072	1.1082	0.6704	0.95	0.6341
833	0.6602	0.4652	1.0642	0.6104	0.8982	0.5891
834	0.6374	0.439	1.0408	0.5997	0.8902	0.5735
835	0.6424	0.4422	1.0567	0.6057	0.9081	0.5783
836	0.6542	0.4591	1.0671	0.6193	0.9084	0.5904
837	0.6406	0.4422	1.0626	0.6063	0.9089	0.5787
838	0.6366	0.4377	1.0652	0.6062	0.9041	0.5736
839	0.6362	0.4384	1.0627	0.606	0.8952	0.5741
840	0.6417	0.4435	1.0682	0.6124	0.9036	0.5783
841	0.6425	0.4428	1.0815	0.6211	0.9101	0.5782
842	0.6586	0.4653	1.0802	0.6232	0.9209	0.5955
843	0.6922	0.5045	1.0882	0.6526	0.933	0.6243
844	0.7892	0.5957	1.1913	0.7473	1.0473	0.7073
845	0.7864	0.5916	1.1581	0.734	1.0187	0.7026
846	0.7294	0.5417	1.0963	0.6685	0.9497	0.6494
847	0.7241	0.5337	1.1146	0.6881	0.9702	0.6538
848	0.701	0.5089	1.0751	0.6419	0.9277	0.6215
849	0.6779	0.4823	1.0857	0.6375	0.9265	0.6042
850	0.6508	0.4565	1.0556	0.6082	0.9009	0.5836
851	0.6367	0.4386	1.052	0.6013	0.8895	0.5731
852	0.6399	0.4419	1.0685	0.6027	0.8957	0.5749
853	0.6382	0.4419	1.0551	0.6012	0.886	0.5734
854	0.6371	0.4388	1.0673	0.6025	0.8991	0.5748
855	0.6338	0.4374	1.056	0.6047	0.8924	0.5734
856	0.6446	0.4459	1.0938	0.6238	0.9153	0.5795
857	0.651	0.4533	1.0789	0.6212	0.9127	0.586
858	0.6426	0.4454	1.0785	0.6193	0.917	0.5834
859	0.6471	0.4503	1.0868	0.6223	0.9171	0.585
860	0.6298	0.4335	1.0646	0.6046	0.8907	0.5672
861	0.6614	0.4659	1.0645	0.6176	0.9052	0.5923
862	0.6298	0.4329	1.0676	0.603	0.8949	0.5716
863	0.6409	0.4436	1.0551	0.6107	0.8995	0.5792
864	0.6399	0.4419	1.0912	0.6206	0.9282	0.5813
865	0.6968	0.5102	1.0984	0.6583	0.9502	0.6347
866	0.6688	0.4741	1.1059	0.6445	0.9418	0.6062
867	0.6262	0.4288	1.0665	0.5994	0.8985	0.5706
868	0.6607	0.47	1.0612	0.6175	0.9073	0.5947
869	0.6605	0.4694	1.0787	0.6379	0.9193	0.6016
870	0.6423	0.4492	1.0563	0.6085	0.8975	0.5782
871	0.6301	0.4333	1.0627	0.6085	0.9052	0.5703
872	0.6329	0.4374	1.066	0.6086	0.9045	0.5727
873	0.6372	0.4433	1.0653	0.6136	0.9059	0.5771
874	0.6363	0.4379	1.0718	0.6134	0.9191	0.5735
875	0.6446	0.4474	1.0714	0.6221	0.9194	0.583
876	0.6428	0.448	1.0807	0.6193	0.9134	0.5822
877	0.6551	0.4602	1.0832	0.6274	0.914	0.5913
878	0.6278	0.4317	1.0698	0.602	0.8956	0.5683
879	0.6472	0.4543	1.055	0.6108	0.8905	0.5807
880	0.6284	0.4337	1.0586	0.6043	0.8947	0.5714
881	0.6289	0.4345	1.0652	0.6067	0.9006	0.5734
882	0.6358	0.442	1.0888	0.6225	0.9135	0.5852
883	0.6282	0.4331	1.0794	0.6066	0.9024	0.5735
884	0.6246	0.4292	1.0595	0.6025	0.8923	0.5686
885	0.6453	0.4515	1.0576	0.6113	0.8988	0.5831
886	0.6245	0.4281	1.0691	0.6053	0.9008	0.5702
887	0.629	0.433	1.0743	0.6092	0.9069	0.5735
888	0.6375	0.4449	1.0703	0.6091	0.907	0.5814
889	0.6441	0.4496	1.0808	0.6187	0.9179	0.5868
890	0.6362	0.4367	1.0907	0.6167	0.9217	0.5738
891	0.62	0.4223	1.0529	0.6021	0.8919	0.5672
892	0.6235	0.4278	1.0694	0.6055	0.9005	0.5708
893	0.6283	0.4316	1.0705	0.6119	0.9013	0.5727
894	0.6237	0.4295	1.0711	0.6047	0.8993	0.5702
895	0.6275	0.4351	1.0679	0.609	0.8934	0.5736
896	0.6375	0.4407	1.0757	0.6174	0.9201	0.5819
897	0.6244	0.4293	1.0847	0.6083	0.9088	0.5701
898	0.6542	0.4638	1.0645	0.6189	0.9064	0.5932
899	0.6287	0.4343	1.0548	0.6075	0.8989	0.5772
900	0.6217	0.4277	1.056	0.5983	0.8848	0.5647
901	0.659	0.4683	1.0581	0.6206	0.9078	0.5984
902	0.6228	0.427	1.0756	0.6051	0.9043	0.5696
903	0.6264	0.4333	1.0545	0.605	0.8953	0.5721
904	0.6395	0.4433	1.0877	0.6237	0.9168	0.579
905	0.6743	0.4878	1.1079	0.6502	0.9438	0.6165
906	0.6301	0.4392	1.0436	0.6102	0.887	0.5776
907	0.6255	0.4287	1.0723	0.6042	0.9154	0.5686
908	0.6249	0.4329	1.0292	0.5998	0.8758	0.5681
909	0.6244	0.4328	1.0697	0.6083	0.8995	0.5711
910	0.6275	0.4358	1.0437	0.6071	0.8856	0.5746
911	0.6204	0.4294	1.0852	0.6089	0.9108	0.5708
912	0.6219	0.427	1.0556	0.6023	0.8929	0.5711
913	0.6185	0.4242	1.0618	0.604	0.9042	0.5683
914	0.6181	0.4246	1.0479	0.6019	0.8885	0.5642
915	0.617	0.4243	1.0454	0.5937	0.8924	0.5673
916	0.6129	0.4172	1.0574	0.5997	0.8964	0.5647
917	0.6165	0.4239	1.0506	0.5972	0.891	0.5659
918	0.6474	0.4571	1.0698	0.6252	0.9094	0.5957
919	0.6547	0.4649	1.071	0.6232	0.918	0.6006
920	0.6176	0.424	1.0353	0.5946	0.8856	0.5657
921	0.6186	0.4289	1.0482	0.599	0.8879	0.5671
922	0.6364	0.4447	1.0531	0.6124	0.9025	0.5847
923	0.6645	0.4778	1.0889	0.6465	0.9336	0.6145
924	0.62	0.4253	1.0461	0.5919	0.8853	0.565
925	0.6276	0.4372	1.0492	0.606	0.894	0.5754
926	0.6167	0.4264	1.0458	0.5923	0.879	0.5655
927	0.6166	0.4232	1.0493	0.5944	0.8811	0.5659
928	0.6467	0.4588	1.0627	0.6147	0.9072	0.5933
929	0.6239	0.4293	1.0794	0.6079	0.9073	0.5717
930	0.6203	0.4294	1.0674	0.608	0.8936	0.5726
931	0.6425	0.4485	1.0941	0.6274	0.9266	0.5896
932	0.6754	0.4784	1.1114	0.6465	0.9505	0.6138
933	0.6224	0.4284	1.0707	0.6059	0.9041	0.5746
934	0.6577	0.4713	1.0807	0.633	0.9277	0.6084
935	0.6562	0.462	1.0821	0.6338	0.9195	0.5985
936	0.6178	0.4242	1.064	0.5966	0.9009	0.5679
937	0.6171	0.4243	1.0601	0.6038	0.8901	0.5662
938	0.6129	0.4224	1.0392	0.5889	0.8742	0.5606
939	0.6228	0.4295	1.0639	0.6096	0.9024	0.575
940	0.6104	0.4179	1.0417	0.5919	0.8706	0.5586
941	0.6135	0.4224	1.054	0.5996	0.884	0.5598
942	0.6157	0.4236	1.0492	0.6004	0.8816	0.5626
943	0.6138	0.4244	1.056	0.5934	0.8917	0.5629
944	0.6169	0.4249	1.0334	0.5975	0.8808	0.5648
945	0.6229	0.4308	1.0726	0.6083	0.9186	0.5736
946	0.6119	0.4197	1.0578	0.5976	0.8938	0.5656
947	0.6105	0.4191	1.0622	0.5927	0.8973	0.563
948	0.6087	0.416	1.0668	0.6018	0.8987	0.5638
949	0.6062	0.4137	1.0499	0.5924	0.8936	0.5601
950	0.615	0.4233	1.0511	0.603	0.8928	0.5688
951	0.6117	0.4175	1.0654	0.6039	0.9045	0.5669
952	0.6093	0.4165	1.0497	0.597	0.8878	0.5632
953	0.6045	0.4128	1.0579	0.5968	0.8887	0.558
954	0.6035	0.4108	1.0637	0.5963	0.8999	0.5615
955	0.6195	0.4305	1.0748	0.6167	0.9036	0.576
956	0.681	0.4914	1.1352	0.6664	0.969	0.6193
957	0.6292	0.4388	1.0718	0.6162	0.9048	0.5789
958	0.6555	0.4698	1.074	0.6289	0.9232	0.6028
959	0.6029	0.4112	1.0456	0.5938	0.8877	0.5618
960	0.6206	0.4318	1.0788	0.6158	0.9126	0.5739
961	0.6089	0.4198	1.0436	0.5937	0.8837	0.5641
962	0.6064	0.4155	1.0534	0.5962	0.8959	0.566
963	0.6022	0.4135	1.0428	0.5962	0.8819	0.564
964	0.6131	0.4258	1.0528	0.6052	0.8947	0.5716
965	0.6045	0.4132	1.0519	0.5932	0.8884	0.561
966	0.6235	0.4363	1.0407	0.6049	0.885	0.573
967	0.6637	0.4734	1.1047	0.6489	0.9496	0.6094
968	0.608	0.4181	1.0471	0.5918	0.8832	0.5645
969	0.6085	0.4205	1.0598	0.5952	0.8928	0.5657
970	0.6124	0.4218	1.0478	0.594	0.8751	0.5576
971	0.629	0.4452	1.059	0.6238	0.9094	0.5929
972	0.6018	0.4105	1.0487	0.591	0.8755	0.5572
973	0.6311	0.4427	1.0502	0.6037	0.8844	0.5771
974	0.6048	0.4159	1.0366	0.5868	0.874	0.5612
975	0.611	0.421	1.0498	0.5934	0.8837	0.5641
976	0.5987	0.4079	1.0416	0.5898	0.8712	0.5546
977	0.5985	0.4081	1.0562	0.5935	0.8889	0.5623
978	0.6	0.4087	1.0604	0.5962	0.8938	0.563
979	0.6117	0.4241	1.0676	0.6095	0.8997	0.5735
980	0.6004	0.4111	1.0526	0.5961	0.891	0.5611
981	0.5955	0.4051	1.0408	0.584	0.87	0.5503
982	0.6139	0.4266	1.0527	0.6005	0.8835	0.567
983	0.6109	0.4189	1.0696	0.5986	0.8926	0.5636
984	0.6058	0.4189	1.0519	0.5933	0.8857	0.5627
985	0.6024	0.4107	1.061	0.593	0.8947	0.5562
986	0.6261	0.4414	1.0671	0.6118	0.9057	0.5814
987	0.6174	0.4324	1.0591	0.6028	0.8936	0.5757
988	0.6305	0.4426	1.1033	0.6283	0.9274	0.5893
989	0.5994	0.4095	1.0587	0.6004	0.8847	0.5613
990	0.6287	0.4446	1.0582	0.6129	0.9052	0.5829
991	0.6141	0.4219	1.0777	0.6098	0.9082	0.5687
992	0.754	0.5679	1.1176	0.69	0.9806	0.6773
993	0.673	0.489	1.0936	0.662	0.9338	0.6224
994	0.6153	0.4286	1.0492	0.596	0.888	0.5685
995	0.5979	0.4067	1.0474	0.5875	0.8766	0.5543
996	0.6179	0.43	1.0611	0.6021	0.8976	0.5763
997	0.6022	0.4137	1.0432	0.5937	0.882	0.5619
998	0.5997	0.41	1.0534	0.5898	0.8852	0.5578
999	0.6198	0.4298	1.0593	0.6101	0.9093	0.5781
1000	0.6091	0.4185	1.0544	0.6012	0.8982	0.5678
1001	0.5952	0.4042	1.0482	0.5907	0.8872	0.5548
1002	0.5926	0.4027	1.0437	0.5868	0.881	0.5538
1003	0.5919	0.4013	1.045	0.5875	0.8801	0.5536
1004	0.5909	0.4009	1.0448	0.587	0.8787	0.5529
1005	0.5903	0.3988	1.0537	0.589	0.8856	0.5525
1006	0.5903	0.399	1.0534	0.5874	0.8866	0.5534
1007	0.5895	0.3995	1.0446	0.5849	0.8782	0.5526
1008	0.5897	0.3989	1.0508	0.5882	0.8824	0.553
1009	0.5887	0.3981	1.0462	0.5869	0.8783	0.5518
1010	0.5908	0.4003	1.0534	0.5917	0.8849	0.5545
1011	0.5882	0.3985	1.0465	0.585	0.8796	0.5526
1012	0.5897	0.4009	1.0481	0.5864	0.8801	0.5537
1013	0.5869	0.3968	1.0502	0.5861	0.8794	0.5505
1014	0.5879	0.3983	1.0476	0.5885	0.878	0.5522
1015	0.5892	0.4007	1.0428	0.5882	0.8754	0.5542
1016	0.5887	0.4	1.0434	0.5876	0.8753	0.5529
1017	0.5878	0.3972	1.0508	0.5893	0.8825	0.553
1018	0.5887	0.398	1.0572	0.5915	0.8894	0.5545
1019	0.5901	0.4021	1.0473	0.5881	0.8805	0.555
1020	0.5869	0.3966	1.0512	0.588	0.8834	0.5526
1021	0.592	0.401	1.0599	0.5944	0.8918	0.5561
1022	0.5859	0.3961	1.0469	0.5843	0.8797	0.5507
1023	0.5877	0.3979	1.0516	0.5893	0.884	0.5529
1024	0.5902	0.3997	1.0582	0.5939	0.8887	0.5549
1025	0.5877	0.398	1.0547	0.5895	0.8837	0.5514
1026	0.5896	0.4006	1.0552	0.5923	0.8854	0.555
1027	0.5855	0.3964	1.0425	0.5852	0.8748	0.5511
1028	0.5872	0.3968	1.0544	0.5891	0.8843	0.5528
1029	0.5858	0.3964	1.0523	0.5874	0.8822	0.5534
1030	0.5856	0.3955	1.0529	0.5881	0.8839	0.5532
1031	0.587	0.3963	1.0569	0.5905	0.8891	0.5542
1032	0.5854	0.3954	1.0537	0.5876	0.8847	0.5527
1033	0.5844	0.3954	1.0463	0.5852	0.8781	0.5514
1034	0.5856	0.3963	1.0505	0.5879	0.8832	0.5521
1035	0.5873	0.3979	1.0552	0.5904	0.8886	0.5544
1036	0.5856	0.3959	1.0541	0.5881	0.8873	0.5532
1037	0.5863	0.3963	1.0544	0.5902	0.8863	0.5539
1038	0.5845	0.3953	1.0501	0.5866	0.8823	0.5517
1039	0.5848	0.3954	1.0541	0.5889	0.8852	0.5524
1040	0.5853	0.3956	1.0509	0.5896	0.884	0.5527
1041	0.5838	0.3945	1.0487	0.5857	0.8816	0.5511
1042	0.5855	0.3964	1.0524	0.587	0.8844	0.5533
1043	0.5835	0.3938	1.052	0.5866	0.884	0.5518
1044	0.584	0.3943	1.0547	0.5888	0.8855	0.5522
1045	0.584	0.3944	1.0536	0.5886	0.8835	0.5528
1046	0.5842	0.3946	1.054	0.5897	0.8832	0.5513
1047	0.5835	0.3944	1.0494	0.5877	0.879	0.5515
1048	0.5858	0.3967	1.0504	0.5903	0.8821	0.5534
1049	0.5836	0.3942	1.0501	0.5869	0.8809	0.5512
1050	0.5827	0.3934	1.0513	0.5886	0.8797	0.5514
1051	0.5845	0.3952	1.0536	0.5905	0.8851	0.5554
1052	0.5853	0.3963	1.0544	0.5909	0.8853	0.5555
1053	0.5834	0.3938	1.0542	0.5885	0.8839	0.5525
1054	0.5824	0.3929	1.0494	0.5863	0.8791	0.5503
1055	0.5848	0.3947	1.0604	0.5919	0.8882	0.5538
1056	0.5823	0.3932	1.0524	0.588	0.8816	0.5518
1057	0.583	0.3939	1.056	0.59	0.8858	0.5524
1058	0.5851	0.396	1.056	0.5921	0.8861	0.5538
1059	0.5826	0.3941	1.0489	0.5877	0.8788	0.5512
1060	0.5865	0.3993	1.0523	0.591	0.8829	0.5558
1061	0.5833	0.3954	1.0466	0.5852	0.8779	0.5517
1062	0.5839	0.3949	1.0538	0.5893	0.8839	0.5521
1063	0.5821	0.3934	1.0514	0.5878	0.8818	0.5506
1064	0.5832	0.3943	1.0545	0.5889	0.8843	0.5511
1065	0.5848	0.3962	1.0533	0.5903	0.8851	0.5535
1066	0.5813	0.3925	1.0478	0.5839	0.8791	0.5488
1067	0.5816	0.3924	1.0507	0.5866	0.8839	0.5501
1068	0.5824	0.3941	1.0495	0.5879	0.8821	0.5523
1069	0.5842	0.3955	1.0564	0.5917	0.8883	0.5549
1070	0.5821	0.3941	1.0499	0.5866	0.8805	0.5525
1071	0.5863	0.3984	1.0588	0.5912	0.8869	0.5553
1072	0.5811	0.3926	1.051	0.5847	0.8786	0.55
1073	0.5813	0.3927	1.0512	0.5872	0.8787	0.5509
1074	0.5808	0.3921	1.0522	0.5875	0.8792	0.5501
1075	0.5833	0.3952	1.055	0.5911	0.8822	0.5524
1076	0.5821	0.3938	1.0544	0.5883	0.8801	0.5504
1077	0.5826	0.3944	1.0466	0.5842	0.8719	0.5482
1078	0.5862	0.3993	1.0537	0.5924	0.88	0.5541
1079	0.5817	0.3932	1.055	0.5889	0.8815	0.5509
1080	0.5867	0.3986	1.0623	0.5957	0.8889	0.5555
1081	0.5805	0.3926	1.05	0.5873	0.8785	0.5512
1082	0.5815	0.3931	1.0545	0.5909	0.883	0.5516
1083	0.581	0.3929	1.0489	0.5896	0.8805	0.552
1084	0.5825	0.3943	1.0539	0.5925	0.8846	0.5533
1085	0.5847	0.3984	1.0509	0.5901	0.8794	0.554
1086	0.5842	0.3958	1.0651	0.5963	0.887	0.5533
1087	0.5859	0.3991	1.0606	0.5959	0.8839	0.5546
1088	0.583	0.3959	1.0576	0.5922	0.883	0.553
1089	0.5853	0.3996	1.0536	0.5917	0.8832	0.5552
1090	0.5797	0.3928	1.0475	0.5869	0.8783	0.5505
1091	0.5804	0.3931	1.055	0.5905	0.8837	0.5514
1092	0.5799	0.3927	1.0493	0.5869	0.8791	0.5507
1093	0.5828	0.3964	1.0467	0.5891	0.879	0.5536
1094	0.5822	0.3945	1.0523	0.5926	0.884	0.5528
1095	0.5801	0.3926	1.0491	0.5885	0.8806	0.551
1096	0.5808	0.394	1.0459	0.586	0.8763	0.5509
1097	0.5795	0.3922	1.0467	0.5837	0.8752	0.5484
1098	0.581	0.3933	1.0534	0.588	0.881	0.5507
1099	0.5791	0.3918	1.0478	0.5866	0.8756	0.5499
1100	0.581	0.3931	1.0547	0.5919	0.8816	0.5517
1101	0.5829	0.3959	1.054	0.5925	0.883	0.5549
1102	0.5792	0.3908	1.0511	0.5878	0.8811	0.5504
1103	0.5789	0.3906	1.0501	0.5861	0.879	0.5489
1104	0.5812	0.3936	1.05	0.5869	0.8778	0.5504
1105	0.581	0.3926	1.0556	0.5902	0.882	0.5509
1106	0.5801	0.3922	1.0554	0.5885	0.8805	0.5498
1107	0.5892	0.4035	1.0567	0.5936	0.8852	0.5578
1108	0.5808	0.394	1.0434	0.5849	0.872	0.5511
1109	0.5805	0.3918	1.0601	0.5922	0.8853	0.5508
1110	0.578	0.3901	1.0521	0.5874	0.8796	0.5494
1111	0.5781	0.3907	1.0494	0.5855	0.8781	0.5492
1112	0.5809	0.3938	1.053	0.5871	0.8829	0.5516
1113	0.5785	0.3903	1.0523	0.5862	0.8825	0.5499
1114	0.5789	0.3908	1.0541	0.5872	0.8839	0.5508
1115	0.5785	0.3908	1.0513	0.5871	0.8798	0.5508
1116	0.5771	0.3889	1.0483	0.5856	0.876	0.5493
1117	0.5769	0.3892	1.0467	0.5843	0.8741	0.5487
1118	0.5797	0.3918	1.0545	0.5874	0.8819	0.5501
1119	0.5816	0.3956	1.0491	0.586	0.8772	0.5511
1120	0.5791	0.3911	1.0579	0.589	0.8816	0.5495
1121	0.5776	0.3905	1.0529	0.586	0.876	0.5483
1122	0.5785	0.3913	1.0553	0.5875	0.8793	0.5498
1123	0.5777	0.3906	1.0536	0.5869	0.8795	0.5492
1124	0.5766	0.3897	1.0485	0.5863	0.8753	0.5482
1125	0.5789	0.392	1.0516	0.5878	0.8808	0.5509
1126	0.5775	0.391	1.0469	0.585	0.8767	0.5496
1127	0.5772	0.3901	1.0506	0.5865	0.8788	0.5489
1128	0.5762	0.389	1.0487	0.5852	0.8792	0.5494
1129	0.578	0.3904	1.0551	0.5884	0.8858	0.5512
1130	0.5772	0.3901	1.0526	0.5865	0.8815	0.5503
1131	0.5769	0.3896	1.0481	0.5858	0.8781	0.5501
1132	0.579	0.3916	1.0504	0.5895	0.881	0.552
1133	0.5779	0.3914	1.0499	0.5882	0.8788	0.5498
1134	0.5769	0.3892	1.0571	0.5866	0.8821	0.5483
1135	0.5773	0.3908	1.0507	0.5846	0.8776	0.5488
1136	0.5778	0.391	1.0526	0.5868	0.8797	0.5493
1137	0.5801	0.394	1.0502	0.5873	0.8782	0.55
1138	0.5789	0.3924	1.0526	0.5883	0.8809	0.5498
1139	0.5804	0.3932	1.0539	0.5894	0.8832	0.5516
1140	0.5761	0.389	1.0455	0.5837	0.8752	0.5466
1141	0.5774	0.3902	1.0427	0.5857	0.8749	0.548
1142	0.5782	0.3909	1.0463	0.5877	0.8768	0.5487
1143	0.5788	0.3902	1.0594	0.5899	0.8859	0.5488
1144	0.5753	0.3881	1.0484	0.5854	0.8774	0.5475
1145	0.577	0.3901	1.0486	0.5874	0.8795	0.5499
1146	0.5759	0.389	1.0488	0.585	0.8805	0.5484
1147	0.5767	0.3894	1.0528	0.5869	0.8852	0.5501
1148	0.5794	0.3932	1.0563	0.5903	0.8878	0.5541
1149	0.5775	0.3901	1.0571	0.5879	0.8873	0.5516
1150	0.5755	0.3888	1.048	0.5842	0.878	0.5489
1151	0.5767	0.39	1.0496	0.5869	0.8797	0.5501
1152	0.5752	0.3883	1.0488	0.5852	0.8798	0.5495
1153	0.5777	0.3915	1.0489	0.5856	0.8812	0.5513
1154	0.576	0.3888	1.0532	0.5845	0.8806	0.5489
1155	0.5756	0.3887	1.0493	0.5836	0.8755	0.5473
1156	0.5775	0.3903	1.0516	0.5874	0.8774	0.5487
1157	0.5744	0.3878	1.0407	0.5818	0.8679	0.5456
1158	0.5786	0.3919	1.052	0.5885	0.8794	0.5513
1159	0.5754	0.3889	1.0477	0.5835	0.8767	0.549
1160	0.5786	0.3918	1.0561	0.5881	0.8847	0.552
1161	0.5795	0.3934	1.0521	0.5892	0.8784	0.55
1162	0.5768	0.3911	1.0458	0.5846	0.8736	0.5478
1163	0.5765	0.3904	1.0486	0.5856	0.8776	0.5485
1164	0.5758	0.3893	1.0479	0.5877	0.8772	0.5496
1165	0.5771	0.3902	1.0488	0.5884	0.8787	0.5515
1166	0.5753	0.3893	1.0472	0.5848	0.8741	0.5482
1167	0.5819	0.3973	1.0568	0.5905	0.8823	0.5542
1168	0.5747	0.3888	1.0458	0.5819	0.8729	0.5474
1169	0.5791	0.3925	1.0599	0.5902	0.8858	0.5517
1170	0.5808	0.3932	1.0665	0.5934	0.8926	0.5537
1171	0.5748	0.3886	1.0535	0.5841	0.8813	0.5498
1172	0.5758	0.389	1.0557	0.5881	0.8832	0.5502
1173	0.5764	0.3908	1.0473	0.5843	0.875	0.5491
1174	0.5752	0.3891	1.0514	0.5866	0.8792	0.5492
1175	0.5744	0.3877	1.0564	0.5864	0.8822	0.5487
1176	0.575	0.3898	1.0525	0.5863	0.8782	0.5485
1177	0.5777	0.3909	1.0586	0.592	0.8864	0.5519
1178	0.5766	0.391	1.0554	0.5892	0.8826	0.5508
1179	0.5751	0.3884	1.0582	0.587	0.8857	0.5498
1180	0.5784	0.3934	1.0463	0.5871	0.8767	0.5518
1181	0.5784	0.3934	1.0516	0.5906	0.88	0.5532
1182	0.5743	0.3883	1.0481	0.5879	0.8766	0.5493
1183	0.5739	0.3873	1.0546	0.5876	0.8795	0.5485
1184	0.574	0.388	1.0537	0.5859	0.8786	0.5482
1185	0.5754	0.3887	1.0601	0.5875	0.8858	0.5486
1186	0.5758	0.3906	1.0545	0.5867	0.8808	0.5488
1187	0.5762	0.3906	1.0545	0.5869	0.8813	0.5504
1188	0.5771	0.3919	1.0479	0.5853	0.8761	0.55
1189	0.5766	0.3902	1.0543	0.5888	0.8818	0.5506
1190	0.5741	0.3879	1.0451	0.5839	0.8745	0.5484
1191	0.5743	0.3877	1.0494	0.584	0.8791	0.549
1192	0.576	0.39	1.052	0.5845	0.882	0.551
1193	0.5727	0.3855	1.0539	0.5852	0.8817	0.5483
1194	0.5722	0.3855	1.0455	0.5854	0.8731	0.5466
1195	0.5747	0.3882	1.0511	0.5879	0.8814	0.5499
1196	0.5742	0.3882	1.0468	0.5849	0.8802	0.5495
1197	0.5752	0.3898	1.0455	0.5838	0.878	0.5503
1198	0.5737	0.3869	1.0497	0.5864	0.8792	0.5481
1199	0.5739	0.3867	1.0563	0.5865	0.883	0.5473
1200	0.5729	0.3873	1.0445	0.5804	0.8731	0.5473
1201	0.5761	0.3894	1.0586	0.5896	0.8859	0.551
1202	0.5719	0.3858	1.0464	0.5842	0.8744	0.547
1203	0.5737	0.3876	1.0543	0.5887	0.8813	0.5496
1204	0.5731	0.387	1.0551	0.5873	0.8824	0.5507
1205	0.5738	0.3872	1.0593	0.5906	0.8855	0.551
1206	0.5729	0.3866	1.056	0.5881	0.8817	0.5496
1207	0.572	0.3858	1.0534	0.5862	0.8779	0.5478
1208	0.5784	0.3916	1.0614	0.5941	0.8865	0.5529
1209	0.5735	0.3882	1.0563	0.5886	0.8796	0.5502
1210	0.5726	0.3866	1.0598	0.5875	0.8816	0.5496
1211	0.5713	0.3855	1.0573	0.5855	0.88	0.5492
1212	0.5717	0.3858	1.0565	0.5871	0.8789	0.5486
1213	0.5715	0.3862	1.0499	0.5866	0.8733	0.5484
1214	0.5713	0.3854	1.0535	0.5871	0.8781	0.5485
1215	0.5735	0.3879	1.0538	0.5892	0.8818	0.5511
1216	0.5726	0.3875	1.0508	0.5873	0.8773	0.5499
1217	0.5711	0.3844	1.0548	0.5869	0.8787	0.547
1218	0.5721	0.3857	1.0577	0.5869	0.8815	0.5485
1219	0.5743	0.3879	1.0626	0.5882	0.8851	0.5507
1220	0.5726	0.3868	1.0586	0.5836	0.8794	0.5477
1221	0.5709	0.3848	1.0563	0.5839	0.8778	0.5466
1222	0.5758	0.3922	1.0544	0.5867	0.8806	0.552
1223	0.5721	0.3861	1.0511	0.5847	0.8769	0.5469
1224	0.5746	0.3882	1.0531	0.5891	0.8814	0.5502
1225	0.5728	0.3879	1.0477	0.5825	0.8756	0.5488
1226	0.5722	0.3855	1.0569	0.5853	0.8818	0.548
1227	0.5712	0.3854	1.0469	0.5831	0.8735	0.5459
1228	0.5784	0.3929	1.0575	0.593	0.884	0.5535
1229	0.5731	0.389	1.0411	0.5828	0.8693	0.5489
1230	0.5766	0.3896	1.0661	0.5917	0.8887	0.5516
1231	0.5705	0.3847	1.0494	0.5833	0.8731	0.5462
1232	0.5726	0.3861	1.055	0.5868	0.8773	0.5483
1233	0.5742	0.389	1.0593	0.589	0.8798	0.5496
1234	0.5716	0.3853	1.0551	0.5854	0.8756	0.5459
1235	0.5703	0.3842	1.052	0.5852	0.8734	0.5463
1236	0.5721	0.386	1.0613	0.5894	0.8816	0.5484
1237	0.5728	0.3857	1.0667	0.5898	0.8875	0.5484
1238	0.5718	0.3867	1.0573	0.5838	0.8796	0.5483
1239	0.5791	0.394	1.0646	0.5972	0.8879	0.5553
1240	0.5767	0.3922	1.0591	0.5925	0.8828	0.5529
1241	0.5701	0.3853	1.0494	0.5838	0.8745	0.5474
1242	0.5758	0.3922	1.0537	0.5879	0.8799	0.5519
1243	0.5707	0.3851	1.0514	0.5849	0.8786	0.5487
1244	0.5716	0.386	1.0544	0.5846	0.8792	0.5494
1245	0.573	0.3875	1.0587	0.5884	0.8853	0.5523
1246	0.5747	0.39	1.0582	0.5917	0.8853	0.5536
1247	0.5695	0.3838	1.0545	0.5851	0.8782	0.547
1248	0.5712	0.3856	1.0578	0.5869	0.8804	0.5487
1249	0.5703	0.3848	1.0545	0.5855	0.8778	0.548
1250	0.5697	0.384	1.0559	0.5854	0.8782	0.547
1251	0.57	0.3843	1.0544	0.5858	0.8799	0.5482
1252	0.5739	0.3898	1.0516	0.5876	0.878	0.5522
1253	0.5714	0.3871	1.0485	0.5837	0.8755	0.5495
1254	0.5723	0.3869	1.058	0.5874	0.8825	0.5501
1255	0.5712	0.3861	1.0488	0.587	0.8768	0.5507
1256	0.5707	0.3859	1.0473	0.5864	0.8747	0.5494
1257	0.571	0.3854	1.0591	0.5868	0.881	0.5478
1258	0.5706	0.3849	1.0569	0.5871	0.8803	0.5477
1259	0.5749	0.3892	1.0537	0.59	0.8797	0.5517
1260	0.5796	0.3961	1.0456	0.5895	0.8738	0.5526
1261	0.5719	0.3861	1.0568	0.5866	0.8787	0.5482
1262	0.5707	0.3852	1.0565	0.5875	0.8795	0.5488
1263	0.5702	0.3844	1.0526	0.5871	0.879	0.5507
1264	0.5692	0.3842	1.0473	0.5851	0.8718	0.5479
1265	0.5735	0.3899	1.0473	0.5867	0.8745	0.5506
1266	0.5706	0.3852	1.0552	0.5861	0.8819	0.549
1267	0.5721	0.3878	1.0552	0.5877	0.8826	0.5519
1268	0.5732	0.3874	1.0637	0.5897	0.8905	0.5522
1269	0.5689	0.3835	1.0579	0.5838	0.8817	0.5472
1270	0.5705	0.3849	1.0593	0.5875	0.8829	0.5492
1271	0.5696	0.3849	1.0482	0.5828	0.8751	0.5482
1272	0.5705	0.3849	1.0567	0.5862	0.8819	0.5492
1273	0.5702	0.3861	1.0525	0.587	0.8749	0.5491
1274	0.5705	0.3847	1.0569	0.5878	0.8786	0.5486
1275	0.569	0.3842	1.0488	0.5841	0.8733	0.5467
1276	0.5738	0.3902	1.048	0.5875	0.8754	0.5518
1277	0.5691	0.3838	1.0489	0.5853	0.8745	0.5477
1278	0.5712	0.3855	1.0583	0.5887	0.8832	0.5514
1279	0.5702	0.3853	1.058	0.5872	0.8805	0.5497
1280	0.5728	0.3892	1.0513	0.5877	0.8747	0.5504
1281	0.5686	0.3832	1.0549	0.5875	0.8763	0.5465
1282	0.5719	0.387	1.0586	0.5874	0.8806	0.5495
1283	0.5686	0.3831	1.0529	0.5844	0.8758	0.546
1284	0.5738	0.3906	1.0417	0.5861	0.868	0.5498
1285	0.5684	0.3831	1.0528	0.5857	0.8752	0.5467
1286	0.5682	0.3828	1.0602	0.5853	0.8798	0.5455
1287	0.5694	0.3839	1.0598	0.5863	0.8822	0.548
1288	0.5697	0.3851	1.0454	0.5834	0.8725	0.548
1289	0.5681	0.3826	1.0469	0.5856	0.872	0.5469
1290	0.5673	0.3824	1.0497	0.5825	0.8714	0.5454
1291	0.5694	0.384	1.0593	0.5863	0.8809	0.5473
1292	0.5663	0.3812	1.0485	0.582	0.8734	0.5458
1293	0.5675	0.3822	1.0471	0.5854	0.8754	0.547
1294	0.5763	0.3919	1.0598	0.5949	0.8886	0.5551
1295	0.5691	0.3839	1.0574	0.5863	0.8814	0.5487
1296	0.5679	0.3832	1.0531	0.5834	0.8757	0.5474
1297	0.5774	0.3944	1.0514	0.5911	0.8791	0.555
1298	0.568	0.3827	1.0476	0.5835	0.8737	0.5462
1299	0.575	0.3894	1.0614	0.5935	0.8859	0.5529
1300	0.567	0.3827	1.048	0.5816	0.8733	0.5471
1301	0.5695	0.3839	1.0621	0.5879	0.885	0.5493
1302	0.5662	0.381	1.0545	0.5839	0.8783	0.5475
1303	0.5689	0.3841	1.0554	0.5859	0.8814	0.5505
1304	0.5685	0.3837	1.055	0.5868	0.8787	0.5486
1305	0.5682	0.3827	1.0563	0.5873	0.8814	0.5484
1306	0.5663	0.3816	1.051	0.5839	0.8774	0.5479
1307	0.5656	0.3809	1.0492	0.5836	0.8746	0.5465
1308	0.5666	0.3817	1.0586	0.5844	0.8796	0.5469
1309	0.5692	0.3859	1.0592	0.5884	0.8796	0.5501
1310	0.5679	0.3825	1.0559	0.5878	0.8821	0.55
1311	0.5677	0.3836	1.0446	0.5838	0.876	0.5498
1312	0.5709	0.3863	1.0547	0.5877	0.8828	0.5502
1313	0.5658	0.3814	1.0451	0.5822	0.8697	0.5447
1314	0.5694	0.3844	1.0587	0.5894	0.8823	0.549
1315	0.566	0.382	1.0469	0.5828	0.8749	0.546
1316	0.5694	0.3848	1.0531	0.5883	0.8821	0.551
1317	0.5653	0.3804	1.047	0.5844	0.8741	0.5451
1318	0.5649	0.3797	1.053	0.5845	0.8769	0.5445
1319	0.5674	0.3832	1.0555	0.5843	0.8807	0.5486
1320	0.5676	0.3834	1.0481	0.5837	0.8758	0.5489
1321	0.5745	0.3908	1.0578	0.5931	0.8844	0.5542
1322	0.5706	0.386	1.0583	0.5893	0.8843	0.5515
1323	0.5675	0.3824	1.0593	0.5877	0.8851	0.5504
1324	0.5695	0.3863	1.0558	0.5866	0.8809	0.5521
1325	0.5669	0.3825	1.0579	0.5873	0.8836	0.5509
1326	0.5694	0.3846	1.0608	0.5909	0.8868	0.5503
1327	0.5659	0.3809	1.054	0.5844	0.8801	0.5454
1328	0.5657	0.3808	1.0551	0.5827	0.8802	0.5465
1329	0.5658	0.3814	1.0518	0.5831	0.8761	0.5462
1330	0.5726	0.3875	1.0645	0.5955	0.8867	0.5502
1331	0.5648	0.3811	1.0468	0.5829	0.8731	0.5452
1332	0.5687	0.3848	1.0551	0.5877	0.8832	0.5498
1333	0.5664	0.3826	1.05	0.5853	0.8764	0.5463
1334	0.5647	0.3804	1.0484	0.5842	0.8737	0.5445
1335	0.5679	0.384	1.0551	0.5868	0.882	0.5491
1336	0.5659	0.3815	1.0555	0.5855	0.8828	0.5488
1337	0.5674	0.384	1.0546	0.5864	0.8807	0.5506
1338	0.5643	0.3801	1.0482	0.5829	0.875	0.5468
1339	0.565	0.3809	1.0454	0.5851	0.8721	0.5462
1340	0.5646	0.38	1.0505	0.5854	0.8755	0.5454
1341	0.5652	0.3804	1.0523	0.586	0.8787	0.5476
1342	0.5638	0.3796	1.0471	0.5817	0.8757	0.5467
1343	0.5657	0.3811	1.0527	0.585	0.8806	0.5488
1344	0.5678	0.3839	1.0533	0.5873	0.8806	0.5505
1345	0.568	0.3834	1.056	0.5873	0.8822	0.549
1346	0.5656	0.3815	1.0517	0.5838	0.8771	0.5458
1347	0.568	0.385	1.0471	0.5864	0.8773	0.5497
1348	0.5666	0.383	1.044	0.585	0.8757	0.5475
1349	0.5655	0.3809	1.0511	0.5842	0.8797	0.5459
1350	0.5645	0.3811	1.047	0.5811	0.8759	0.5461
1351	0.572	0.3879	1.058	0.591	0.8869	0.5525
1352	0.5653	0.3807	1.0493	0.5832	0.8776	0.5471
1353	0.571	0.3865	1.0645	0.5903	0.8886	0.5514
1354	0.5654	0.3813	1.0534	0.5848	0.8783	0.5475
1355	0.5653	0.3815	1.0495	0.5847	0.8767	0.5475
1356	0.566	0.3806	1.0581	0.5857	0.8848	0.5489
1357	0.572	0.3907	1.0448	0.5847	0.8755	0.5529
1358	0.5653	0.3811	1.0482	0.5825	0.8744	0.5456
1359	0.5675	0.3843	1.053	0.5831	0.8777	0.547
1360	0.5731	0.3902	1.0589	0.59	0.8861	0.5531
1361	0.5656	0.382	1.0461	0.5831	0.8733	0.5467
1362	0.5673	0.3849	1.042	0.5837	0.8685	0.5479
1363	0.5662	0.3819	1.0516	0.586	0.8761	0.5482
1364	0.5641	0.3799	1.0473	0.5827	0.8746	0.5462
1365	0.5675	0.3831	1.0509	0.5859	0.879	0.5505
1366	0.5662	0.382	1.0514	0.5844	0.8805	0.5499
1367	0.5667	0.383	1.0523	0.5848	0.8809	0.5487
1368	0.5662	0.3832	1.0492	0.5843	0.8774	0.5488
1369	0.5632	0.3792	1.0506	0.5824	0.8776	0.5458
1370	0.5633	0.3798	1.0511	0.5821	0.8764	0.5455
1371	0.5651	0.3812	1.0525	0.5845	0.8782	0.5463
1372	0.5663	0.3832	1.0456	0.5814	0.876	0.5476
1373	0.5646	0.3805	1.0538	0.5841	0.8824	0.5478
1374	0.565	0.3817	1.0533	0.5837	0.8789	0.5484
1375	0.5642	0.3804	1.054	0.5838	0.8804	0.5471
1376	0.5632	0.3798	1.0499	0.5822	0.8768	0.5446
1377	0.5642	0.3814	1.044	0.581	0.8727	0.5455
1378	0.5627	0.3793	1.041	0.5785	0.8713	0.5444
1379	0.5626	0.3786	1.0451	0.5794	0.8747	0.5444
1380	0.5646	0.3813	1.0461	0.5814	0.875	0.5462
1381	0.5715	0.3901	1.0506	0.5883	0.8802	0.5534
1382	0.5632	0.3796	1.0457	0.5845	0.8737	0.5467
1383	0.5652	0.3822	1.0489	0.5869	0.8748	0.5483
1384	0.5645	0.3808	1.0518	0.5851	0.8765	0.5465
1385	0.5628	0.3791	1.0506	0.5826	0.8763	0.5455
1386	0.5629	0.3792	1.0534	0.5832	0.8778	0.5473
1387	0.5618	0.3785	1.0468	0.5821	0.8723	0.5454
1388	0.5641	0.381	1.0483	0.585	0.8753	0.5465
1389	0.5682	0.3859	1.0499	0.5859	0.8783	0.5502
1390	0.5629	0.3802	1.0455	0.5818	0.8727	0.5466
1391	0.5637	0.3798	1.0504	0.585	0.8776	0.5478
1392	0.5619	0.3785	1.042	0.5829	0.8699	0.5457
1393	0.5659	0.3813	1.0581	0.587	0.8842	0.5494
1394	0.5636	0.3808	1.0462	0.5807	0.8754	0.547
1395	0.5635	0.3793	1.0489	0.5839	0.8797	0.5476
1396	0.5622	0.3788	1.0468	0.5827	0.8759	0.5476
1397	0.5651	0.3814	1.0548	0.5871	0.882	0.5499
1398	0.5619	0.3779	1.0534	0.5821	0.8784	0.5453
1399	0.5661	0.3816	1.0544	0.5876	0.8821	0.5489
1400	0.5623	0.3791	1.0434	0.5809	0.8708	0.5457
1401	0.5629	0.3788	1.0514	0.583	0.8753	0.5456
1402	0.5619	0.3788	1.0493	0.5814	0.8725	0.5454
1403	0.5636	0.3798	1.055	0.5857	0.8796	0.5469
1404	0.566	0.3834	1.0453	0.5831	0.8752	0.5486
1405	0.5619	0.3788	1.046	0.5796	0.8741	0.5464
1406	0.5674	0.3828	1.0557	0.5878	0.8845	0.5505
1407	0.5649	0.3813	1.0487	0.5857	0.8767	0.5471
1408	0.5626	0.3784	1.0481	0.5829	0.8765	0.5455
1409	0.5623	0.3795	1.0384	0.5799	0.8694	0.5462
1410	0.5633	0.3802	1.0381	0.5801	0.869	0.5459
1411	0.5623	0.3776	1.0525	0.5832	0.8826	0.5466
1412	0.561	0.3773	1.048	0.5803	0.8779	0.5457
1413	0.5626	0.3783	1.052	0.5833	0.8794	0.5471
1414	0.5605	0.3772	1.0406	0.5786	0.869	0.5437
1415	0.5619	0.3775	1.0472	0.5811	0.8756	0.5455
1416	0.5624	0.3789	1.0474	0.5798	0.875	0.5469
1417	0.5622	0.3787	1.0483	0.5816	0.8737	0.5463
1418	0.5625	0.3786	1.0548	0.5832	0.8785	0.5466
1419	0.5627	0.3792	1.0526	0.583	0.8775	0.5469
1420	0.5631	0.3788	1.0547	0.585	0.8805	0.5484
1421	0.5624	0.3792	1.0454	0.5829	0.8755	0.5474
1422	0.5646	0.381	1.0483	0.5852	0.8796	0.5507
1423	0.5605	0.3779	1.0422	0.5796	0.8744	0.5469
1424	0.5626	0.3797	1.0451	0.5845	0.8788	0.5491
1425	0.5674	0.3865	1.0424	0.5852	0.8767	0.5518
1426	0.5606	0.378	1.0492	0.5809	0.8763	0.5465
1427	0.5618	0.3783	1.0534	0.5845	0.8801	0.5474
1428	0.5609	0.3778	1.0491	0.5836	0.8776	0.5472
1429	0.5635	0.3802	1.0571	0.5856	0.8844	0.5502
1430	0.561	0.3788	1.0501	0.5818	0.8783	0.5474
1431	0.5629	0.3809	1.048	0.584	0.8769	0.5481
1432	0.5628	0.3798	1.0518	0.5862	0.8802	0.5502
1433	0.5638	0.3822	1.0455	0.586	0.8773	0.55
1434	0.5605	0.377	1.0501	0.5854	0.8812	0.5479
1435	0.5605	0.3776	1.05	0.582	0.8808	0.5496
1436	0.5588	0.3757	1.0473	0.5806	0.8765	0.5455
1437	0.5612	0.3779	1.0514	0.5853	0.8793	0.5471
1438	0.5624	0.3794	1.0514	0.5846	0.8817	0.5504
1439	0.5601	0.3774	1.048	0.5809	0.8774	0.5475
1440	0.563	0.3807	1.05	0.5862	0.8782	0.5485
1441	0.5613	0.3792	1.0429	0.5811	0.8716	0.546
1442	0.5677	0.387	1.0472	0.5869	0.8754	0.5513
1443	0.5611	0.379	1.0458	0.5828	0.8735	0.5452
1444	0.5633	0.3802	1.05	0.5846	0.8778	0.5488
1445	0.5596	0.3766	1.0428	0.5817	0.8706	0.5441
1446	0.559	0.3766	1.0441	0.5805	0.8688	0.544
1447	0.5605	0.3778	1.0517	0.5838	0.8756	0.5449
1448	0.5598	0.3768	1.0521	0.5825	0.8767	0.5442
1449	0.5625	0.3801	1.052	0.5833	0.8766	0.5476
1450	0.5607	0.3779	1.0541	0.5816	0.8768	0.5446
1451	0.5601	0.3763	1.0537	0.5809	0.8783	0.5442
1452	0.5586	0.3751	1.0451	0.5765	0.8732	0.5439
1453	0.5634	0.38	1.0541	0.5834	0.8835	0.5489
1454	0.5597	0.3775	1.0478	0.5776	0.8747	0.5449
1455	0.5593	0.3765	1.0522	0.5811	0.8786	0.545
1456	0.5616	0.3785	1.0538	0.5848	0.8818	0.5473
1457	0.5599	0.3781	1.0452	0.5793	0.874	0.5476
1458	0.5622	0.3791	1.0562	0.584	0.8829	0.5488
1459	0.5623	0.3801	1.05	0.5838	0.8788	0.5493
1460	0.5608	0.3786	1.0493	0.5825	0.8789	0.5485
1461	0.5585	0.3761	1.0514	0.5806	0.8782	0.5458
1462	0.5595	0.3778	1.0497	0.5817	0.8759	0.5471
1463	0.5598	0.3778	1.0559	0.583	0.8816	0.5478
1464	0.5596	0.3769	1.052	0.5819	0.8794	0.5467
1465	0.5589	0.377	1.0462	0.5798	0.8728	0.5456
1466	0.5581	0.376	1.0508	0.5793	0.874	0.5439
1467	0.5586	0.3763	1.0527	0.5815	0.8774	0.545
1468	0.5576	0.3757	1.0451	0.5798	0.8745	0.5459
1469	0.5627	0.3821	1.043	0.5828	0.8735	0.5491
1470	0.5615	0.3789	1.0531	0.5848	0.8827	0.5493
1471	0.5603	0.3783	1.0509	0.5822	0.8785	0.5471
1472	0.5622	0.3815	1.0499	0.5823	0.8771	0.548
1473	0.5615	0.3795	1.0519	0.5845	0.8771	0.5473
1474	0.5613	0.3799	1.0511	0.5844	0.878	0.5492
1475	0.5611	0.3794	1.0544	0.5836	0.8816	0.5495
1476	0.5656	0.3858	1.0486	0.5863	0.8749	0.5506
1477	0.5606	0.3796	1.0507	0.5836	0.8733	0.5463
1478	0.5677	0.3849	1.0624	0.5901	0.8876	0.5539
1479	0.5617	0.381	1.0467	0.5851	0.8751	0.5497
1480	0.5619	0.3788	1.0545	0.5873	0.8822	0.5476
1481	0.5582	0.3763	1.0446	0.5801	0.8723	0.5444
1482	0.5598	0.3783	1.0479	0.5816	0.8742	0.5466
1483	0.5587	0.3764	1.0516	0.5826	0.8762	0.5458
1484	0.5602	0.3779	1.0535	0.5852	0.8792	0.5491
1485	0.5591	0.3766	1.0488	0.5841	0.8766	0.5491
1486	0.5589	0.3759	1.0543	0.5844	0.8779	0.5465
1487	0.5582	0.3764	1.0487	0.5801	0.8731	0.5442
1488	0.5603	0.3786	1.0514	0.5823	0.8774	0.5476
1489	0.5617	0.38	1.0548	0.5876	0.8792	0.5483
1490	0.567	0.3861	1.057	0.5935	0.8856	0.5541
1491	0.5579	0.3763	1.0482	0.5815	0.8765	0.5465
1492	0.5586	0.3766	1.0533	0.5834	0.8806	0.548
1493	0.5575	0.376	1.0481	0.5804	0.8758	0.5458
1494	0.5583	0.3768	1.043	0.582	0.873	0.5479
1495	0.559	0.3772	1.0503	0.5842	0.8788	0.5481
1496	0.5585	0.3769	1.049	0.5815	0.88	0.5474
1497	0.5594	0.3777	1.049	0.5836	0.8799	0.5499
1498	0.5564	0.3746	1.045	0.5801	0.8746	0.5451
1499	0.5581	0.3758	1.0504	0.5825	0.8782	0.5467
