epoch:	train_RMSD:	train_MAE:
0	6.919	6.303
1	6.7705	6.1485
2	6.2629	5.6204
3	4.9035	4.2453
4	4.1254	3.5188
5	3.8371	3.2618
6	3.6699	3.1172
7	3.5408	3.0058
8	3.4332	2.9112
9	3.3427	2.8303
10	3.2681	2.7614
11	3.2102	2.7044
12	3.1699	2.661
13	3.1453	2.6302
14	3.1315	2.6089
15	3.1248	2.5947
16	3.122	2.5861
17	3.1209	2.5809
18	3.1206	2.5783
19	3.1206	2.5779
20	3.1207	2.5797
21	3.1207	2.5792
22	3.1207	2.5799
23	3.1208	2.5802
24	3.1207	2.5801
25	3.1208	2.5807
26	3.1207	2.5805
27	3.1208	2.5814
28	3.1206	2.5808
29	3.1204	2.5803
30	3.1202	2.58
31	3.1201	2.5802
32	3.1195	2.5788
33	3.1189	2.5794
34	3.1171	2.576
35	3.1143	2.5751
36	3.1097	2.5705
37	3.1047	2.5661
38	3.1003	2.5621
39	3.096	2.5584
40	3.0919	2.5542
41	3.085	2.5507
42	3.0717	2.5385
43	3.0518	2.5178
44	3.0272	2.495
45	2.9993	2.4679
46	2.9708	2.4402
47	2.9388	2.4086
48	2.9008	2.3723
49	2.8612	2.3384
50	2.8016	2.279
51	2.685	2.1784
52	2.5776	2.08
53	2.4554	1.9691
54	2.3766	1.8851
55	2.3107	1.7978
56	2.2666	1.7569
57	2.2257	1.7
58	2.211	1.6628
59	2.1755	1.6409
60	2.1689	1.6403
61	2.1403	1.608
62	2.1222	1.5868
63	2.1044	1.5843
64	2.1036	1.5919
65	2.0758	1.5654
66	2.0651	1.5543
67	2.0478	1.5427
68	2.0295	1.5144
69	2.0176	1.5054
70	2.0123	1.4951
71	2.0022	1.4838
72	1.9986	1.4811
73	1.9984	1.4847
74	1.9883	1.4713
75	1.9815	1.4626
76	1.9762	1.462
77	1.9927	1.4773
78	1.9973	1.4731
79	1.9737	1.4576
80	1.973	1.4607
81	1.957	1.4357
82	1.9432	1.4245
83	1.9391	1.4244
84	1.9159	1.4026
85	1.9261	1.4189
86	1.9167	1.4022
87	1.9261	1.4155
88	1.8919	1.3863
89	1.8834	1.3857
90	1.869	1.3709
91	1.8158	1.3381
92	1.8025	1.3254
93	1.7662	1.3091
94	1.7438	1.2851
95	1.6954	1.2613
96	1.65	1.2238
97	1.6678	1.2469
98	1.7153	1.2787
99	1.6217	1.2044
100	1.6084	1.1915
101	1.5893	1.1786
102	1.5793	1.1712
103	1.5616	1.1581
104	1.5804	1.1749
105	1.6082	1.1995
106	1.5564	1.1506
107	1.572	1.1748
108	1.5263	1.1351
109	1.5224	1.1237
110	1.5569	1.1613
111	1.6135	1.1997
112	1.517	1.1219
113	1.5598	1.1567
114	1.512	1.1186
115	1.5157	1.1192
116	1.5006	1.1113
117	1.539	1.1365
118	1.4993	1.1038
119	1.5266	1.1362
120	1.4835	1.0923
121	1.4901	1.0986
122	1.48	1.0883
123	1.4711	1.0859
124	1.4654	1.0781
125	1.4762	1.0858
126	1.5147	1.1228
127	1.4623	1.0749
128	1.4516	1.0653
129	1.4937	1.106
130	1.4443	1.0626
131	1.4384	1.0548
132	1.4385	1.053
133	1.4679	1.0867
134	1.4334	1.0495
135	1.4375	1.051
136	1.426	1.0496
137	1.4131	1.0342
138	1.4094	1.0308
139	1.4064	1.032
140	1.4097	1.0322
141	1.4274	1.0492
142	1.4263	1.0452
143	1.4322	1.062
144	1.4338	1.0477
145	1.4392	1.0599
146	1.409	1.0476
147	1.406	1.0223
148	1.3841	1.0153
149	1.3966	1.0173
150	1.373	0.9987
151	1.3875	1.0225
152	1.3874	1.0097
153	1.3777	1.0085
154	1.3772	1.0166
155	1.3589	0.9873
156	1.3701	0.997
157	1.386	1.0083
158	1.3918	1.0278
159	1.3579	0.9804
160	1.3441	0.9757
161	1.368	1.0121
162	1.3804	1.0011
163	1.3565	0.9892
164	1.3512	0.9887
165	1.3419	0.9758
166	1.3302	0.9628
167	1.3409	0.9788
168	1.3474	0.9905
169	1.3839	1.003
170	1.3245	0.9578
171	1.3238	0.9646
172	1.3235	0.9543
173	1.3147	0.9528
174	1.3131	0.9466
175	1.3069	0.9468
176	1.3229	0.9705
177	1.4109	1.0281
178	1.3336	0.961
179	1.328	0.9828
180	1.3012	0.9401
181	1.3124	0.9431
182	1.3129	0.9617
183	1.3192	0.9706
184	1.2912	0.9274
185	1.2865	0.9285
186	1.2819	0.9292
187	1.2965	0.9336
188	1.2762	0.9205
189	1.2708	0.9177
190	1.2759	0.926
191	1.2846	0.9396
192	1.2777	0.9169
193	1.2682	0.9214
194	1.2765	0.9265
195	1.2586	0.9092
196	1.2563	0.9104
197	1.2611	0.9149
198	1.2478	0.9013
199	1.2458	0.9022
200	1.2437	0.8959
201	1.2822	0.9332
202	1.2411	0.8915
203	1.245	0.9086
204	1.2486	0.9083
205	1.2288	0.884
206	1.2502	0.9097
207	1.2242	0.8827
208	1.2327	0.8949
209	1.239	0.9034
210	1.2455	0.8938
211	1.2512	0.9164
212	1.2282	0.8958
213	1.239	0.8887
214	1.2843	0.9463
215	1.2341	0.893
216	1.2344	0.886
217	1.2072	0.8706
218	1.2183	0.8883
219	1.202	0.8599
220	1.2294	0.8849
221	1.2026	0.8698
222	1.1978	0.8628
223	1.209	0.8665
224	1.1905	0.8575
225	1.2033	0.8787
226	1.2059	0.8631
227	1.2023	0.8701
228	1.1916	0.8584
229	1.182	0.8461
230	1.1902	0.8585
231	1.1764	0.8425
232	1.1738	0.8457
233	1.1973	0.8784
234	1.1726	0.8396
235	1.1775	0.8437
236	1.1753	0.8519
237	1.1699	0.841
238	1.1772	0.8419
239	1.1592	0.8293
240	1.1903	0.8635
241	1.1716	0.847
242	1.1609	0.8374
243	1.149	0.8234
244	1.2174	0.8839
245	1.1839	0.8497
246	1.1706	0.857
247	1.1508	0.8211
248	1.1651	0.8341
249	1.1496	0.8291
250	1.1587	0.8401
251	1.1514	0.8222
252	1.1376	0.8115
253	1.1418	0.8251
254	1.133	0.8087
255	1.129	0.8055
256	1.1328	0.8114
257	1.1249	0.8054
258	1.1633	0.8312
259	1.1398	0.8255
260	1.1205	0.7982
261	1.1241	0.8003
262	1.1141	0.7937
263	1.1154	0.7961
264	1.1262	0.8144
265	1.1144	0.7948
266	1.124	0.8065
267	1.1167	0.8035
268	1.1033	0.7842
269	1.1047	0.7912
270	1.0955	0.7801
271	1.1019	0.7875
272	1.0942	0.7787
273	1.1221	0.8011
274	1.1372	0.8252
275	1.114	0.7951
276	1.0892	0.7773
277	1.0876	0.7746
278	1.0955	0.7805
279	1.0899	0.7789
280	1.0827	0.7742
281	1.084	0.7722
282	1.0767	0.7662
283	1.0775	0.7718
284	1.0791	0.7759
285	1.0713	0.7638
286	1.0814	0.7718
287	1.0737	0.7667
288	1.0623	0.7535
289	1.068	0.7582
290	1.0738	0.766
291	1.0623	0.7552
292	1.0697	0.7606
293	1.0911	0.795
294	1.0575	0.7511
295	1.0658	0.7603
296	1.0516	0.7476
297	1.0789	0.7801
298	1.0504	0.7469
299	1.0578	0.7547
300	1.0489	0.7448
301	1.0434	0.7429
302	1.0405	0.739
303	1.0537	0.7555
304	1.0359	0.7335
305	1.0351	0.731
306	1.0541	0.7543
307	1.0388	0.7356
308	1.0364	0.7354
309	1.0303	0.7294
310	1.0369	0.7341
311	1.0357	0.7368
312	1.0224	0.7249
313	1.0167	0.7183
314	1.0273	0.7279
315	1.0114	0.7144
316	1.0146	0.7177
317	1.0316	0.7361
318	1.012	0.7152
319	1.0168	0.7199
320	1.0246	0.7246
321	1.04	0.7482
322	1.0119	0.7171
323	0.9993	0.7071
324	1.0173	0.7291
325	1.0276	0.7438
326	1.0005	0.7121
327	1.06	0.771
328	1.0286	0.7344
329	1.0018	0.7114
330	1.0406	0.7494
331	1.0071	0.7145
332	0.9852	0.6958
333	0.9813	0.6911
334	0.988	0.6983
335	0.9873	0.6975
336	0.9753	0.6867
337	0.979	0.6903
338	0.9826	0.6952
339	1.002	0.7139
340	0.9926	0.7049
341	1.0194	0.7378
342	0.994	0.7066
343	0.9741	0.6909
344	0.9671	0.683
345	1.0177	0.7313
346	0.9948	0.7097
347	0.9753	0.6964
348	0.9816	0.6996
349	1.0017	0.7218
350	0.9756	0.6921
351	0.9856	0.7037
352	0.9586	0.6751
353	0.9808	0.7031
354	0.9632	0.6814
355	0.9562	0.6734
356	0.9699	0.6888
357	0.9686	0.687
358	0.9604	0.6792
359	0.9764	0.6988
360	0.9465	0.6674
361	0.9458	0.6655
362	0.9413	0.6593
363	0.9394	0.66
364	0.9437	0.6652
365	0.9805	0.7036
366	0.977	0.6998
367	0.9428	0.6646
368	0.9352	0.6577
369	0.9328	0.6546
370	0.9375	0.6628
371	0.9387	0.6615
372	0.9294	0.6536
373	0.9305	0.6549
374	0.9345	0.6578
375	0.9283	0.651
376	0.9265	0.6511
377	0.9452	0.6686
378	0.9611	0.6893
379	0.9187	0.643
380	0.9362	0.6632
381	0.9209	0.6466
382	0.9231	0.6518
383	0.9162	0.6432
384	0.9163	0.6445
385	0.916	0.6414
386	0.9305	0.661
387	0.9142	0.6424
388	0.9175	0.6475
389	0.91	0.64
390	0.9051	0.6346
391	0.9152	0.6432
392	0.9061	0.6351
393	0.9111	0.642
394	0.9009	0.6324
395	0.9083	0.6403
396	0.921	0.651
397	0.8993	0.6286
398	0.9227	0.6555
399	0.9026	0.6326
400	0.8995	0.6318
401	0.8983	0.6295
402	0.9265	0.6639
403	0.8973	0.6272
404	0.9129	0.6463
405	0.8925	0.6246
406	0.8975	0.6317
407	0.8906	0.6225
408	0.8881	0.6219
409	0.8906	0.6224
410	0.8881	0.6227
411	0.8998	0.6319
412	0.8964	0.6313
413	0.9096	0.6458
414	0.8832	0.6209
415	0.8804	0.6166
416	0.8794	0.6151
417	0.8881	0.6246
418	0.88	0.6147
419	0.8775	0.6147
420	0.8806	0.6174
421	0.8822	0.6192
422	0.8762	0.6131
423	0.8771	0.6171
424	0.8826	0.619
425	0.8784	0.6161
426	0.9015	0.6417
427	0.8733	0.6116
428	0.8693	0.6053
429	0.8702	0.6091
430	0.8787	0.6169
431	0.897	0.6399
432	0.8709	0.6108
433	0.8968	0.6362
434	0.8737	0.6138
435	0.8649	0.605
436	0.8636	0.6053
437	0.8703	0.6106
438	0.8697	0.6099
439	0.8719	0.6131
440	0.8619	0.6026
441	0.8562	0.5965
442	0.8849	0.6293
443	0.8635	0.6062
444	0.8728	0.6156
445	0.8919	0.6389
446	0.8595	0.5999
447	0.8606	0.602
448	0.8575	0.5979
449	0.8685	0.6151
450	0.8695	0.6134
451	0.8592	0.6015
452	0.8694	0.6157
453	0.8674	0.6103
454	0.8616	0.6053
455	0.8557	0.6016
456	0.8587	0.6047
457	0.8595	0.6022
458	0.8583	0.6042
459	0.8456	0.5882
460	0.8636	0.6108
461	0.8455	0.592
462	0.8431	0.5891
463	0.85	0.596
464	0.8923	0.6445
465	0.8478	0.5936
466	0.8401	0.589
467	0.8446	0.5927
468	0.8429	0.5888
469	0.8429	0.5923
470	0.8593	0.6039
471	0.8583	0.6093
472	0.8522	0.597
473	0.8934	0.6453
474	0.8393	0.587
475	0.844	0.5951
476	0.8387	0.5863
477	0.8297	0.5761
478	0.8408	0.5895
479	0.8359	0.585
480	0.8543	0.6063
481	0.8845	0.635
482	0.8452	0.5954
483	0.858	0.608
484	0.8563	0.6051
485	0.8803	0.631
486	0.8312	0.5816
487	0.8306	0.5827
488	0.8336	0.5811
489	0.8331	0.5847
490	0.8633	0.62
491	0.8324	0.5838
492	0.8218	0.572
493	0.8248	0.5801
494	0.8206	0.5731
495	0.8174	0.568
496	0.8222	0.5752
497	0.8241	0.5767
498	0.8373	0.5919
499	0.8254	0.5767
500	0.8278	0.5817
501	0.8286	0.5837
502	0.8193	0.5735
503	0.8153	0.5688
504	0.8193	0.5747
505	0.858	0.6136
506	0.852	0.6114
507	0.8767	0.631
508	0.8185	0.5737
509	0.8346	0.5929
510	0.8144	0.5712
511	0.8123	0.5655
512	0.8133	0.5685
513	0.8128	0.5677
514	0.8073	0.5647
515	0.8108	0.567
516	0.8392	0.5973
517	0.8113	0.5707
518	0.8131	0.5695
519	0.8022	0.5597
520	0.8074	0.5681
521	0.8014	0.5576
522	0.8049	0.5632
523	0.7998	0.56
524	0.8047	0.5641
525	0.8092	0.5687
526	0.8154	0.575
527	0.8036	0.5627
528	0.8031	0.5597
529	0.8025	0.5597
530	0.8146	0.5789
531	0.8158	0.5753
532	0.8017	0.563
533	0.8038	0.5647
534	0.796	0.5553
535	0.8456	0.6123
536	0.811	0.5702
537	0.7886	0.5481
538	0.8065	0.5691
539	0.8054	0.5661
540	0.8089	0.5722
541	0.8185	0.5818
542	0.8048	0.5668
543	0.8139	0.5751
544	0.8194	0.5842
545	0.792	0.5564
546	0.7894	0.5495
547	0.7983	0.5607
548	0.7956	0.5593
549	0.8071	0.5733
550	0.789	0.5524
551	0.791	0.556
552	0.7837	0.5493
553	0.7839	0.5459
554	0.784	0.5482
555	0.7897	0.5522
556	0.7973	0.5641
557	0.7836	0.5469
558	0.7801	0.5427
559	0.7781	0.5456
560	0.7771	0.5401
561	0.7865	0.5518
562	0.7742	0.5382
563	0.7759	0.5404
564	0.7797	0.5474
565	0.7899	0.5596
566	0.7755	0.5437
567	0.7767	0.5424
568	0.7897	0.5617
569	0.7731	0.5415
570	0.7778	0.5431
571	0.7736	0.5416
572	0.7828	0.5526
573	0.7885	0.5559
574	0.7839	0.5523
575	0.7809	0.5488
576	0.7841	0.5528
577	0.7762	0.5462
578	0.772	0.5419
579	0.7727	0.538
580	0.7733	0.5432
581	0.7675	0.5376
582	0.7744	0.5423
583	0.7902	0.5609
584	0.7749	0.5446
585	0.7638	0.5315
586	0.7623	0.5335
587	0.7722	0.5422
588	0.7684	0.5404
589	0.7592	0.5295
590	0.776	0.5466
591	0.7593	0.5316
592	0.7641	0.5346
593	0.7736	0.544
594	0.7687	0.541
595	0.7598	0.529
596	0.7634	0.5329
597	0.7623	0.5335
598	0.7599	0.5305
599	0.7613	0.5319
600	0.7777	0.554
601	0.7851	0.5558
602	0.7572	0.5303
603	0.7598	0.531
604	0.7587	0.5307
605	0.7564	0.5306
606	0.7536	0.5252
607	0.7505	0.5226
608	0.7488	0.5222
609	0.7647	0.5424
610	0.7582	0.5291
611	0.7499	0.5233
612	0.7537	0.5276
613	0.761	0.5363
614	0.7634	0.5379
615	0.7735	0.5518
616	0.7703	0.5452
617	0.7642	0.5419
618	0.7569	0.5314
619	0.7528	0.5261
620	0.7493	0.5245
621	0.7434	0.5172
622	0.7411	0.5132
623	0.7527	0.5311
624	0.7521	0.5276
625	0.7543	0.5297
626	0.7557	0.5315
627	0.7595	0.5367
628	0.7441	0.5217
629	0.7385	0.5135
630	0.7385	0.5157
631	0.7396	0.5167
632	0.7503	0.5255
633	0.7484	0.5271
634	0.7363	0.5132
635	0.7338	0.5099
636	0.7345	0.5125
637	0.7341	0.5103
638	0.7321	0.5098
639	0.7388	0.519
640	0.7383	0.5143
641	0.7426	0.5213
642	0.7496	0.5279
643	0.7771	0.558
644	0.7684	0.5481
645	0.7478	0.5304
646	0.7412	0.5181
647	0.747	0.5285
648	0.7509	0.5279
649	0.7465	0.5275
650	0.7385	0.5149
651	0.7326	0.5121
652	0.7403	0.5175
653	0.7551	0.5362
654	0.7405	0.5188
655	0.741	0.5192
656	0.7454	0.529
657	0.7453	0.521
658	0.7914	0.5804
659	0.7487	0.5263
660	0.7512	0.5329
661	0.7364	0.519
662	0.7301	0.5081
663	0.7331	0.5137
664	0.7436	0.5212
665	0.7686	0.5526
666	0.7236	0.5021
667	0.722	0.5003
668	0.7277	0.5107
669	0.7338	0.5159
670	0.7711	0.5498
671	0.7431	0.5259
672	0.7229	0.5031
673	0.7243	0.5038
674	0.7223	0.5047
675	0.725	0.5092
676	0.7177	0.4971
677	0.7302	0.5112
678	0.7463	0.5323
679	0.7312	0.5173
680	0.7212	0.5028
681	0.7191	0.5026
682	0.7174	0.5023
683	0.7124	0.498
684	0.7117	0.4948
685	0.7126	0.4961
686	0.7301	0.5175
687	0.7325	0.5145
688	0.7193	0.5083
689	0.719	0.5035
690	0.7177	0.5079
691	0.7336	0.5203
692	0.7531	0.5415
693	0.7481	0.5363
694	0.7175	0.5024
695	0.7303	0.519
696	0.7081	0.4975
697	0.7089	0.4954
698	0.7043	0.4916
699	0.7092	0.4965
700	0.7083	0.4951
701	0.7069	0.4954
702	0.7174	0.508
703	0.7131	0.5012
704	0.7605	0.5527
705	0.7066	0.4963
706	0.7181	0.5108
707	0.7211	0.5086
708	0.73	0.5228
709	0.7089	0.492
710	0.7072	0.4986
711	0.7076	0.497
712	0.7257	0.5142
713	0.7285	0.5192
714	0.7207	0.5083
715	0.7106	0.5035
716	0.7056	0.4961
717	0.7056	0.4932
718	0.7065	0.4991
719	0.7054	0.495
720	0.7005	0.4883
721	0.6983	0.4872
722	0.697	0.4885
723	0.6939	0.485
724	0.6936	0.4832
725	0.7135	0.5052
726	0.7042	0.4958
727	0.6899	0.4812
728	0.6929	0.4852
729	0.6995	0.4888
730	0.7064	0.4998
731	0.7195	0.5128
732	0.6983	0.4871
733	0.698	0.4906
734	0.6953	0.4882
735	0.7021	0.4941
736	0.7455	0.5383
737	0.759	0.5553
738	0.7238	0.5154
739	0.6939	0.4878
740	0.7012	0.4956
741	0.688	0.4799
742	0.6861	0.4783
743	0.6909	0.4843
744	0.6809	0.4724
745	0.6886	0.4818
746	0.6849	0.4761
747	0.6829	0.4762
748	0.6911	0.4849
749	0.684	0.4757
750	0.686	0.4771
751	0.7016	0.4967
752	0.701	0.4967
753	0.7037	0.5013
754	0.7003	0.4927
755	0.6936	0.4895
756	0.6833	0.4787
757	0.6838	0.4799
758	0.678	0.4725
759	0.6784	0.4711
760	0.6869	0.4856
761	0.7002	0.4963
762	0.7124	0.5111
763	0.7029	0.5007
764	0.6949	0.4919
765	0.6769	0.4717
766	0.6783	0.4708
767	0.6877	0.4858
768	0.6752	0.4695
769	0.6861	0.4805
770	0.6781	0.4762
771	0.6914	0.484
772	0.6782	0.4751
773	0.688	0.4846
774	0.6814	0.4777
775	0.6781	0.4758
776	0.6739	0.4705
777	0.6763	0.4741
778	0.693	0.4954
779	0.6989	0.4955
780	0.6791	0.4807
781	0.6818	0.4796
782	0.6769	0.4702
783	0.6792	0.4765
784	0.6774	0.4709
785	0.685	0.4848
786	0.6695	0.4682
787	0.7025	0.5066
788	0.6746	0.4731
789	0.6741	0.4742
790	0.6693	0.4671
791	0.6675	0.467
792	0.6633	0.4624
793	0.6774	0.4786
794	0.6709	0.4699
795	0.6884	0.4923
796	0.6712	0.4695
797	0.6704	0.4701
798	0.6661	0.4669
799	0.6701	0.4682
800	0.6693	0.4699
801	0.6799	0.4806
802	0.6856	0.4865
803	0.6743	0.4731
804	0.6912	0.4938
805	0.6672	0.4658
806	0.6639	0.4617
807	0.6746	0.477
808	0.6664	0.4645
809	0.6606	0.462
810	0.668	0.4676
811	0.6801	0.4826
812	0.6681	0.4688
813	0.6617	0.4649
814	0.6601	0.4597
815	0.6556	0.4565
816	0.6683	0.4698
817	0.6637	0.4664
818	0.6663	0.4687
819	0.6547	0.4558
820	0.6539	0.4541
821	0.6612	0.4632
822	0.6729	0.4775
823	0.6831	0.487
824	0.6747	0.4768
825	0.6639	0.47
826	0.688	0.4926
827	0.7017	0.5053
828	0.7009	0.5071
829	0.6717	0.4763
830	0.6744	0.4797
831	0.6645	0.4672
832	0.6533	0.4578
833	0.6728	0.4775
834	0.6826	0.4898
835	0.657	0.4586
836	0.6525	0.4568
837	0.6705	0.4729
838	0.6589	0.4617
839	0.6504	0.4538
840	0.6552	0.458
841	0.6547	0.4581
842	0.6507	0.4555
843	0.6652	0.4675
844	0.6489	0.4514
845	0.6528	0.4574
846	0.649	0.453
847	0.6472	0.4507
848	0.6524	0.4562
849	0.6504	0.4553
850	0.6486	0.454
851	0.6427	0.4473
852	0.6518	0.4573
853	0.6637	0.4689
854	0.6483	0.4524
855	0.6605	0.4691
856	0.6416	0.4456
857	0.6491	0.4548
858	0.6531	0.4614
859	0.6582	0.4598
860	0.6415	0.4444
861	0.6514	0.4563
862	0.6406	0.4473
863	0.6429	0.4486
864	0.6446	0.4491
865	0.6407	0.4451
866	0.6378	0.4455
867	0.6396	0.4436
868	0.6575	0.4636
869	0.666	0.474
870	0.6551	0.4595
871	0.6634	0.4722
872	0.6523	0.4581
873	0.6478	0.4558
874	0.6579	0.464
875	0.6326	0.4381
876	0.6453	0.4542
877	0.6324	0.4393
878	0.6417	0.4491
879	0.6428	0.4519
880	0.6337	0.4408
881	0.6324	0.4414
882	0.6356	0.439
883	0.6372	0.4432
884	0.6486	0.4583
885	0.6533	0.4625
886	0.6528	0.4621
887	0.6422	0.4501
888	0.6429	0.4518
889	0.6382	0.4465
890	0.6488	0.4587
891	0.6418	0.4506
892	0.6555	0.4663
893	0.6345	0.4439
894	0.654	0.4664
895	0.6479	0.4544
896	0.6588	0.4715
897	0.6965	0.5059
898	0.674	0.4851
899	0.6852	0.4958
900	0.7026	0.515
901	0.6631	0.476
902	0.6425	0.4478
903	0.6373	0.4439
904	0.6285	0.4359
905	0.6334	0.4432
906	0.6381	0.4465
907	0.6273	0.4345
908	0.6288	0.4372
909	0.6397	0.45
910	0.6368	0.4481
911	0.625	0.4353
912	0.6224	0.4316
913	0.6264	0.4365
914	0.6322	0.4447
915	0.6385	0.4469
916	0.6455	0.4582
917	0.6385	0.4501
918	0.633	0.4433
919	0.6356	0.4471
920	0.6488	0.4593
921	0.6321	0.4368
922	0.6296	0.4404
923	0.6316	0.4437
924	0.6223	0.4335
925	0.636	0.4457
926	0.6335	0.4458
927	0.6199	0.4284
928	0.6205	0.4319
929	0.6288	0.4405
930	0.6201	0.4285
931	0.645	0.461
932	0.6239	0.4347
933	0.6244	0.4388
934	0.6202	0.4334
935	0.621	0.4322
936	0.6173	0.429
937	0.6179	0.4279
938	0.6272	0.4381
939	0.6267	0.4385
940	0.6298	0.4407
941	0.6148	0.4242
942	0.6157	0.4257
943	0.6116	0.4226
944	0.643	0.4587
945	0.6519	0.4673
946	0.6923	0.512
947	0.6879	0.5068
948	0.6299	0.4397
949	0.6202	0.4344
950	0.6261	0.4386
951	0.6373	0.453
952	0.6244	0.4364
953	0.6221	0.4347
954	0.6115	0.4236
955	0.6251	0.4393
956	0.6345	0.4507
957	0.6231	0.4353
958	0.6272	0.44
959	0.6379	0.4537
960	0.6308	0.4442
961	0.6135	0.4269
962	0.6077	0.4208
963	0.6105	0.4236
964	0.6301	0.4491
965	0.6273	0.4424
966	0.6406	0.4574
967	0.6208	0.4353
968	0.6135	0.4258
969	0.616	0.4302
970	0.625	0.4419
971	0.6067	0.4215
972	0.6099	0.4235
973	0.6109	0.4244
974	0.6052	0.4172
975	0.6083	0.425
976	0.617	0.4322
977	0.611	0.424
978	0.6199	0.4349
979	0.6209	0.4359
980	0.6119	0.4259
981	0.6164	0.434
982	0.6179	0.4361
983	0.6069	0.4187
984	0.618	0.4365
985	0.6137	0.4301
986	0.6112	0.4278
987	0.609	0.4257
988	0.6044	0.4207
989	0.6077	0.4227
990	0.6086	0.4248
991	0.6023	0.4184
992	0.6169	0.4339
993	0.6263	0.4441
994	0.6322	0.4521
995	0.6156	0.434
996	0.6095	0.4257
997	0.6299	0.4479
998	0.6144	0.4319
999	0.6135	0.4282
1000	0.6469	0.4656
1001	0.6213	0.4361
1002	0.6253	0.4424
1003	0.5974	0.4133
1004	0.6129	0.4314
1005	0.5996	0.415
1006	0.6114	0.4279
1007	0.6016	0.4204
1008	0.5981	0.415
1009	0.6018	0.417
1010	0.5971	0.4141
1011	0.6049	0.4225
1012	0.6124	0.4252
1013	0.625	0.443
1014	0.6557	0.4786
1015	0.5982	0.4139
1016	0.6024	0.422
1017	0.595	0.4083
1018	0.6009	0.4164
1019	0.6032	0.4218
1020	0.5941	0.411
1021	0.6141	0.4349
1022	0.6058	0.422
1023	0.6044	0.4234
1024	0.5917	0.4091
1025	0.5975	0.4148
1026	0.59	0.4076
1027	0.6002	0.4198
1028	0.5959	0.4141
1029	0.6087	0.427
1030	0.6305	0.4552
1031	0.6098	0.4303
1032	0.5972	0.413
1033	0.5924	0.4128
1034	0.6001	0.4193
1035	0.5949	0.4121
1036	0.5927	0.4133
1037	0.5955	0.4144
1038	0.6049	0.4257
1039	0.6032	0.4236
1040	0.6267	0.453
1041	0.6371	0.4614
1042	0.5983	0.4174
1043	0.5973	0.4203
1044	0.607	0.4284
1045	0.6463	0.4705
1046	0.6498	0.4719
1047	0.6222	0.4451
1048	0.605	0.4279
1049	0.6002	0.4206
1050	0.616	0.4396
1051	0.6034	0.4252
1052	0.632	0.4531
1053	0.6275	0.4511
1054	0.6096	0.4321
1055	0.6045	0.4237
1056	0.599	0.4212
1057	0.6163	0.4395
1058	0.5939	0.4153
1059	0.5857	0.4043
1060	0.6021	0.422
1061	0.5832	0.4019
1062	0.582	0.4015
1063	0.5843	0.4053
1064	0.5938	0.4148
1065	0.5962	0.4205
1066	0.5917	0.4154
1067	0.585	0.4075
1068	0.5847	0.4073
1069	0.6012	0.4255
1070	0.5784	0.3986
1071	0.5963	0.4205
1072	0.623	0.4481
1073	0.5896	0.4128
1074	0.5822	0.4039
1075	0.604	0.4298
1076	0.5758	0.3958
1077	0.5816	0.4023
1078	0.5809	0.4003
1079	0.5787	0.4011
1080	0.5898	0.4131
1081	0.596	0.4184
1082	0.5863	0.4103
1083	0.5952	0.4207
1084	0.5947	0.4189
1085	0.5943	0.4202
1086	0.5876	0.4104
1087	0.6022	0.4289
1088	0.5873	0.4119
1089	0.5755	0.3973
1090	0.5759	0.3988
1091	0.5772	0.3985
1092	0.5775	0.4014
1093	0.5848	0.4079
1094	0.5912	0.4156
1095	0.6253	0.4549
1096	0.5874	0.4124
1097	0.5749	0.3988
1098	0.5765	0.3968
1099	0.5865	0.4085
1100	0.5836	0.4057
1101	0.5781	0.4
1102	0.5756	0.4002
1103	0.5779	0.3993
1104	0.5799	0.4035
1105	0.585	0.4087
1106	0.5986	0.4227
1107	0.5903	0.4128
1108	0.5674	0.3902
1109	0.568	0.3929
1110	0.5698	0.395
1111	0.5794	0.4026
1112	0.5715	0.393
1113	0.5722	0.3982
1114	0.5731	0.3987
1115	0.5707	0.3946
1116	0.5739	0.396
1117	0.567	0.3898
1118	0.5774	0.4018
1119	0.5719	0.3963
1120	0.5718	0.3963
1121	0.5822	0.4073
1122	0.5877	0.4161
1123	0.5745	0.3979
1124	0.5667	0.3929
1125	0.567	0.3915
1126	0.581	0.4059
1127	0.5747	0.3989
1128	0.5668	0.3934
1129	0.5738	0.399
1130	0.5706	0.3988
1131	0.5621	0.3871
1132	0.5696	0.3974
1133	0.5762	0.4052
1134	0.5753	0.4029
1135	0.5728	0.4002
1136	0.5645	0.3894
1137	0.5712	0.3978
1138	0.5677	0.3953
1139	0.5722	0.3967
1140	0.5609	0.3877
1141	0.5628	0.389
1142	0.5685	0.3937
1143	0.5685	0.3943
1144	0.5728	0.3999
1145	0.5941	0.4241
1146	0.5701	0.399
1147	0.5646	0.3894
1148	0.562	0.3893
1149	0.5772	0.4021
1150	0.5698	0.3961
1151	0.5753	0.4064
1152	0.5642	0.3914
1153	0.5778	0.4071
1154	0.603	0.4354
1155	0.5592	0.3866
1156	0.5673	0.3964
1157	0.563	0.3873
1158	0.564	0.394
1159	0.5605	0.3871
1160	0.5647	0.3906
1161	0.5568	0.3854
1162	0.5707	0.4008
1163	0.5594	0.3879
1164	0.5616	0.3888
1165	0.5735	0.404
1166	0.5614	0.3881
1167	0.5685	0.398
1168	0.5652	0.3935
1169	0.5802	0.4103
1170	0.5722	0.4015
1171	0.5612	0.3898
1172	0.5657	0.3938
1173	0.5618	0.3912
1174	0.5624	0.3918
1175	0.5667	0.3955
1176	0.5599	0.3867
1177	0.5666	0.3954
1178	0.5605	0.3893
1179	0.5588	0.3875
1180	0.5607	0.3896
1181	0.5573	0.388
1182	0.5632	0.3952
1183	0.5923	0.4257
1184	0.5921	0.4258
1185	0.567	0.3969
1186	0.569	0.3988
1187	0.5683	0.3997
1188	0.5797	0.4087
1189	0.5611	0.3904
1190	0.5507	0.3787
1191	0.549	0.3781
1192	0.5715	0.4031
1193	0.5556	0.3856
1194	0.568	0.4019
1195	0.5601	0.3908
1196	0.5661	0.399
1197	0.5785	0.4118
1198	0.5708	0.4021
1199	0.5633	0.3938
1200	0.5804	0.4146
1201	0.5495	0.3788
1202	0.5541	0.3853
1203	0.5594	0.3931
1204	0.5584	0.3923
1205	0.5467	0.3765
1206	0.5583	0.3888
1207	0.5609	0.3946
1208	0.5572	0.3874
1209	0.5481	0.3806
1210	0.5438	0.3737
1211	0.5493	0.3801
1212	0.5647	0.3959
1213	0.6053	0.4419
1214	0.6541	0.4941
1215	0.5731	0.41
1216	0.5936	0.4304
1217	0.6077	0.4429
1218	0.6038	0.4421
1219	0.5678	0.3982
1220	0.5437	0.3744
1221	0.5504	0.3828
1222	0.5429	0.3737
1223	0.5476	0.3813
1224	0.5462	0.3775
1225	0.5552	0.3895
1226	0.5503	0.3805
1227	0.5569	0.3928
1228	0.5559	0.3887
1229	0.5586	0.3911
1230	0.5413	0.3715
1231	0.5478	0.3823
1232	0.541	0.3738
1233	0.5521	0.3851
1234	0.5522	0.3865
1235	0.5487	0.3818
1236	0.5593	0.3935
1237	0.5429	0.3761
1238	0.5404	0.3731
1239	0.5398	0.3701
1240	0.5529	0.3877
1241	0.5395	0.3703
1242	0.5466	0.3811
1243	0.544	0.377
1244	0.541	0.3725
1245	0.5477	0.383
1246	0.5432	0.3774
1247	0.5459	0.3798
1248	0.5464	0.3811
1249	0.5391	0.372
1250	0.5373	0.3687
1251	0.5434	0.3771
1252	0.5401	0.3731
1253	0.5409	0.3768
1254	0.5389	0.3721
1255	0.5389	0.3717
1256	0.5435	0.3768
1257	0.5407	0.374
1258	0.5451	0.3776
1259	0.543	0.3791
1260	0.5416	0.3782
1261	0.5615	0.3988
1262	0.5419	0.3806
1263	0.5366	0.3685
1264	0.5411	0.3758
1265	0.5442	0.3779
1266	0.5376	0.3752
1267	0.5323	0.3682
1268	0.5361	0.3718
1269	0.5372	0.373
1270	0.5391	0.3754
1271	0.528	0.3622
1272	0.5351	0.3699
1273	0.5346	0.3737
1274	0.5544	0.3947
1275	0.5505	0.39
1276	0.5426	0.3786
1277	0.5332	0.3717
1278	0.5298	0.3663
1279	0.5306	0.3659
1280	0.5446	0.3835
1281	0.5366	0.3721
1282	0.5429	0.3836
1283	0.536	0.3734
1284	0.5472	0.3866
1285	0.532	0.3674
1286	0.529	0.3653
1287	0.5398	0.3754
1288	0.5594	0.3963
1289	0.5313	0.3665
1290	0.5301	0.365
1291	0.5346	0.3723
1292	0.5275	0.3623
1293	0.5273	0.365
1294	0.5372	0.3772
1295	0.5336	0.3745
1296	0.5529	0.39
1297	0.5715	0.4127
1298	0.5701	0.4068
1299	0.5479	0.3871
1300	0.5382	0.3765
1301	0.5345	0.371
1302	0.5483	0.3874
1303	0.5362	0.3752
1304	0.5345	0.3705
1305	0.5391	0.3781
1306	0.5363	0.3716
1307	0.5424	0.3806
1308	0.5377	0.3778
1309	0.5344	0.3725
1310	0.5484	0.3894
1311	0.5281	0.3678
1312	0.5361	0.3747
1313	0.5313	0.3714
1314	0.5259	0.365
1315	0.5172	0.3546
1316	0.5442	0.3861
1317	0.5257	0.3655
1318	0.532	0.3698
1319	0.5443	0.3832
1320	0.5403	0.3802
1321	0.5305	0.3704
1322	0.5223	0.3609
1323	0.5214	0.3604
1324	0.5186	0.3584
1325	0.517	0.3558
1326	0.5183	0.3595
1327	0.5233	0.3619
1328	0.5309	0.3726
1329	0.5214	0.3605
1330	0.523	0.3621
1331	0.5353	0.3792
1332	0.5197	0.3599
1333	0.517	0.3577
1334	0.5249	0.3673
1335	0.5163	0.3556
1336	0.5286	0.3681
1337	0.5475	0.3896
1338	0.5285	0.3701
1339	0.5256	0.3668
1340	0.5189	0.3597
1341	0.5343	0.3779
1342	0.532	0.3736
1343	0.5853	0.4324
1344	0.5881	0.4335
1345	0.5347	0.3767
1346	0.5197	0.3616
1347	0.5242	0.3674
1348	0.515	0.3563
1349	0.5162	0.3567
1350	0.5349	0.3792
1351	0.5216	0.3637
1352	0.5186	0.3587
1353	0.5238	0.3672
1354	0.5199	0.3597
1355	0.5161	0.3569
1356	0.5278	0.3731
1357	0.5131	0.3539
1358	0.5081	0.3503
1359	0.5367	0.383
1360	0.5421	0.3907
1361	0.5189	0.3613
1362	0.5128	0.3545
1363	0.5133	0.3571
1364	0.515	0.3567
1365	0.5151	0.3565
1366	0.5244	0.3672
1367	0.5293	0.3763
1368	0.5234	0.3674
1369	0.5298	0.3729
1370	0.5559	0.4014
1371	0.5744	0.4227
1372	0.5486	0.3916
1373	0.5188	0.3639
1374	0.5181	0.3632
1375	0.5081	0.3487
1376	0.5115	0.3555
1377	0.5173	0.3609
1378	0.5059	0.349
1379	0.5038	0.3463
1380	0.5065	0.3506
1381	0.5146	0.3596
1382	0.5213	0.3651
1383	0.5136	0.3558
1384	0.5206	0.3701
1385	0.5093	0.3534
1386	0.5315	0.3803
1387	0.5068	0.3512
1388	0.5129	0.3601
1389	0.525	0.3716
1390	0.511	0.3552
1391	0.5212	0.3678
1392	0.5257	0.3733
1393	0.5302	0.3793
1394	0.5138	0.3578
1395	0.513	0.3589
1396	0.5191	0.3615
1397	0.5287	0.3761
1398	0.5153	0.3587
1399	0.5169	0.3623
1400	0.5023	0.3472
1401	0.5242	0.3725
1402	0.5077	0.3525
1403	0.5025	0.3475
1404	0.5	0.3443
1405	0.5099	0.3592
1406	0.5036	0.3502
1407	0.5097	0.3576
1408	0.5074	0.3536
1409	0.5049	0.3491
1410	0.5021	0.3471
1411	0.5075	0.3563
1412	0.525	0.3733
1413	0.5202	0.3679
1414	0.5021	0.3484
1415	0.5113	0.3578
1416	0.5071	0.3533
1417	0.5021	0.348
1418	0.505	0.3524
1419	0.5414	0.3928
1420	0.506	0.3544
1421	0.5245	0.3746
1422	0.5031	0.3486
1423	0.5166	0.3653
1424	0.5381	0.3893
1425	0.5475	0.3988
1426	0.5253	0.3751
1427	0.5054	0.3523
1428	0.5015	0.3481
1429	0.543	0.3915
1430	0.5568	0.4108
1431	0.5106	0.3598
1432	0.5082	0.3583
1433	0.5073	0.3539
1434	0.5141	0.3642
1435	0.5217	0.3701
1436	0.4989	0.3452
1437	0.4986	0.346
1438	0.5107	0.3581
1439	0.4977	0.3451
1440	0.4983	0.3486
1441	0.4947	0.3432
1442	0.5091	0.3583
1443	0.4952	0.3432
1444	0.5083	0.3571
1445	0.5596	0.4163
1446	0.5239	0.3732
1447	0.4975	0.3449
1448	0.5097	0.3607
1449	0.5007	0.3505
1450	0.492	0.3413
1451	0.4938	0.3432
1452	0.4958	0.345
1453	0.4924	0.342
1454	0.5143	0.3659
1455	0.5042	0.351
1456	0.4999	0.3474
1457	0.5108	0.3589
1458	0.5215	0.3708
1459	0.5568	0.4061
1460	0.5638	0.4141
1461	0.5444	0.3959
1462	0.5466	0.3935
1463	0.5423	0.3904
1464	0.5343	0.3795
1465	0.4974	0.3461
1466	0.5052	0.3545
1467	0.5121	0.3625
1468	0.5179	0.3638
1469	0.5057	0.3567
1470	0.5018	0.3494
1471	0.4969	0.3462
1472	0.4896	0.3402
1473	0.5039	0.3575
1474	0.5447	0.4006
1475	0.5654	0.4257
1476	0.5454	0.3997
1477	0.5565	0.409
1478	0.5125	0.3616
1479	0.4942	0.342
1480	0.4949	0.3452
1481	0.498	0.348
1482	0.4985	0.3516
1483	0.5169	0.3722
1484	0.4993	0.3516
1485	0.4972	0.3486
1486	0.497	0.3492
1487	0.5225	0.3768
1488	0.4923	0.3437
1489	0.4888	0.3395
1490	0.5028	0.3556
1491	0.498	0.3482
1492	0.5058	0.3583
1493	0.497	0.3486
1494	0.4972	0.3509
1495	0.4952	0.3488
1496	0.5098	0.3615
1497	0.4895	0.3391
1498	0.4885	0.3375
1499	0.4956	0.3458
1500	0.4855	0.3367
1501	0.4792	0.3285
1502	0.4765	0.3258
1503	0.4748	0.3241
1504	0.475	0.3256
1505	0.4735	0.3239
1506	0.4738	0.3239
1507	0.4726	0.3229
1508	0.4716	0.3212
1509	0.472	0.3227
1510	0.4728	0.3224
1511	0.4739	0.3249
1512	0.4715	0.3214
1513	0.4704	0.3211
1514	0.4717	0.3235
1515	0.4736	0.3246
1516	0.4717	0.3226
1517	0.4718	0.3218
1518	0.4745	0.3247
1519	0.4721	0.3222
1520	0.4707	0.3204
1521	0.4754	0.3266
1522	0.4705	0.321
1523	0.4697	0.32
1524	0.4706	0.3214
1525	0.4724	0.3235
1526	0.4721	0.3236
1527	0.4707	0.3216
1528	0.4716	0.3215
1529	0.4705	0.3218
1530	0.4685	0.3192
1531	0.4694	0.321
1532	0.4687	0.3197
1533	0.4696	0.3212
1534	0.4687	0.3191
1535	0.4676	0.3182
1536	0.4672	0.3181
1537	0.4697	0.3219
1538	0.4685	0.3202
1539	0.4686	0.3198
1540	0.4674	0.3184
1541	0.4689	0.3205
1542	0.47	0.3223
1543	0.4679	0.3188
1544	0.4685	0.32
1545	0.4689	0.3202
1546	0.4689	0.3208
1547	0.4682	0.3195
1548	0.4688	0.3205
1549	0.4686	0.3206
1550	0.468	0.3188
1551	0.467	0.3177
1552	0.4703	0.3215
1553	0.4682	0.3197
1554	0.4662	0.3169
1555	0.4684	0.3198
1556	0.4691	0.3213
1557	0.4675	0.3182
1558	0.4735	0.3267
1559	0.468	0.3195
1560	0.4675	0.3189
1561	0.467	0.3187
1562	0.4671	0.319
1563	0.4662	0.3181
1564	0.4661	0.3182
1565	0.4664	0.3183
1566	0.4665	0.318
1567	0.4657	0.3169
1568	0.4695	0.3216
1569	0.4741	0.3278
1570	0.4677	0.3204
1571	0.4696	0.3225
1572	0.4685	0.3209
1573	0.4655	0.3169
1574	0.4645	0.3163
1575	0.4663	0.3195
1576	0.465	0.3173
1577	0.4649	0.317
1578	0.4648	0.3167
1579	0.4644	0.3167
1580	0.4662	0.3187
1581	0.465	0.3176
1582	0.4651	0.3177
1583	0.4675	0.3197
1584	0.4661	0.3191
1585	0.4657	0.3174
1586	0.467	0.3202
1587	0.4652	0.3177
1588	0.4644	0.3171
1589	0.4637	0.3158
1590	0.4669	0.3188
1591	0.4651	0.3171
1592	0.4647	0.3165
1593	0.4649	0.3174
1594	0.4634	0.3161
1595	0.4651	0.3175
1596	0.4646	0.3173
1597	0.4635	0.3154
1598	0.4644	0.3167
1599	0.4654	0.3182
1600	0.4648	0.3178
1601	0.466	0.3187
1602	0.4656	0.3182
1603	0.4635	0.3158
1604	0.4649	0.3177
1605	0.4644	0.3165
1606	0.4635	0.3162
1607	0.4646	0.3172
1608	0.4628	0.3154
1609	0.4641	0.3173
1610	0.4706	0.3249
1611	0.4628	0.3155
1612	0.4624	0.3147
1613	0.4657	0.3189
1614	0.4636	0.3166
1615	0.4639	0.3164
1616	0.4642	0.3172
1617	0.4616	0.3144
1618	0.4618	0.3137
1619	0.4626	0.3154
1620	0.4627	0.3152
1621	0.4652	0.3163
1622	0.465	0.3169
1623	0.4631	0.3147
1624	0.4663	0.3203
1625	0.4647	0.317
1626	0.4634	0.3167
1627	0.4646	0.3176
1628	0.4628	0.3164
1629	0.4646	0.3177
1630	0.4636	0.3166
1631	0.4624	0.3146
1632	0.4624	0.3158
1633	0.4635	0.3179
1634	0.4622	0.3159
1635	0.4614	0.3141
1636	0.4654	0.3193
1637	0.4628	0.3156
1638	0.4617	0.3146
1639	0.4608	0.3143
1640	0.4618	0.3149
1641	0.4618	0.3154
1642	0.4616	0.3142
1643	0.4654	0.3191
1644	0.4636	0.3169
1645	0.4647	0.3185
1646	0.4622	0.3158
1647	0.4625	0.3166
1648	0.4616	0.3156
1649	0.4619	0.316
1650	0.4618	0.316
1651	0.4618	0.3155
1652	0.4625	0.316
1653	0.4608	0.3143
1654	0.4611	0.3141
1655	0.4613	0.3156
1656	0.4614	0.3152
1657	0.4634	0.3168
1658	0.4615	0.3145
1659	0.4604	0.3134
1660	0.4609	0.3148
1661	0.4625	0.3171
1662	0.4606	0.3146
1663	0.4623	0.3164
1664	0.4632	0.3169
1665	0.4616	0.3147
1666	0.4612	0.3153
1667	0.4608	0.3141
1668	0.4613	0.3144
1669	0.4612	0.3134
1670	0.4628	0.3154
1671	0.4623	0.3156
1672	0.4611	0.3146
1673	0.4619	0.3146
1674	0.4617	0.3147
1675	0.4613	0.3143
1676	0.4616	0.3149
1677	0.469	0.3234
1678	0.4634	0.3182
1679	0.4619	0.3162
1680	0.4645	0.3183
1681	0.4599	0.3127
1682	0.4602	0.3132
1683	0.4609	0.3148
1684	0.4612	0.3144
1685	0.4597	0.3134
1686	0.4621	0.3165
1687	0.46	0.3134
1688	0.4589	0.3118
1689	0.459	0.312
1690	0.4601	0.3133
1691	0.4582	0.3106
1692	0.4588	0.3116
1693	0.4606	0.3145
1694	0.4591	0.3123
1695	0.4604	0.3139
1696	0.459	0.3118
1697	0.4597	0.3131
1698	0.4598	0.3143
1699	0.4591	0.3132
1700	0.4605	0.3144
1701	0.4603	0.314
1702	0.4626	0.3179
1703	0.4602	0.3142
1704	0.461	0.3142
1705	0.459	0.3128
1706	0.4592	0.3128
1707	0.4586	0.3115
1708	0.4603	0.3152
1709	0.4593	0.3129
1710	0.4588	0.3128
1711	0.4586	0.3118
1712	0.46	0.3136
1713	0.4606	0.3148
1714	0.4595	0.3134
1715	0.4588	0.3125
1716	0.4601	0.3137
1717	0.4602	0.3143
1718	0.4599	0.314
1719	0.4596	0.3133
1720	0.4589	0.3122
1721	0.4597	0.3138
1722	0.4579	0.3126
1723	0.4604	0.3144
1724	0.4646	0.3208
1725	0.463	0.3185
1726	0.4641	0.3194
1727	0.4609	0.316
1728	0.4603	0.3158
1729	0.4591	0.3131
1730	0.463	0.3182
1731	0.4596	0.3146
1732	0.4601	0.3151
1733	0.4707	0.3278
1734	0.4598	0.3145
1735	0.4577	0.3115
1736	0.4582	0.3125
1737	0.4587	0.3138
1738	0.461	0.3156
1739	0.4611	0.3174
1740	0.4601	0.3152
1741	0.4581	0.3134
1742	0.4613	0.3163
1743	0.4578	0.3131
1744	0.4597	0.3152
1745	0.4609	0.316
1746	0.4628	0.3188
1747	0.4574	0.3114
1748	0.4564	0.3106
1749	0.4609	0.3159
1750	0.4585	0.3136
1751	0.4561	0.3098
1752	0.4582	0.3132
1753	0.457	0.3122
1754	0.457	0.3119
1755	0.4591	0.3141
1756	0.4584	0.313
1757	0.4557	0.3094
1758	0.4582	0.3129
1759	0.4558	0.3097
1760	0.4595	0.3143
1761	0.4573	0.3116
1762	0.4584	0.314
1763	0.4565	0.3113
1764	0.4588	0.3134
1765	0.4586	0.3133
1766	0.4581	0.3121
1767	0.4579	0.3129
1768	0.4578	0.3121
1769	0.4573	0.3126
1770	0.4562	0.3112
1771	0.4583	0.3135
1772	0.4571	0.3121
1773	0.4569	0.3114
1774	0.4563	0.3107
1775	0.4587	0.3146
1776	0.4554	0.3099
1777	0.4547	0.3092
1778	0.4558	0.3112
1779	0.456	0.3112
1780	0.4556	0.3106
1781	0.4559	0.3111
1782	0.4561	0.3113
1783	0.4555	0.3107
1784	0.4581	0.3125
1785	0.4578	0.3131
1786	0.4568	0.312
1787	0.4566	0.3121
1788	0.459	0.3149
1789	0.4563	0.3111
1790	0.4554	0.3107
1791	0.4595	0.3148
1792	0.461	0.3168
1793	0.4553	0.3106
1794	0.4557	0.3103
1795	0.4599	0.3155
1796	0.4549	0.3087
1797	0.4551	0.3099
1798	0.4561	0.3118
1799	0.4555	0.3113
1800	0.4603	0.3163
1801	0.4538	0.3082
1802	0.4587	0.3133
1803	0.4591	0.3151
1804	0.4589	0.3147
1805	0.4547	0.3097
1806	0.4562	0.3116
1807	0.4556	0.3111
1808	0.4561	0.3113
1809	0.4542	0.3084
1810	0.4552	0.31
1811	0.4551	0.3102
1812	0.4559	0.3108
1813	0.454	0.3087
1814	0.4544	0.3095
1815	0.4549	0.3094
1816	0.455	0.309
1817	0.4595	0.3151
1818	0.4546	0.3092
1819	0.4537	0.308
1820	0.4537	0.3091
1821	0.4544	0.3095
1822	0.4546	0.3103
1823	0.4546	0.3098
1824	0.4583	0.3149
1825	0.4563	0.3116
1826	0.4543	0.3088
1827	0.4544	0.3091
1828	0.4545	0.3101
1829	0.4548	0.3098
1830	0.4558	0.3124
1831	0.4546	0.3103
1832	0.4545	0.3101
1833	0.4542	0.3093
1834	0.4555	0.3112
1835	0.4551	0.311
1836	0.4546	0.311
1837	0.456	0.3124
1838	0.4569	0.3134
1839	0.4552	0.3108
1840	0.4535	0.3081
1841	0.4559	0.3109
1842	0.4569	0.3135
1843	0.456	0.311
1844	0.4535	0.3092
1845	0.4571	0.3126
1846	0.4563	0.3106
1847	0.4548	0.3083
1848	0.463	0.32
1849	0.4573	0.3121
1850	0.4587	0.3153
1851	0.4549	0.3095
1852	0.4564	0.3117
1853	0.457	0.3124
1854	0.454	0.309
1855	0.4577	0.3147
1856	0.4567	0.3122
1857	0.455	0.3109
1858	0.4604	0.3176
1859	0.4558	0.3116
1860	0.4537	0.3079
1861	0.4598	0.3163
1862	0.455	0.3102
1863	0.4538	0.3096
1864	0.4538	0.3092
1865	0.4537	0.3087
1866	0.4599	0.3156
1867	0.4616	0.3187
1868	0.4547	0.31
1869	0.4553	0.3109
1870	0.4531	0.3085
1871	0.4575	0.3148
1872	0.4529	0.3081
1873	0.4537	0.3101
1874	0.453	0.3088
1875	0.4544	0.3113
1876	0.4517	0.307
1877	0.4515	0.3072
1878	0.4517	0.3074
1879	0.4527	0.3084
1880	0.4528	0.3084
1881	0.456	0.3127
1882	0.4522	0.3082
1883	0.452	0.3074
1884	0.4517	0.3067
1885	0.454	0.3098
1886	0.4519	0.3071
1887	0.4509	0.306
1888	0.451	0.3068
1889	0.4523	0.3093
1890	0.4526	0.3094
1891	0.451	0.3073
1892	0.4511	0.3068
1893	0.4548	0.3105
1894	0.4514	0.3063
1895	0.4536	0.3101
1896	0.4522	0.3086
1897	0.4529	0.3097
1898	0.4527	0.3085
1899	0.4523	0.3081
1900	0.4534	0.3091
1901	0.4532	0.3086
1902	0.4512	0.3069
1903	0.4521	0.3091
1904	0.4521	0.3081
1905	0.4521	0.308
1906	0.4522	0.3081
1907	0.4516	0.3079
1908	0.4531	0.3096
1909	0.4563	0.3126
1910	0.4547	0.3106
1911	0.4518	0.3072
1912	0.4521	0.3072
1913	0.451	0.3063
1914	0.4517	0.308
1915	0.4557	0.3124
1916	0.4529	0.3092
1917	0.4518	0.3078
1918	0.4525	0.3086
1919	0.453	0.3093
1920	0.452	0.3084
1921	0.4503	0.3067
1922	0.4501	0.3063
1923	0.4507	0.3069
1924	0.451	0.3076
1925	0.4502	0.3067
1926	0.4526	0.3094
1927	0.4504	0.3067
1928	0.4507	0.3066
1929	0.4523	0.3091
1930	0.4537	0.3113
1931	0.4526	0.3094
1932	0.4503	0.306
1933	0.45	0.3053
1934	0.4519	0.3078
1935	0.4498	0.3059
1936	0.4526	0.31
1937	0.4543	0.3111
1938	0.4547	0.3113
1939	0.45	0.3057
1940	0.4496	0.3053
1941	0.4504	0.3061
1942	0.4492	0.3046
1943	0.4568	0.3136
1944	0.4503	0.3061
1945	0.4506	0.3067
1946	0.4507	0.3068
1947	0.4508	0.3066
1948	0.4511	0.3077
1949	0.4505	0.3067
1950	0.4516	0.3081
1951	0.4514	0.3078
1952	0.459	0.3181
1953	0.4517	0.3086
1954	0.4502	0.3072
1955	0.4489	0.3055
1956	0.4506	0.308
1957	0.449	0.3052
1958	0.4498	0.3071
1959	0.4504	0.3073
1960	0.4539	0.3121
1961	0.4501	0.3069
1962	0.4492	0.3046
1963	0.4506	0.3061
1964	0.4499	0.3067
1965	0.4502	0.3077
1966	0.4506	0.3074
1967	0.451	0.3083
1968	0.4496	0.3059
1969	0.4495	0.3063
1970	0.4512	0.3077
1971	0.4516	0.3089
1972	0.4546	0.3126
1973	0.4514	0.3082
1974	0.4493	0.3055
1975	0.4541	0.312
1976	0.4488	0.3061
1977	0.4509	0.309
1978	0.4572	0.3164
1979	0.4498	0.3068
1980	0.4485	0.3061
1981	0.4579	0.3171
1982	0.4533	0.3115
1983	0.4475	0.3045
1984	0.4483	0.305
1985	0.4508	0.3075
1986	0.4516	0.309
1987	0.45	0.3075
1988	0.4483	0.3048
1989	0.4512	0.3091
1990	0.4496	0.3076
1991	0.4496	0.3072
1992	0.4484	0.3053
1993	0.4494	0.307
1994	0.4508	0.3083
1995	0.4515	0.3089
1996	0.4494	0.3063
1997	0.4514	0.3087
1998	0.4517	0.3092
1999	0.4502	0.3074
