epoch:	train_RMSD:	train_MAE:
0	6.919	6.303
1	6.7705	6.1485
2	6.2629	5.6204
3	4.9035	4.2453
4	4.1254	3.5188
5	3.8371	3.2618
6	3.6699	3.1172
7	3.5408	3.0058
8	3.4332	2.9112
9	3.3427	2.8303
10	3.2681	2.7614
11	3.2102	2.7044
12	3.1699	2.661
13	3.1453	2.6302
14	3.1315	2.6085
15	3.1249	2.5947
16	3.122	2.5861
17	3.1209	2.581
18	3.1206	2.5783
19	3.1206	2.5779
20	3.1207	2.5793
21	3.1207	2.5793
22	3.1208	2.5799
23	3.1208	2.5801
24	3.1208	2.5803
25	3.1209	2.5808
26	3.1208	2.5804
27	3.1209	2.5806
28	3.1208	2.5804
29	3.1208	2.5804
30	3.1209	2.5809
31	3.1209	2.5806
32	3.1207	2.5796
33	3.1208	2.58
34	3.1208	2.5798
35	3.1207	2.5795
36	3.1207	2.5794
37	3.1208	2.5804
38	3.1209	2.5808
39	3.1209	2.5807
40	3.1208	2.5805
41	3.1208	2.5804
42	3.1209	2.5806
43	3.121	2.5812
44	3.1209	2.5809
45	3.1208	2.5805
46	3.1209	2.5807
47	3.1209	2.581
48	3.1209	2.5808
49	3.1209	2.5811
50	3.121	2.5814
51	3.1209	2.5808
52	3.1209	2.5808
53	3.1209	2.5807
54	3.1209	2.5806
55	3.1209	2.5805
56	3.1207	2.5796
57	3.1208	2.5799
58	3.1208	2.5799
59	3.1208	2.5801
60	3.121	2.5815
61	3.121	2.5816
62	3.1208	2.5803
63	3.1208	2.5801
64	3.1208	2.5801
65	3.1208	2.5801
66	3.1208	2.58
67	3.121	2.5818
68	3.1211	2.5821
69	3.121	2.5815
70	3.1211	2.5823
71	3.1209	2.5811
72	3.1209	2.5807
73	3.1209	2.581
74	3.1209	2.5807
75	3.1208	2.5805
76	3.1209	2.5806
77	3.1209	2.5808
78	3.1208	2.5802
79	3.1208	2.5802
80	3.1209	2.5806
81	3.1209	2.5812
82	3.1209	2.5807
83	3.1207	2.5799
84	3.1208	2.5802
85	3.1208	2.5808
86	3.1208	2.5809
87	3.1207	2.5801
88	3.1207	2.5807
89	3.1203	2.5812
90	3.1193	2.5812
91	3.1182	2.5796
92	3.1171	2.5784
93	3.1154	2.5756
94	3.1132	2.5729
95	3.11	2.5695
96	3.1062	2.5664
97	3.0992	2.5596
98	3.0783	2.5437
99	2.9879	2.4686
100	2.7229	2.2598
101	2.5342	2.0393
102	2.4029	1.9103
103	2.3062	1.7826
104	2.2414	1.7118
105	2.1943	1.6519
106	2.1689	1.6217
107	2.1514	1.5997
108	2.1389	1.5876
109	2.1246	1.5765
110	2.1102	1.5572
111	2.0969	1.5633
112	2.0786	1.5529
113	2.0613	1.5418
114	2.0471	1.5354
115	2.0212	1.5142
116	1.9923	1.486
117	1.965	1.472
118	1.9337	1.4464
119	1.8835	1.4163
120	1.8346	1.3799
121	1.7968	1.3504
122	1.7841	1.3489
123	1.76	1.3246
124	1.7343	1.3043
125	1.6992	1.2756
126	1.6833	1.265
127	1.6574	1.2434
128	1.6299	1.2293
129	1.6076	1.2117
130	1.5949	1.1997
131	1.564	1.1769
132	1.5501	1.164
133	1.5304	1.1464
134	1.5159	1.1356
135	1.4996	1.1215
136	1.5226	1.1401
137	1.4666	1.0901
138	1.4583	1.0814
139	1.4549	1.0798
140	1.4305	1.0555
141	1.4194	1.0399
142	1.4384	1.0618
143	1.4057	1.0314
144	1.4243	1.0426
145	1.3932	1.0194
146	1.3892	1.0214
147	1.3665	0.9944
148	1.355	0.9831
149	1.3734	1.0013
150	1.3503	0.9848
151	1.3519	0.9879
152	1.3332	0.966
153	1.3206	0.9558
154	1.3272	0.9654
155	1.3192	0.9572
156	1.3135	0.9507
157	1.3125	0.9526
158	1.2955	0.9378
159	1.3016	0.9409
160	1.2801	0.9245
161	1.3023	0.947
162	1.2985	0.9443
163	1.2805	0.933
164	1.2852	0.9293
165	1.2651	0.9189
166	1.2525	0.9019
167	1.2552	0.9107
168	1.2487	0.9021
169	1.2342	0.8896
170	1.2378	0.8918
171	1.2374	0.8943
172	1.2183	0.877
173	1.2231	0.884
174	1.2394	0.8997
175	1.214	0.8794
176	1.2168	0.8831
177	1.264	0.9245
178	1.2329	0.8941
179	1.2059	0.8756
180	1.2046	0.8702
181	1.1916	0.8578
182	1.2056	0.8774
183	1.1819	0.85
184	1.1828	0.8505
185	1.2042	0.8687
186	1.1637	0.8361
187	1.1773	0.852
188	1.1571	0.833
189	1.152	0.8257
190	1.146	0.8228
191	1.1495	0.8298
192	1.1395	0.8168
193	1.1385	0.8185
194	1.1543	0.8364
195	1.1533	0.8391
196	1.1457	0.838
197	1.1271	0.8104
198	1.1114	0.797
199	1.116	0.8055
200	1.1188	0.8069
201	1.1617	0.8544
202	1.1181	0.8086
203	1.1008	0.7935
204	1.1433	0.8348
205	1.1018	0.7968
206	1.0887	0.7855
207	1.1032	0.7991
208	1.0865	0.7827
209	1.0706	0.7667
210	1.0695	0.7668
211	1.078	0.7822
212	1.1013	0.8008
213	1.06	0.7615
214	1.0866	0.7865
215	1.0699	0.7689
216	1.0687	0.7712
217	1.081	0.7874
218	1.047	0.7543
219	1.0495	0.7526
220	1.0541	0.7551
221	1.0339	0.7405
222	1.0383	0.7479
223	1.0373	0.7445
224	1.0443	0.7496
225	1.0198	0.727
226	1.0184	0.7278
227	1.0189	0.7314
228	1.028	0.7401
229	1.0168	0.7283
230	1.0249	0.7378
231	1.0077	0.7175
232	1.0102	0.7233
233	0.9994	0.7127
234	1.0052	0.7159
235	1.0208	0.7329
236	1.0295	0.7428
237	1.0117	0.7246
238	1.0084	0.7225
239	0.9903	0.7057
240	0.9927	0.7046
241	0.9918	0.7049
242	1.0047	0.7221
243	0.9922	0.715
244	0.9959	0.7119
245	1.0424	0.7621
246	1.0479	0.7662
247	1.0013	0.7199
248	1.0066	0.7249
249	0.9842	0.6995
250	0.9738	0.6918
251	0.9736	0.6909
252	0.9668	0.6849
253	0.9638	0.6836
254	0.9656	0.6835
255	0.9841	0.707
256	0.995	0.7157
257	0.9584	0.6806
258	0.9716	0.6947
259	0.955	0.6794
260	0.9524	0.6766
261	0.9531	0.6742
262	0.9426	0.6675
263	0.9455	0.6698
264	0.9539	0.6822
265	0.9522	0.6797
266	0.9401	0.6672
267	0.9364	0.6617
268	0.9326	0.6577
269	0.9399	0.6674
270	0.9399	0.6677
271	0.9484	0.6751
272	0.9419	0.6709
273	0.9292	0.6598
274	0.9316	0.6624
275	0.935	0.6646
276	0.9288	0.6612
277	0.9195	0.6511
278	0.9262	0.655
279	0.9177	0.6499
280	0.9242	0.6552
281	0.9216	0.6534
282	0.9105	0.6436
283	0.9087	0.6414
284	0.9152	0.6499
285	0.9415	0.6776
286	0.9424	0.6771
287	0.9104	0.6464
288	0.9138	0.65
289	0.9165	0.6499
290	0.9026	0.6378
291	0.9044	0.6384
292	0.8964	0.6327
293	0.8961	0.6319
294	0.8975	0.6327
295	0.9049	0.646
296	0.9106	0.6512
297	0.8998	0.642
298	0.9031	0.6399
299	0.8956	0.6341
300	0.8889	0.6265
301	0.8874	0.6279
302	0.8883	0.6284
303	0.9012	0.641
304	0.8809	0.622
305	0.8817	0.6227
306	0.8937	0.6405
307	0.932	0.6755
308	0.8853	0.6281
309	0.8948	0.636
310	0.9231	0.6687
311	0.8755	0.6209
312	0.8839	0.63
313	0.882	0.6238
314	0.8707	0.6151
315	0.871	0.6161
316	0.8758	0.6214
317	0.8691	0.6154
318	0.8833	0.6285
319	0.8631	0.6091
320	0.863	0.61
321	0.8633	0.611
322	0.8672	0.6179
323	0.8581	0.6047
324	0.86	0.6082
325	0.8533	0.6045
326	0.8551	0.6055
327	0.8714	0.6224
328	0.8945	0.6447
329	0.8658	0.6157
330	0.8752	0.627
331	0.8815	0.6338
332	0.858	0.6083
333	0.8546	0.6045
334	0.8538	0.6071
335	0.9017	0.6571
336	0.8591	0.6101
337	0.8617	0.6169
338	0.8686	0.6223
339	0.8613	0.6157
340	0.8482	0.6026
341	0.8397	0.5933
342	0.8393	0.5942
343	0.8395	0.5958
344	0.8396	0.5961
345	0.8468	0.6022
346	0.8414	0.5968
347	0.8321	0.5885
348	0.8405	0.597
349	0.8367	0.5955
350	0.8438	0.6003
351	0.8566	0.6128
352	0.8317	0.5903
353	0.8408	0.5993
354	0.8412	0.5975
355	0.8326	0.5886
356	0.8255	0.5848
357	0.8266	0.5859
358	0.8389	0.5986
359	0.822	0.5818
360	0.8231	0.5832
361	0.8256	0.5853
362	0.8193	0.5793
363	0.8298	0.5914
364	0.8279	0.5919
365	0.8535	0.6151
366	0.8398	0.6037
367	0.8179	0.5788
368	0.8124	0.5744
369	0.8294	0.5919
370	0.8099	0.5708
371	0.8131	0.5759
372	0.8114	0.5746
373	0.8082	0.5722
374	0.8061	0.5693
375	0.8066	0.5693
376	0.805	0.5677
377	0.8334	0.5975
378	0.8397	0.6099
379	0.812	0.5753
380	0.8144	0.5824
381	0.8162	0.5834
382	0.8047	0.5696
383	0.8211	0.5873
384	0.8007	0.5669
385	0.8042	0.5693
386	0.8159	0.5833
387	0.8177	0.5866
388	0.8007	0.5667
389	0.8022	0.568
390	0.7928	0.5587
391	0.8018	0.5702
392	0.7972	0.5655
393	0.7968	0.5642
394	0.8003	0.5695
395	0.8285	0.6015
396	0.7965	0.5665
397	0.83	0.6004
398	0.7942	0.5627
399	0.8038	0.5733
400	0.795	0.5651
401	0.7898	0.5593
402	0.8017	0.573
403	0.7876	0.5589
404	0.7873	0.5574
405	0.7913	0.5601
406	0.7793	0.549
407	0.7899	0.5608
408	0.7828	0.554
409	0.7818	0.5528
410	0.7771	0.5466
411	0.7844	0.5576
412	0.8091	0.5887
413	0.7907	0.5625
414	0.7959	0.5686
415	0.7922	0.5663
416	0.774	0.5455
417	0.8025	0.5776
418	0.7988	0.5753
419	0.7748	0.5463
420	0.8153	0.5928
421	0.7712	0.5472
422	0.7717	0.5474
423	0.798	0.578
424	0.768	0.542
425	0.7742	0.548
426	0.7751	0.55
427	0.7689	0.5454
428	0.7773	0.5504
429	0.7667	0.5432
430	0.7675	0.5423
431	0.7627	0.5396
432	0.7791	0.5553
433	0.7671	0.543
434	0.7643	0.5411
435	0.7717	0.5519
436	0.7702	0.5475
437	0.7665	0.5414
438	0.7683	0.5453
439	0.7678	0.5464
440	0.7792	0.5546
441	0.7736	0.5545
442	0.7588	0.5369
443	0.7649	0.5424
444	0.7546	0.5323
445	0.7736	0.5521
446	0.7745	0.5541
447	0.7777	0.5582
448	0.7536	0.5313
449	0.7523	0.5326
450	0.7519	0.5316
451	0.7594	0.5415
452	0.7567	0.5376
453	0.7648	0.5472
454	0.7506	0.531
455	0.7476	0.5257
456	0.7624	0.5428
457	0.7524	0.5334
458	0.7734	0.5567
459	0.7764	0.5557
460	0.7563	0.5408
461	0.7531	0.5312
462	0.7528	0.5363
463	0.7532	0.536
464	0.7425	0.5254
465	0.7442	0.5261
466	0.751	0.5332
467	0.7708	0.5573
468	0.7458	0.5268
469	0.7536	0.538
470	0.7463	0.5283
471	0.7415	0.5229
472	0.7648	0.5505
473	0.7558	0.5427
474	0.7515	0.5335
475	0.744	0.531
476	0.7401	0.5249
477	0.7479	0.5303
478	0.7482	0.5302
479	0.7382	0.5233
480	0.7377	0.5229
481	0.7382	0.5225
482	0.7355	0.5195
483	0.7431	0.5297
484	0.734	0.5186
485	0.7439	0.529
486	0.7316	0.5154
487	0.7334	0.5192
488	0.7332	0.5184
489	0.7292	0.5156
490	0.7391	0.5235
491	0.7325	0.5201
492	0.7332	0.5187
493	0.7325	0.5199
494	0.7405	0.5284
495	0.7274	0.5133
496	0.7299	0.5165
497	0.7251	0.5102
498	0.7407	0.5303
499	0.732	0.5182
500	0.7319	0.5201
501	0.7268	0.5159
502	0.7263	0.5107
503	0.7336	0.5211
504	0.7356	0.5256
505	0.7673	0.5571
506	0.7255	0.5134
507	0.7336	0.5222
508	0.7347	0.5245
509	0.7193	0.5047
510	0.7259	0.519
511	0.7326	0.5167
512	0.7312	0.5229
513	0.7311	0.519
514	0.7361	0.5234
515	0.7263	0.5156
516	0.7434	0.5355
517	0.7297	0.5202
518	0.7164	0.5042
519	0.7163	0.5034
520	0.726	0.5193
521	0.7227	0.5128
522	0.7129	0.5024
523	0.7122	0.5027
524	0.7178	0.5057
525	0.7189	0.5111
526	0.7149	0.503
527	0.7173	0.5099
528	0.7477	0.5382
529	0.7152	0.5069
530	0.7137	0.5059
531	0.7275	0.5165
532	0.7124	0.5059
533	0.7124	0.5039
534	0.7137	0.5034
535	0.7173	0.5104
536	0.7222	0.5133
537	0.7039	0.4945
538	0.7099	0.503
539	0.7082	0.502
540	0.7098	0.5019
541	0.7173	0.5082
542	0.705	0.4992
543	0.7066	0.4966
544	0.7063	0.4979
545	0.7009	0.4938
546	0.7038	0.4966
547	0.7122	0.5046
548	0.7059	0.4984
549	0.7257	0.5196
550	0.7269	0.5204
551	0.7272	0.5214
552	0.7112	0.505
553	0.7157	0.5094
554	0.7078	0.5012
555	0.7318	0.5209
556	0.7207	0.5163
557	0.7182	0.5147
558	0.6988	0.4906
559	0.6968	0.488
560	0.6964	0.492
561	0.7087	0.5039
562	0.7053	0.4982
563	0.7084	0.5017
564	0.697	0.4927
565	0.6974	0.4913
566	0.7011	0.4976
567	0.6948	0.4892
568	0.7271	0.5263
569	0.7044	0.5023
570	0.6938	0.4896
571	0.6976	0.4921
572	0.6951	0.4939
573	0.6919	0.4879
574	0.696	0.4902
575	0.6962	0.4942
576	0.7204	0.5156
577	0.7047	0.502
578	0.6934	0.4935
579	0.7142	0.5115
580	0.7034	0.5041
581	0.6947	0.4892
582	0.6895	0.4843
583	0.6881	0.4835
584	0.6961	0.4906
585	0.695	0.4926
586	0.6877	0.4818
587	0.6988	0.4978
588	0.6877	0.4874
589	0.6864	0.4795
590	0.6848	0.481
591	0.6921	0.4926
592	0.6889	0.4842
593	0.6816	0.4777
594	0.6931	0.488
595	0.6843	0.4779
596	0.6937	0.4898
597	0.6797	0.4761
598	0.6799	0.4804
599	0.7022	0.5024
600	0.6877	0.4842
601	0.7049	0.5071
602	0.6935	0.4939
603	0.6889	0.4866
604	0.6876	0.4831
605	0.6803	0.4801
606	0.6755	0.4704
607	0.6799	0.4761
608	0.6801	0.4802
609	0.6841	0.4819
610	0.6795	0.4775
611	0.6794	0.4791
612	0.6767	0.4766
613	0.6854	0.482
614	0.6772	0.4769
615	0.68	0.4792
616	0.6822	0.483
617	0.6777	0.4744
618	0.6822	0.4826
619	0.6774	0.4733
620	0.6836	0.4831
621	0.6722	0.4725
622	0.683	0.4858
623	0.6903	0.4929
624	0.671	0.4707
625	0.6872	0.4892
626	0.6796	0.4773
627	0.68	0.4839
628	0.6782	0.4791
629	0.6774	0.4769
630	0.6818	0.4853
631	0.6738	0.4707
632	0.6705	0.4674
633	0.6832	0.4876
634	0.673	0.4734
635	0.6695	0.4672
636	0.6717	0.4742
637	0.6693	0.4697
638	0.6703	0.4703
639	0.6716	0.4715
640	0.6749	0.4759
641	0.6784	0.4793
642	0.6734	0.4761
643	0.6694	0.4688
644	0.6663	0.4676
645	0.6697	0.4694
646	0.669	0.4723
647	0.669	0.4678
648	0.6656	0.4684
649	0.6661	0.4696
650	0.6639	0.4654
651	0.665	0.4673
652	0.6714	0.4745
653	0.6704	0.4702
654	0.6685	0.4712
655	0.7238	0.5327
656	0.7029	0.5035
657	0.6728	0.4789
658	0.6619	0.4661
659	0.6662	0.4708
660	0.6739	0.4769
661	0.6586	0.4628
662	0.6742	0.4786
663	0.6764	0.4806
664	0.681	0.488
665	0.6821	0.4825
666	0.6754	0.4814
667	0.6617	0.4656
668	0.6549	0.4564
669	0.6589	0.4633
670	0.6855	0.4883
671	0.6723	0.4776
672	0.6696	0.4756
673	0.6574	0.4595
674	0.6663	0.4712
675	0.658	0.4605
676	0.6586	0.4622
677	0.6886	0.4953
678	0.6789	0.4865
679	0.6684	0.4745
680	0.656	0.4602
681	0.6524	0.4573
682	0.6534	0.4574
683	0.6522	0.4558
684	0.6541	0.4582
685	0.6538	0.4585
686	0.6554	0.4577
687	0.6501	0.4563
688	0.6541	0.4625
689	0.6656	0.4715
690	0.6558	0.4605
691	0.6699	0.4761
692	0.6748	0.4804
693	0.6931	0.5038
694	0.6492	0.452
695	0.6477	0.4512
696	0.6513	0.4588
697	0.648	0.4537
698	0.6559	0.4629
699	0.6741	0.4851
700	0.6506	0.458
701	0.646	0.4515
702	0.6469	0.4536
703	0.6472	0.4529
704	0.6507	0.457
705	0.6633	0.4701
706	0.6605	0.4689
707	0.6467	0.4526
708	0.6483	0.4579
709	0.666	0.4745
710	0.6705	0.478
711	0.6502	0.4587
712	0.647	0.4514
713	0.6521	0.4623
714	0.6533	0.4589
715	0.6462	0.4536
716	0.6457	0.4525
717	0.6969	0.5092
718	0.6606	0.4714
719	0.6566	0.4637
720	0.6504	0.4564
721	0.6411	0.452
722	0.6459	0.4548
723	0.6467	0.4541
724	0.645	0.4511
725	0.6427	0.4527
726	0.6417	0.4499
727	0.6368	0.4436
728	0.6356	0.4447
729	0.6393	0.4503
730	0.6436	0.4534
731	0.6365	0.4455
732	0.6766	0.4904
733	0.6737	0.484
734	0.6468	0.455
735	0.6363	0.4448
736	0.6727	0.4861
737	0.6821	0.4936
738	0.6747	0.4847
739	0.639	0.4475
740	0.6368	0.4443
741	0.6336	0.4422
742	0.6319	0.4416
743	0.6345	0.4437
744	0.6494	0.457
745	0.6428	0.4526
746	0.6416	0.4468
747	0.6338	0.4418
748	0.6318	0.4407
749	0.6363	0.4423
750	0.6462	0.4573
751	0.6449	0.4544
752	0.6438	0.4565
753	0.638	0.4487
754	0.6318	0.4439
755	0.6323	0.4416
756	0.6343	0.4455
757	0.629	0.4405
758	0.6328	0.443
759	0.6452	0.455
760	0.6365	0.4496
761	0.6316	0.4395
762	0.6551	0.4692
763	0.6501	0.459
764	0.6443	0.4558
765	0.6442	0.4548
766	0.6327	0.4403
767	0.6353	0.4465
768	0.6272	0.439
769	0.6338	0.4427
770	0.6237	0.4349
771	0.6311	0.4436
772	0.6254	0.4351
773	0.6284	0.4405
774	0.6285	0.4398
775	0.6294	0.439
776	0.6308	0.4422
777	0.6273	0.4374
778	0.6683	0.4872
779	0.6732	0.4942
780	0.6418	0.4571
781	0.6407	0.4541
782	0.6394	0.455
783	0.6305	0.4436
784	0.6566	0.4668
785	0.6299	0.4439
786	0.6274	0.4379
787	0.6401	0.453
788	0.6258	0.4379
789	0.6254	0.4365
790	0.6341	0.4462
791	0.6182	0.4292
792	0.6334	0.4485
793	0.6217	0.4368
794	0.629	0.4414
795	0.6284	0.4396
796	0.6325	0.4458
797	0.6219	0.4341
798	0.6191	0.4301
799	0.6248	0.4377
800	0.6316	0.4442
801	0.6217	0.4358
802	0.6313	0.4454
803	0.6462	0.4614
804	0.6893	0.5127
805	0.6478	0.4621
806	0.6335	0.4468
807	0.6515	0.4685
808	0.6398	0.45
809	0.6254	0.4418
810	0.6165	0.4287
811	0.6199	0.4342
812	0.6174	0.432
813	0.617	0.4287
814	0.6211	0.4378
815	0.6197	0.4321
816	0.613	0.429
817	0.6179	0.4328
818	0.6142	0.4283
819	0.6127	0.4267
820	0.6112	0.4244
821	0.6206	0.4375
822	0.6468	0.469
823	0.6608	0.4804
824	0.6141	0.43
825	0.65	0.4717
826	0.6486	0.4654
827	0.6382	0.456
828	0.6219	0.435
829	0.6169	0.4303
830	0.6228	0.438
831	0.6103	0.4255
832	0.6194	0.4339
833	0.6107	0.4249
834	0.6158	0.4335
835	0.608	0.4234
836	0.6116	0.4249
837	0.6183	0.4332
838	0.6094	0.4267
839	0.6078	0.4252
840	0.6102	0.4279
841	0.6283	0.4482
842	0.6082	0.4248
843	0.6186	0.4375
844	0.6096	0.4239
845	0.6053	0.4204
846	0.6057	0.4223
847	0.6292	0.4474
848	0.614	0.4275
849	0.6395	0.4602
850	0.607	0.4223
851	0.6059	0.4191
852	0.6209	0.441
853	0.6087	0.4231
854	0.6106	0.4281
855	0.6164	0.4342
856	0.6244	0.4435
857	0.6426	0.4656
858	0.6185	0.4339
859	0.6133	0.4274
860	0.6123	0.4295
861	0.6091	0.423
862	0.6146	0.4343
863	0.6139	0.4323
864	0.6137	0.4301
865	0.6228	0.4427
866	0.6008	0.4155
867	0.6048	0.4224
868	0.6279	0.4475
869	0.6182	0.4368
870	0.6107	0.4292
871	0.6072	0.4264
872	0.6113	0.4261
873	0.6058	0.4241
874	0.6032	0.4217
875	0.623	0.4439
876	0.6481	0.4703
877	0.6111	0.4312
878	0.6222	0.442
879	0.6138	0.4319
880	0.6063	0.4241
881	0.5975	0.4169
882	0.6041	0.4218
883	0.593	0.4108
884	0.5987	0.42
885	0.6021	0.4232
886	0.5926	0.4114
887	0.5987	0.4173
888	0.595	0.4131
889	0.612	0.4331
890	0.6071	0.4296
891	0.599	0.4165
892	0.6136	0.4387
893	0.5986	0.4166
894	0.5939	0.4155
895	0.5958	0.4159
896	0.5972	0.4192
897	0.5935	0.4135
898	0.5908	0.41
899	0.5937	0.4141
900	0.6027	0.4223
901	0.6041	0.4255
902	0.5917	0.4132
903	0.6	0.422
904	0.5956	0.4135
905	0.6309	0.4554
906	0.595	0.4137
907	0.6147	0.441
908	0.5912	0.4117
909	0.6023	0.4256
910	0.5917	0.4125
911	0.6018	0.4194
912	0.611	0.4353
913	0.6104	0.43
914	0.5912	0.4125
915	0.5983	0.42
916	0.5989	0.4199
917	0.6255	0.4515
918	0.6313	0.4567
919	0.5879	0.4083
920	0.5971	0.4221
921	0.5958	0.416
922	0.5975	0.4199
923	0.5972	0.4204
924	0.5846	0.4056
925	0.5942	0.4147
926	0.5899	0.4111
927	0.6098	0.4347
928	0.5894	0.4122
929	0.5874	0.4064
930	0.5827	0.4047
931	0.6019	0.4257
932	0.5898	0.4118
933	0.5986	0.4213
934	0.5849	0.4079
935	0.5844	0.4046
936	0.5825	0.4019
937	0.5909	0.4128
938	0.589	0.4099
939	0.5786	0.4013
940	0.5845	0.4074
941	0.5804	0.401
942	0.5798	0.4006
943	0.5793	0.3989
944	0.5875	0.4098
945	0.5843	0.4056
946	0.6204	0.4467
947	0.6152	0.4395
948	0.5942	0.416
949	0.5815	0.4023
950	0.591	0.4165
951	0.5962	0.417
952	0.5924	0.4177
953	0.5789	0.4004
954	0.5762	0.3972
955	0.5942	0.4189
956	0.5991	0.4215
957	0.5992	0.4261
958	0.5851	0.4054
959	0.5924	0.4175
960	0.584	0.4081
961	0.5814	0.4026
962	0.5736	0.3976
963	0.5754	0.3982
964	0.5765	0.4019
965	0.581	0.4068
966	0.5824	0.4062
967	0.5794	0.4052
968	0.5736	0.396
969	0.5738	0.3966
970	0.574	0.3976
971	0.5828	0.4095
972	0.583	0.4069
973	0.5991	0.4242
974	0.6077	0.4383
975	0.5873	0.4111
976	0.5797	0.404
977	0.5827	0.4105
978	0.5782	0.3991
979	0.5831	0.4094
980	0.577	0.4
981	0.5757	0.4023
982	0.5818	0.4068
983	0.5736	0.3961
984	0.5785	0.4067
985	0.5727	0.397
986	0.5938	0.4166
987	0.5712	0.3959
988	0.5976	0.4269
989	0.5712	0.3947
990	0.5717	0.3987
991	0.5785	0.4047
992	0.5697	0.3938
993	0.5683	0.3927
994	0.5703	0.3968
995	0.5695	0.3977
996	0.5668	0.3917
997	0.5678	0.3933
998	0.6035	0.432
999	0.5721	0.3955
1000	0.5832	0.4086
1001	0.5715	0.3979
1002	0.5851	0.4127
1003	0.5898	0.4135
1004	0.577	0.4056
1005	0.5745	0.4009
1006	0.568	0.3958
1007	0.5802	0.4107
1008	0.5646	0.3883
1009	0.5686	0.3903
1010	0.5691	0.3985
1011	0.5745	0.3992
1012	0.5695	0.397
1013	0.5903	0.4194
1014	0.5875	0.4176
1015	0.5637	0.3887
1016	0.5784	0.4076
1017	0.5674	0.3953
1018	0.5983	0.4319
1019	0.5846	0.4109
1020	0.5831	0.414
1021	0.5716	0.3996
1022	0.5752	0.4038
1023	0.5731	0.3983
1024	0.5675	0.3937
1025	0.5581	0.3833
1026	0.5639	0.393
1027	0.567	0.3933
1028	0.5625	0.3917
1029	0.5663	0.3952
1030	0.5611	0.3886
1031	0.5671	0.3953
1032	0.5752	0.4054
1033	0.591	0.4254
1034	0.5697	0.3976
1035	0.5618	0.3898
1036	0.5674	0.3964
1037	0.5695	0.3982
1038	0.5602	0.3872
1039	0.5602	0.3875
1040	0.5621	0.3891
1041	0.5635	0.3933
1042	0.5654	0.3924
1043	0.5605	0.3914
1044	0.5579	0.3848
1045	0.5727	0.4039
1046	0.5712	0.3993
1047	0.5619	0.3927
1048	0.5718	0.4023
1049	0.5622	0.3929
1050	0.5829	0.4155
1051	0.5631	0.3926
1052	0.5611	0.3925
1053	0.5609	0.3886
1054	0.5639	0.3922
1055	0.5538	0.3818
1056	0.5531	0.3803
1057	0.5605	0.3915
1058	0.5568	0.3852
1059	0.5525	0.3812
1060	0.5568	0.3891
1061	0.5642	0.3944
1062	0.5596	0.3883
1063	0.5621	0.3913
1064	0.5499	0.3777
1065	0.5545	0.3807
1066	0.5553	0.3858
1067	0.5494	0.3793
1068	0.5628	0.3922
1069	0.5712	0.4026
1070	0.5584	0.3921
1071	0.5595	0.3895
1072	0.5693	0.3996
1073	0.5682	0.4012
1074	0.5592	0.3892
1075	0.555	0.3843
1076	0.5506	0.3801
1077	0.5456	0.3755
1078	0.5517	0.3805
1079	0.5487	0.3775
1080	0.5559	0.3869
1081	0.5631	0.396
1082	0.5767	0.4088
1083	0.57	0.3997
1084	0.5605	0.3913
1085	0.56	0.3912
1086	0.5845	0.4166
1087	0.6087	0.4484
1088	0.5739	0.407
1089	0.5686	0.402
1090	0.5628	0.392
1091	0.5539	0.3833
1092	0.554	0.3839
1093	0.5474	0.3761
1094	0.5477	0.3794
1095	0.5476	0.3786
1096	0.5544	0.3854
1097	0.5465	0.3744
1098	0.5479	0.3794
1099	0.5439	0.3733
1100	0.5495	0.3801
1101	0.5512	0.383
1102	0.5489	0.3813
1103	0.564	0.3985
1104	0.5519	0.3829
1105	0.5535	0.3885
1106	0.5537	0.3866
1107	0.549	0.3787
1108	0.5531	0.384
1109	0.5574	0.3905
1110	0.5505	0.3791
1111	0.5481	0.3812
1112	0.5536	0.3872
1113	0.5553	0.3875
1114	0.5914	0.4264
1115	0.6233	0.4635
1116	0.5693	0.4046
1117	0.5594	0.3915
1118	0.5497	0.3774
1119	0.5513	0.3807
1120	0.5526	0.3857
1121	0.548	0.3826
1122	0.5422	0.3752
1123	0.5441	0.3784
1124	0.5449	0.3761
1125	0.5453	0.3772
1126	0.5449	0.3783
1127	0.5692	0.4042
1128	0.5595	0.3921
1129	0.5465	0.3763
1130	0.5685	0.4046
1131	0.5537	0.3881
1132	0.5625	0.3985
1133	0.5467	0.3784
1134	0.5534	0.3886
1135	0.5468	0.3792
1136	0.5557	0.3909
1137	0.5526	0.3891
1138	0.5414	0.3762
1139	0.5413	0.3748
1140	0.537	0.3706
1141	0.5384	0.3711
1142	0.5557	0.3917
1143	0.5494	0.3871
1144	0.54	0.3745
1145	0.5481	0.3819
1146	0.5357	0.3699
1147	0.5364	0.3686
1148	0.5326	0.3672
1149	0.5396	0.3734
1150	0.5455	0.3785
1151	0.5403	0.3732
1152	0.5484	0.3862
1153	0.5448	0.3775
1154	0.5357	0.372
1155	0.5396	0.3732
1156	0.5526	0.3858
1157	0.5425	0.3762
1158	0.5476	0.3866
1159	0.5344	0.3668
1160	0.5378	0.3705
1161	0.5384	0.3731
1162	0.5386	0.372
1163	0.5419	0.3767
1164	0.5481	0.3841
1165	0.5395	0.3748
1166	0.5364	0.3681
1167	0.5463	0.3834
1168	0.5348	0.3698
1169	0.5364	0.3719
1170	0.5403	0.3749
1171	0.5316	0.3684
1172	0.5372	0.372
1173	0.5392	0.3758
1174	0.528	0.3614
1175	0.5315	0.3645
1176	0.5509	0.3879
1177	0.5443	0.3833
1178	0.5272	0.3626
1179	0.5256	0.3613
1180	0.5277	0.3628
1181	0.5348	0.3706
1182	0.53	0.3676
1183	0.5347	0.3707
1184	0.5345	0.3674
1185	0.5433	0.3827
1186	0.5474	0.3825
1187	0.559	0.4
1188	0.55	0.3891
1189	0.5443	0.3808
1190	0.5495	0.3866
1191	0.5442	0.3844
1192	0.538	0.3746
1193	0.528	0.3617
1194	0.5342	0.3708
1195	0.5395	0.3777
1196	0.5482	0.39
1197	0.527	0.3637
1198	0.5346	0.3733
1199	0.5441	0.3815
1200	0.5631	0.4043
1201	0.5226	0.3601
1202	0.5285	0.3653
1203	0.5299	0.3643
1204	0.5329	0.3711
1205	0.5289	0.3613
1206	0.5287	0.3639
1207	0.5341	0.3718
1208	0.5344	0.3722
1209	0.5285	0.3644
1210	0.5236	0.3623
1211	0.5285	0.3685
1212	0.5226	0.3596
1213	0.5425	0.3826
1214	0.5523	0.3968
1215	0.5253	0.3629
1216	0.5275	0.3623
1217	0.5293	0.3696
1218	0.5299	0.3691
1219	0.534	0.3712
1220	0.5322	0.3724
1221	0.5335	0.3708
1222	0.5287	0.3659
1223	0.5332	0.3725
1224	0.5346	0.3754
1225	0.5261	0.3633
1226	0.5196	0.3575
1227	0.5422	0.3846
1228	0.5195	0.3571
1229	0.5265	0.3662
1230	0.5376	0.38
1231	0.5215	0.3594
1232	0.5188	0.3581
1233	0.517	0.3539
1234	0.5162	0.3529
1235	0.516	0.3545
1236	0.5127	0.3505
1237	0.5199	0.3617
1238	0.5262	0.3675
1239	0.5211	0.3603
1240	0.5437	0.3877
1241	0.5401	0.3822
1242	0.5836	0.4291
1243	0.5383	0.3796
1244	0.5264	0.3667
1245	0.5409	0.3836
1246	0.524	0.3649
1247	0.5308	0.375
1248	0.5169	0.3567
1249	0.5287	0.3685
1250	0.514	0.3552
1251	0.5182	0.3572
1252	0.5252	0.3684
1253	0.5166	0.3558
1254	0.5172	0.3566
1255	0.5229	0.3631
1256	0.5172	0.355
1257	0.5173	0.3569
1258	0.5364	0.3753
1259	0.5231	0.3668
1260	0.5115	0.3521
1261	0.5208	0.365
1262	0.5171	0.3599
1263	0.5105	0.3519
1264	0.5148	0.3571
1265	0.5115	0.3514
1266	0.5107	0.3529
1267	0.5118	0.3514
1268	0.5195	0.3617
1269	0.5173	0.3583
1270	0.53	0.3694
1271	0.5376	0.3769
1272	0.5139	0.3554
1273	0.5103	0.352
1274	0.5121	0.3548
1275	0.5211	0.361
1276	0.5201	0.3652
1277	0.5085	0.3484
1278	0.5118	0.3554
1279	0.5142	0.3528
1280	0.5241	0.3662
1281	0.5132	0.3566
1282	0.5203	0.363
1283	0.5313	0.3776
1284	0.5115	0.3538
1285	0.5095	0.3487
1286	0.5162	0.3606
1287	0.507	0.3469
1288	0.5141	0.3544
1289	0.5218	0.3659
1290	0.5162	0.3582
1291	0.5144	0.3577
1292	0.5093	0.3517
1293	0.5115	0.352
1294	0.5056	0.3436
1295	0.5266	0.3697
1296	0.5181	0.3582
1297	0.5218	0.3643
1298	0.5139	0.357
1299	0.518	0.3606
1300	0.5481	0.3907
1301	0.5137	0.3581
1302	0.5086	0.35
1303	0.5089	0.3504
1304	0.5169	0.3634
1305	0.5066	0.3495
1306	0.5082	0.3491
1307	0.5571	0.4064
1308	0.528	0.3735
1309	0.5098	0.3519
1310	0.5545	0.4032
1311	0.5112	0.3548
1312	0.5112	0.3535
1313	0.5211	0.3635
1314	0.5149	0.3573
1315	0.5033	0.3463
1316	0.5157	0.3574
1317	0.5093	0.3541
1318	0.5038	0.3472
1319	0.5029	0.3448
1320	0.5097	0.3531
1321	0.5108	0.3574
1322	0.5076	0.353
1323	0.5019	0.3456
1324	0.5005	0.3418
1325	0.5108	0.3575
1326	0.5116	0.3576
1327	0.5067	0.3493
1328	0.501	0.3416
1329	0.5252	0.3738
1330	0.5007	0.3429
1331	0.52	0.3662
1332	0.5001	0.343
1333	0.521	0.3697
1334	0.513	0.3564
1335	0.5075	0.3547
1336	0.5136	0.3627
1337	0.5091	0.3539
1338	0.5265	0.3739
1339	0.5065	0.3513
1340	0.5143	0.3622
1341	0.502	0.3453
1342	0.515	0.3607
1343	0.5066	0.3522
1344	0.5072	0.3512
1345	0.4971	0.3402
1346	0.5057	0.3531
1347	0.5001	0.3453
1348	0.5	0.3422
1349	0.5038	0.3484
1350	0.5032	0.3455
1351	0.5015	0.3455
1352	0.4986	0.344
1353	0.5023	0.3473
1354	0.5144	0.3588
1355	0.5065	0.3509
1356	0.5122	0.3592
1357	0.4953	0.3416
1358	0.503	0.3456
1359	0.4972	0.344
1360	0.4943	0.3387
1361	0.4962	0.3435
1362	0.5092	0.355
1363	0.5117	0.3603
1364	0.5017	0.3448
1365	0.4998	0.3475
1366	0.5186	0.3686
1367	0.5095	0.3571
1368	0.5093	0.3618
1369	0.5336	0.3817
1370	0.5079	0.3535
1371	0.5129	0.3624
1372	0.5205	0.365
1373	0.5015	0.3465
1374	0.4996	0.3475
1375	0.4988	0.3445
1376	0.5003	0.3484
1377	0.4953	0.3414
1378	0.4951	0.3403
1379	0.4914	0.338
1380	0.4911	0.3361
1381	0.4893	0.3353
1382	0.4993	0.3454
1383	0.4956	0.3422
1384	0.4991	0.3476
1385	0.4938	0.3425
1386	0.4942	0.3417
1387	0.4946	0.3441
1388	0.5049	0.3556
1389	0.4973	0.3444
1390	0.4891	0.3353
1391	0.4862	0.3317
1392	0.5029	0.353
1393	0.5318	0.3827
1394	0.4987	0.3435
1395	0.5044	0.3547
1396	0.4946	0.3422
1397	0.4977	0.3472
1398	0.4948	0.3448
1399	0.4859	0.3337
1400	0.4956	0.3456
1401	0.504	0.3535
1402	0.4946	0.3429
1403	0.5028	0.351
1404	0.4963	0.3422
1405	0.4971	0.3444
1406	0.4962	0.3448
1407	0.5052	0.352
1408	0.5113	0.3618
1409	0.4932	0.3372
1410	0.486	0.3323
1411	0.4982	0.3471
1412	0.492	0.3409
1413	0.4992	0.3483
1414	0.4875	0.3344
1415	0.5071	0.3575
1416	0.491	0.3421
1417	0.5016	0.3466
1418	0.5024	0.3525
1419	0.4939	0.3414
1420	0.4905	0.3386
1421	0.493	0.3429
1422	0.4866	0.3344
1423	0.5012	0.3478
1424	0.5076	0.3585
1425	0.5056	0.3557
1426	0.5022	0.3513
1427	0.5136	0.3672
1428	0.4897	0.336
1429	0.5013	0.3533
1430	0.5107	0.3663
1431	0.4931	0.341
1432	0.4935	0.3429
1433	0.4987	0.346
1434	0.4988	0.3483
1435	0.4981	0.347
1436	0.4891	0.3365
1437	0.4945	0.3464
1438	0.4917	0.3393
1439	0.4863	0.3355
1440	0.4827	0.3326
1441	0.482	0.3304
1442	0.483	0.3314
1443	0.4915	0.3421
1444	0.4946	0.3427
1445	0.4803	0.328
1446	0.4807	0.3283
1447	0.4844	0.3339
1448	0.4835	0.331
1449	0.4928	0.3443
1450	0.4829	0.3316
1451	0.4963	0.3428
1452	0.4858	0.3377
1453	0.4819	0.3298
1454	0.4886	0.339
1455	0.4877	0.3378
1456	0.4889	0.3353
1457	0.4872	0.337
1458	0.5266	0.381
1459	0.576	0.4329
1460	0.5171	0.3701
1461	0.5199	0.3752
1462	0.4997	0.3479
1463	0.5063	0.3598
1464	0.498	0.3472
1465	0.4861	0.3344
1466	0.4871	0.3352
1467	0.4866	0.3377
1468	0.4842	0.3326
1469	0.4805	0.33
1470	0.5268	0.381
1471	0.4853	0.3374
1472	0.4932	0.3427
1473	0.4814	0.3296
1474	0.4919	0.3419
1475	0.5122	0.3666
1476	0.5222	0.3758
1477	0.5293	0.385
1478	0.5115	0.3627
1479	0.4905	0.3426
1480	0.4758	0.3266
1481	0.4782	0.3264
1482	0.4891	0.3403
1483	0.4856	0.3379
1484	0.483	0.3333
1485	0.4826	0.3321
1486	0.4828	0.3325
1487	0.4962	0.346
1488	0.4806	0.3306
1489	0.4774	0.3252
1490	0.4825	0.3329
1491	0.4842	0.3351
1492	0.4775	0.3276
1493	0.4903	0.3393
1494	0.4842	0.3371
1495	0.4789	0.3262
1496	0.476	0.3257
1497	0.4796	0.3305
1498	0.4803	0.3308
1499	0.4772	0.326
1500	0.4752	0.3262
1501	0.4679	0.3164
1502	0.4649	0.3137
1503	0.4654	0.3139
1504	0.4649	0.3125
1505	0.4635	0.312
1506	0.4645	0.3142
1507	0.4641	0.3129
1508	0.4647	0.3137
1509	0.4627	0.3127
1510	0.4626	0.3118
1511	0.4635	0.3133
1512	0.462	0.3106
1513	0.4635	0.3128
1514	0.463	0.3123
1515	0.4633	0.3123
1516	0.4628	0.3115
1517	0.4623	0.3116
1518	0.4631	0.3113
1519	0.463	0.3129
1520	0.4613	0.3115
1521	0.4712	0.3235
1522	0.4633	0.3136
1523	0.4622	0.3125
1524	0.4645	0.3146
1525	0.4622	0.3111
1526	0.4632	0.3122
1527	0.465	0.3163
1528	0.4618	0.3118
1529	0.464	0.3143
1530	0.4615	0.311
1531	0.4612	0.3112
1532	0.4604	0.3104
1533	0.4619	0.313
1534	0.4612	0.3104
1535	0.4605	0.3102
1536	0.4612	0.3113
1537	0.4596	0.3093
1538	0.462	0.3135
1539	0.4679	0.3178
1540	0.4607	0.3103
1541	0.4596	0.3093
1542	0.4649	0.3156
1543	0.4595	0.3093
1544	0.4612	0.3108
1545	0.4596	0.3103
1546	0.4588	0.3087
1547	0.4591	0.309
1548	0.4589	0.3086
1549	0.4609	0.3115
1550	0.4592	0.3094
1551	0.4598	0.3106
1552	0.4657	0.3166
1553	0.4597	0.3097
1554	0.4595	0.3098
1555	0.463	0.3139
1556	0.4589	0.3095
1557	0.4591	0.3098
1558	0.4663	0.3182
1559	0.4589	0.3093
1560	0.4593	0.309
1561	0.4613	0.312
1562	0.4579	0.3074
1563	0.4584	0.3082
1564	0.4586	0.3083
1565	0.4586	0.3081
1566	0.4593	0.3093
1567	0.4588	0.3085
1568	0.4578	0.3082
1569	0.4617	0.3129
1570	0.458	0.3081
1571	0.4578	0.3082
1572	0.46	0.3099
1573	0.4581	0.308
1574	0.4579	0.3079
1575	0.4588	0.31
1576	0.4602	0.3113
1577	0.4582	0.3073
1578	0.4574	0.3072
1579	0.457	0.3063
1580	0.4638	0.3155
1581	0.4577	0.3082
1582	0.4575	0.3082
1583	0.459	0.3102
1584	0.4571	0.307
1585	0.4593	0.3083
1586	0.4609	0.3126
1587	0.4558	0.3062
1588	0.4557	0.306
1589	0.4559	0.3063
1590	0.4625	0.3134
1591	0.4572	0.3067
1592	0.4566	0.3069
1593	0.4585	0.3088
1594	0.4582	0.3087
1595	0.4613	0.3103
1596	0.4584	0.3088
1597	0.457	0.3071
1598	0.4605	0.3115
1599	0.4569	0.3079
1600	0.457	0.3073
1601	0.4563	0.3069
1602	0.4568	0.3071
1603	0.4564	0.3064
1604	0.4605	0.3128
1605	0.4574	0.3084
1606	0.4571	0.3087
1607	0.4558	0.3071
1608	0.4559	0.3066
1609	0.458	0.3099
1610	0.4576	0.3087
1611	0.4588	0.3109
1612	0.4561	0.307
1613	0.4573	0.3085
1614	0.4627	0.3148
1615	0.4596	0.3114
1616	0.4567	0.3071
1617	0.4654	0.3182
1618	0.4598	0.3118
1619	0.4588	0.3105
1620	0.4596	0.3113
1621	0.4584	0.3083
1622	0.4609	0.3133
1623	0.4571	0.3066
1624	0.4562	0.3071
1625	0.4547	0.3052
1626	0.4574	0.3082
1627	0.4551	0.3066
1628	0.4554	0.3067
1629	0.4561	0.3062
1630	0.4557	0.306
1631	0.4568	0.3076
1632	0.4551	0.3062
1633	0.4552	0.3059
1634	0.4602	0.3118
1635	0.4541	0.3043
1636	0.4578	0.3088
1637	0.4546	0.3053
1638	0.4556	0.3068
1639	0.4571	0.3089
1640	0.4543	0.3061
1641	0.4547	0.3066
1642	0.4567	0.3087
1643	0.4565	0.3082
1644	0.4568	0.3091
1645	0.4544	0.3058
1646	0.4551	0.3064
1647	0.4547	0.3063
1648	0.457	0.3097
1649	0.456	0.3077
1650	0.4539	0.3058
1651	0.4581	0.3093
1652	0.4547	0.306
1653	0.4553	0.3071
1654	0.4555	0.3071
1655	0.4549	0.3062
1656	0.4568	0.3088
1657	0.4573	0.3091
1658	0.4553	0.3065
1659	0.4558	0.3066
1660	0.4549	0.3067
1661	0.4559	0.3079
1662	0.4543	0.3048
1663	0.4544	0.3048
1664	0.4624	0.3151
1665	0.4545	0.3046
1666	0.4553	0.3058
1667	0.4561	0.3063
1668	0.4554	0.3065
1669	0.4546	0.3058
1670	0.4543	0.3049
1671	0.4586	0.3116
1672	0.4552	0.3074
1673	0.4543	0.3052
1674	0.4539	0.3049
1675	0.4626	0.3142
1676	0.4543	0.3061
1677	0.4572	0.3091
1678	0.468	0.3227
1679	0.4542	0.3056
1680	0.4546	0.3064
1681	0.4585	0.3115
1682	0.4556	0.3061
1683	0.455	0.3062
1684	0.4541	0.3054
1685	0.4542	0.3065
1686	0.4563	0.3082
1687	0.4559	0.3071
1688	0.4539	0.3046
1689	0.4556	0.308
1690	0.4551	0.3068
1691	0.4579	0.3098
1692	0.4531	0.3047
1693	0.454	0.3065
1694	0.4541	0.3058
1695	0.4531	0.3043
1696	0.4541	0.3054
1697	0.4536	0.305
1698	0.4537	0.3061
1699	0.4581	0.3111
1700	0.4531	0.3045
1701	0.453	0.3052
1702	0.4652	0.3194
1703	0.4529	0.3054
1704	0.4546	0.3066
1705	0.4547	0.3071
1706	0.4541	0.3055
1707	0.4528	0.3042
1708	0.4528	0.3044
1709	0.4532	0.3056
1710	0.4554	0.3068
1711	0.4561	0.3086
1712	0.4532	0.3051
1713	0.4572	0.3105
1714	0.4543	0.3069
1715	0.4528	0.3041
1716	0.4531	0.3047
1717	0.4563	0.3083
1718	0.4521	0.303
1719	0.4526	0.3037
1720	0.4521	0.3036
1721	0.4561	0.3092
1722	0.452	0.3043
1723	0.4516	0.3031
1724	0.4633	0.3186
1725	0.4517	0.3035
1726	0.4523	0.3041
1727	0.4547	0.3072
1728	0.4508	0.3036
1729	0.4521	0.3043
1730	0.457	0.3115
1731	0.4514	0.3027
1732	0.4513	0.3039
1733	0.4554	0.3088
1734	0.4548	0.3059
1735	0.4594	0.3126
1736	0.4517	0.3039
1737	0.452	0.3044
1738	0.4521	0.3045
1739	0.4522	0.3048
1740	0.4547	0.3074
1741	0.4534	0.3057
1742	0.4538	0.3057
1743	0.4526	0.3035
1744	0.4522	0.3041
1745	0.453	0.305
1746	0.4613	0.3149
1747	0.4532	0.3045
1748	0.4513	0.3031
1749	0.4629	0.3179
1750	0.4527	0.3045
1751	0.4554	0.3085
1752	0.4528	0.3039
1753	0.453	0.3057
1754	0.4532	0.306
1755	0.4529	0.3051
1756	0.4558	0.3089
1757	0.4525	0.3043
1758	0.4522	0.3036
1759	0.451	0.3029
1760	0.4537	0.307
1761	0.4534	0.3058
1762	0.4509	0.3036
1763	0.4517	0.304
1764	0.4515	0.3036
1765	0.4543	0.3076
1766	0.4513	0.3029
1767	0.453	0.3062
1768	0.4507	0.3025
1769	0.4509	0.303
1770	0.4499	0.3025
1771	0.4551	0.3079
1772	0.4517	0.3039
1773	0.4524	0.3043
1774	0.4518	0.3045
1775	0.4535	0.307
1776	0.4505	0.3013
1777	0.4503	0.3017
1778	0.4501	0.3023
1779	0.4512	0.3039
1780	0.4506	0.3019
1781	0.4499	0.3015
1782	0.4507	0.3033
1783	0.4524	0.3057
1784	0.4526	0.3044
1785	0.4526	0.304
1786	0.4518	0.3048
1787	0.4503	0.3027
1788	0.4524	0.307
1789	0.4565	0.3098
1790	0.4511	0.3038
1791	0.4506	0.3033
1792	0.4553	0.3091
1793	0.4499	0.3022
1794	0.4502	0.3024
1795	0.4527	0.3062
1796	0.4502	0.302
1797	0.4513	0.3033
1798	0.4502	0.3027
1799	0.4544	0.3071
1800	0.4503	0.3025
1801	0.4488	0.301
1802	0.4517	0.3041
1803	0.4492	0.3014
1804	0.4506	0.3038
1805	0.4498	0.3018
1806	0.4509	0.3031
1807	0.4526	0.3056
1808	0.4508	0.3037
1809	0.4496	0.3019
1810	0.4508	0.303
1811	0.4502	0.302
1812	0.4492	0.3018
1813	0.4515	0.3048
1814	0.4495	0.3019
1815	0.4511	0.3033
1816	0.4497	0.3015
1817	0.4516	0.3045
1818	0.4507	0.3022
1819	0.4497	0.3014
1820	0.4516	0.3056
1821	0.4522	0.305
1822	0.4505	0.3037
1823	0.4494	0.3016
1824	0.4487	0.3013
1825	0.4553	0.3104
1826	0.4495	0.3024
1827	0.4491	0.3025
1828	0.4509	0.3036
1829	0.451	0.3039
1830	0.449	0.3018
1831	0.4515	0.3033
1832	0.4512	0.304
1833	0.4504	0.3019
1834	0.4497	0.3025
1835	0.4492	0.3029
1836	0.4482	0.3011
1837	0.4505	0.3041
1838	0.4504	0.3041
1839	0.4483	0.301
1840	0.4515	0.3049
1841	0.4564	0.3111
1842	0.4497	0.3017
1843	0.4509	0.305
1844	0.4514	0.3044
1845	0.4506	0.3031
1846	0.4488	0.3012
1847	0.4498	0.3023
1848	0.45	0.3038
1849	0.4528	0.3052
1850	0.4494	0.303
1851	0.4487	0.3012
1852	0.4517	0.3045
1853	0.4506	0.3037
1854	0.4515	0.3046
1855	0.4484	0.301
1856	0.4473	0.2996
1857	0.4482	0.3008
1858	0.4481	0.301
1859	0.4471	0.3005
1860	0.448	0.3006
1861	0.4484	0.301
1862	0.4483	0.3015
1863	0.4481	0.3004
1864	0.4487	0.302
1865	0.4483	0.3014
1866	0.4483	0.3007
1867	0.4526	0.306
1868	0.4485	0.3011
1869	0.4481	0.3009
1870	0.4479	0.301
1871	0.4482	0.3019
1872	0.4479	0.3009
1873	0.451	0.3038
1874	0.4479	0.3003
1875	0.4476	0.3001
1876	0.4479	0.301
1877	0.4476	0.2996
1878	0.45	0.3033
1879	0.449	0.3018
1880	0.4488	0.302
1881	0.4563	0.3123
1882	0.4504	0.3031
1883	0.4479	0.3009
1884	0.4489	0.3009
1885	0.4503	0.3032
1886	0.4467	0.299
1887	0.4477	0.3003
1888	0.4471	0.3002
1889	0.4488	0.3021
1890	0.4476	0.301
1891	0.4473	0.3009
1892	0.4487	0.3018
1893	0.4517	0.3046
1894	0.4484	0.3007
1895	0.4575	0.313
1896	0.45	0.3028
1897	0.4486	0.3024
1898	0.449	0.3023
1899	0.4474	0.3012
1900	0.4513	0.3054
1901	0.4526	0.3046
1902	0.448	0.3013
1903	0.4481	0.3021
1904	0.4489	0.3016
1905	0.4508	0.3051
1906	0.4526	0.3056
1907	0.4465	0.2991
1908	0.446	0.2997
1909	0.4505	0.3042
1910	0.4478	0.301
1911	0.4626	0.3194
1912	0.448	0.3014
1913	0.4472	0.3003
1914	0.4533	0.3082
1915	0.4471	0.2996
1916	0.4479	0.3003
1917	0.4513	0.3066
1918	0.4479	0.3007
1919	0.4465	0.3002
1920	0.4464	0.2989
1921	0.447	0.2996
1922	0.4479	0.3012
1923	0.4479	0.3007
1924	0.4502	0.3045
1925	0.4487	0.3022
1926	0.4494	0.3027
1927	0.4466	0.3004
1928	0.4478	0.302
1929	0.4472	0.3002
1930	0.4476	0.3007
1931	0.452	0.3054
1932	0.4473	0.3009
1933	0.4482	0.3011
1934	0.45	0.3026
1935	0.447	0.2995
1936	0.4456	0.2992
1937	0.4515	0.3071
1938	0.4481	0.3015
1939	0.4462	0.2994
1940	0.4489	0.3028
1941	0.4477	0.3008
1942	0.4479	0.301
1943	0.4471	0.3006
1944	0.448	0.302
1945	0.4459	0.3
1946	0.4458	0.2994
1947	0.448	0.3018
1948	0.4482	0.3026
1949	0.4469	0.3007
1950	0.4508	0.3061
1951	0.4462	0.2997
1952	0.4559	0.311
1953	0.452	0.3064
1954	0.4472	0.3014
1955	0.4457	0.2992
1956	0.4457	0.2999
1957	0.4465	0.2999
1958	0.4445	0.2975
1959	0.4453	0.2989
1960	0.4476	0.302
1961	0.4449	0.2989
1962	0.4447	0.2984
1963	0.4454	0.2986
1964	0.445	0.2987
1965	0.4498	0.3051
1966	0.4457	0.2997
1967	0.4447	0.2983
1968	0.4455	0.2997
1969	0.4454	0.2991
1970	0.446	0.2989
1971	0.4529	0.3081
1972	0.4456	0.2995
1973	0.4464	0.3001
1974	0.4454	0.3
1975	0.4483	0.3031
1976	0.4462	0.2996
1977	0.4454	0.299
1978	0.4494	0.3046
1979	0.4441	0.2981
1980	0.4462	0.2999
1981	0.4512	0.3064
1982	0.4463	0.3007
1983	0.4458	0.2999
1984	0.447	0.2994
1985	0.4445	0.2981
1986	0.4449	0.2985
1987	0.4443	0.2984
1988	0.4463	0.3008
1989	0.4451	0.2994
1990	0.4449	0.2989
1991	0.4472	0.3012
1992	0.4454	0.299
1993	0.4445	0.2987
1994	0.4443	0.2985
1995	0.4437	0.2973
1996	0.4447	0.2981
1997	0.4452	0.2986
1998	0.4462	0.301
1999	0.4455	0.2983
