epoch:	train_RMSD:	train_MAE:
0	6.919	6.303
1	6.7705	6.1485
2	6.2629	5.6204
3	4.9035	4.2453
4	4.1254	3.5188
5	3.8371	3.2618
6	3.6699	3.1172
7	3.5408	3.0058
8	3.4332	2.9112
9	3.3427	2.8303
10	3.2681	2.7614
11	3.2102	2.7044
12	3.1699	2.661
13	3.1453	2.6302
14	3.1315	2.6085
15	3.1249	2.5947
16	3.122	2.5861
17	3.1209	2.581
18	3.1206	2.5783
19	3.1206	2.578
20	3.1207	2.5794
21	3.1207	2.5793
22	3.1208	2.5799
23	3.1208	2.5801
24	3.1208	2.5803
25	3.1209	2.5808
26	3.1208	2.5803
27	3.1209	2.5806
28	3.1208	2.5804
29	3.1208	2.5804
30	3.1208	2.5805
31	3.1208	2.5805
32	3.1207	2.5797
33	3.1208	2.5802
34	3.1207	2.5798
35	3.1207	2.5792
36	3.1207	2.579
37	3.1208	2.5801
38	3.1209	2.5805
39	3.1208	2.5805
40	3.1208	2.5803
41	3.1208	2.5803
42	3.1209	2.5805
43	3.121	2.5812
44	3.1209	2.5809
45	3.1208	2.5804
46	3.1209	2.5806
47	3.1209	2.5809
48	3.1209	2.5806
49	3.1209	2.5809
50	3.121	2.5813
51	3.1209	2.5807
52	3.1209	2.5807
53	3.1209	2.5806
54	3.1209	2.5806
55	3.1208	2.5804
56	3.1207	2.5795
57	3.1208	2.5798
58	3.1208	2.5798
59	3.1208	2.58
60	3.121	2.5815
61	3.121	2.5816
62	3.1208	2.5802
63	3.1208	2.58
64	3.1208	2.58
65	3.1208	2.5801
66	3.1208	2.58
67	3.1211	2.5818
68	3.1211	2.5822
69	3.121	2.5815
70	3.1211	2.5822
71	3.1209	2.581
72	3.1208	2.5805
73	3.1209	2.5808
74	3.1209	2.5806
75	3.1208	2.5804
76	3.1208	2.5806
77	3.121	2.5815
78	3.1208	2.58
79	3.1208	2.5799
80	3.1208	2.5803
81	3.1209	2.581
82	3.1208	2.5807
83	3.1207	2.5799
84	3.1208	2.5802
85	3.1208	2.5808
86	3.1208	2.5809
87	3.1206	2.5801
88	3.1203	2.5808
89	3.1195	2.5812
90	3.1185	2.5803
91	3.1171	2.5779
92	3.1157	2.5763
93	3.1132	2.5727
94	3.1099	2.5696
95	3.1049	2.5646
96	3.0944	2.5563
97	3.0577	2.5251
98	2.8732	2.3702
99	2.6002	2.1239
100	2.4688	1.9686
101	2.3593	1.8571
102	2.2732	1.7384
103	2.2209	1.6872
104	2.1823	1.6345
105	2.1654	1.6184
106	2.1471	1.5926
107	2.1385	1.5894
108	2.1249	1.5716
109	2.117	1.5727
110	2.1036	1.5568
111	2.0888	1.5567
112	2.0722	1.5526
113	2.0429	1.5288
114	2.0198	1.5212
115	1.9575	1.4686
116	1.9063	1.4305
117	1.8645	1.4026
118	1.8581	1.3961
119	1.8651	1.3886
120	1.7843	1.336
121	1.7545	1.31
122	1.7289	1.2933
123	1.6909	1.2609
124	1.6559	1.2406
125	1.6395	1.2331
126	1.6021	1.2017
127	1.5871	1.1858
128	1.5645	1.1687
129	1.5452	1.1529
130	1.5497	1.1529
131	1.523	1.133
132	1.5051	1.1188
133	1.4976	1.1105
134	1.4737	1.09
135	1.491	1.101
136	1.4529	1.0727
137	1.4307	1.0519
138	1.4258	1.0454
139	1.419	1.0476
140	1.3982	1.0278
141	1.3897	1.0183
142	1.3837	1.0156
143	1.396	1.0297
144	1.3872	1.0147
145	1.3565	0.9913
146	1.3686	1.0083
147	1.3509	0.9878
148	1.3497	0.9837
149	1.3336	0.9702
150	1.3224	0.9596
151	1.3484	0.9907
152	1.3163	0.9551
153	1.3155	0.9548
154	1.3182	0.9632
155	1.3017	0.9456
156	1.3073	0.9484
157	1.3068	0.9518
158	1.2894	0.9326
159	1.2821	0.9272
160	1.2853	0.9324
161	1.3008	0.9488
162	1.291	0.9369
163	1.2711	0.9214
164	1.2774	0.923
165	1.2719	0.9234
166	1.2561	0.9044
167	1.2543	0.905
168	1.2649	0.9182
169	1.2782	0.9315
170	1.2426	0.8933
171	1.2724	0.9223
172	1.2447	0.897
173	1.2457	0.899
174	1.2534	0.9088
175	1.2368	0.8933
176	1.2296	0.8845
177	1.3197	0.9746
178	1.2231	0.8801
179	1.2574	0.9205
180	1.2377	0.8952
181	1.2513	0.9083
182	1.2144	0.8734
183	1.2419	0.9008
184	1.2199	0.8805
185	1.2178	0.8724
186	1.2058	0.8665
187	1.2167	0.8752
188	1.2145	0.8751
189	1.2009	0.8614
190	1.1955	0.8575
191	1.2062	0.8697
192	1.184	0.8474
193	1.1909	0.8536
194	1.1825	0.8462
195	1.181	0.8449
196	1.1837	0.8511
197	1.1765	0.8415
198	1.1741	0.8423
199	1.1686	0.8329
200	1.1639	0.8304
201	1.2031	0.8716
202	1.1643	0.8325
203	1.1753	0.8466
204	1.1925	0.8594
205	1.1677	0.8431
206	1.1525	0.8214
207	1.1509	0.8199
208	1.1543	0.8281
209	1.1464	0.8185
210	1.1698	0.8467
211	1.147	0.8195
212	1.143	0.8197
213	1.1596	0.8367
214	1.1339	0.8041
215	1.1296	0.8005
216	1.1382	0.8131
217	1.1229	0.7969
218	1.1237	0.7967
219	1.1176	0.7907
220	1.1219	0.7939
221	1.1142	0.7899
222	1.1086	0.7873
223	1.1133	0.7913
224	1.1073	0.783
225	1.1023	0.7837
226	1.0982	0.7789
227	1.0937	0.7717
228	1.1072	0.7874
229	1.0942	0.7761
230	1.0962	0.7782
231	1.0892	0.7729
232	1.0897	0.78
233	1.0743	0.7598
234	1.0863	0.7737
235	1.1118	0.7898
236	1.1196	0.8103
237	1.0846	0.7764
238	1.0655	0.755
239	1.0718	0.7672
240	1.0979	0.7803
241	1.0607	0.7521
242	1.0949	0.7895
243	1.0527	0.7496
244	1.0616	0.7516
245	1.0546	0.753
246	1.0593	0.7566
247	1.0482	0.7501
248	1.0405	0.7435
249	1.0286	0.728
250	1.0269	0.7318
251	1.0197	0.723
252	1.0287	0.7372
253	1.0257	0.73
254	1.0155	0.7209
255	1.0146	0.7269
256	1.0232	0.7251
257	1.0432	0.7572
258	1.0031	0.7114
259	1.0017	0.7141
260	1.0081	0.7213
261	0.9933	0.7018
262	0.9941	0.7072
263	0.9875	0.6999
264	0.9957	0.711
265	1.0072	0.7243
266	0.9957	0.7029
267	0.99	0.7078
268	0.9811	0.6949
269	0.9892	0.708
270	0.9845	0.7012
271	0.9904	0.7034
272	0.9916	0.7113
273	0.9766	0.7
274	0.9669	0.6851
275	1.0113	0.7372
276	0.9701	0.6895
277	0.9684	0.6875
278	0.9589	0.6773
279	0.9556	0.6765
280	0.9554	0.6775
281	0.9522	0.6719
282	0.9476	0.6677
283	0.9461	0.6693
284	0.9464	0.668
285	0.9662	0.6932
286	0.966	0.6841
287	0.9427	0.6686
288	0.9383	0.663
289	0.9397	0.6673
290	0.9583	0.6834
291	0.9514	0.6767
292	0.9378	0.6624
293	0.9302	0.6571
294	0.9372	0.6664
295	0.935	0.6601
296	0.9413	0.6708
297	0.9399	0.6675
298	0.9324	0.6654
299	0.9318	0.6563
300	0.9262	0.6565
301	0.9223	0.6537
302	0.9501	0.685
303	0.9513	0.6807
304	0.9537	0.6946
305	0.9179	0.6494
306	0.9291	0.6666
307	0.9393	0.6704
308	0.9135	0.6463
309	0.9258	0.6573
310	0.9371	0.6741
311	0.9057	0.6396
312	0.9164	0.655
313	0.9025	0.6365
314	0.9199	0.6575
315	0.8988	0.6328
316	0.9029	0.6379
317	0.8984	0.6358
318	0.9258	0.6617
319	0.9026	0.6385
320	0.8979	0.6372
321	0.8957	0.6341
322	0.8998	0.6426
323	0.9124	0.6492
324	0.9011	0.6426
325	0.8915	0.6269
326	0.8908	0.63
327	0.9044	0.6444
328	0.9128	0.6518
329	0.8866	0.6261
330	0.8835	0.6203
331	0.8855	0.6261
332	0.8841	0.6235
333	0.8786	0.6181
334	0.8788	0.6174
335	0.8882	0.6309
336	0.8947	0.6339
337	0.8818	0.6241
338	0.8745	0.6161
339	0.8871	0.6312
340	0.879	0.6245
341	0.8758	0.6139
342	0.8728	0.6162
343	0.8848	0.6288
344	0.889	0.6388
345	0.8942	0.6411
346	0.8707	0.6172
347	0.8798	0.6248
348	0.9118	0.6621
349	0.8707	0.6168
350	0.8897	0.6326
351	0.9043	0.6502
352	0.8632	0.6069
353	0.8784	0.6252
354	0.8743	0.6219
355	0.8656	0.6111
356	0.8589	0.6043
357	0.8653	0.6105
358	0.8714	0.6192
359	0.8558	0.6025
360	0.8568	0.6049
361	0.8532	0.6004
362	0.8524	0.6009
363	0.8575	0.6052
364	0.8644	0.615
365	0.8503	0.5974
366	0.853	0.6041
367	0.8498	0.5991
368	0.8546	0.6057
369	0.8594	0.6116
370	0.864	0.6173
371	0.8581	0.6116
372	0.8564	0.6074
373	0.8438	0.5944
374	0.8612	0.6137
375	0.8484	0.5961
376	0.8443	0.5963
377	0.9047	0.6614
378	0.8632	0.6202
379	0.8381	0.5877
380	0.8638	0.6214
381	0.8349	0.5867
382	0.8491	0.6044
383	0.8691	0.626
384	0.8454	0.6012
385	0.8331	0.5889
386	0.8344	0.5885
387	0.8403	0.5975
388	0.8416	0.5991
389	0.8333	0.5922
390	0.8255	0.5791
391	0.8315	0.5877
392	0.8343	0.5889
393	0.8319	0.591
394	0.8269	0.5838
395	0.9033	0.6691
396	0.8404	0.5961
397	0.8628	0.6214
398	0.8256	0.5838
399	0.8278	0.5879
400	0.8242	0.5818
401	0.823	0.5803
402	0.8347	0.5953
403	0.8372	0.5965
404	0.8214	0.5785
405	0.8174	0.5751
406	0.8144	0.5717
407	0.8169	0.5805
408	0.8115	0.5717
409	0.8286	0.5908
410	0.8104	0.5703
411	0.8129	0.574
412	0.8219	0.5845
413	0.8256	0.5866
414	0.8168	0.5794
415	0.8097	0.5707
416	0.803	0.5639
417	0.8193	0.5821
418	0.8346	0.6004
419	0.8182	0.5789
420	0.8777	0.6447
421	0.8097	0.5735
422	0.8067	0.5712
423	0.8372	0.6043
424	0.803	0.5678
425	0.8107	0.5734
426	0.8019	0.5672
427	0.7987	0.5622
428	0.8029	0.5674
429	0.8002	0.5656
430	0.8185	0.5848
431	0.7941	0.5591
432	0.8165	0.5845
433	0.8206	0.5884
434	0.8001	0.5634
435	0.801	0.5689
436	0.7959	0.5605
437	0.7959	0.5633
438	0.7926	0.5586
439	0.8199	0.588
440	0.8044	0.5704
441	0.7961	0.5665
442	0.8008	0.5694
443	0.7978	0.5647
444	0.7876	0.5551
445	0.794	0.5617
446	0.7974	0.5653
447	0.8106	0.5794
448	0.7836	0.5516
449	0.7831	0.5522
450	0.7831	0.5528
451	0.7822	0.5511
452	0.7802	0.5492
453	0.7921	0.5604
454	0.7792	0.5496
455	0.7778	0.5482
456	0.7922	0.5636
457	0.7772	0.5468
458	0.7786	0.5481
459	0.8255	0.5966
460	0.7869	0.5609
461	0.7827	0.5506
462	0.8094	0.5834
463	0.7837	0.553
464	0.7881	0.5628
465	0.7715	0.5451
466	0.7958	0.5673
467	0.7914	0.5684
468	0.773	0.5442
469	0.795	0.5693
470	0.7713	0.544
471	0.7727	0.5444
472	0.7727	0.5451
473	0.765	0.5389
474	0.7697	0.5411
475	0.7655	0.5404
476	0.7655	0.5394
477	0.7791	0.5526
478	0.7645	0.5355
479	0.7634	0.5391
480	0.7595	0.5348
481	0.7649	0.5412
482	0.7635	0.5402
483	0.7738	0.5497
484	0.7621	0.5364
485	0.7589	0.5358
486	0.7576	0.5332
487	0.7584	0.5353
488	0.757	0.5324
489	0.7607	0.5372
490	0.7621	0.5383
491	0.7553	0.531
492	0.7656	0.5443
493	0.7563	0.5353
494	0.7561	0.5332
495	0.7525	0.529
496	0.7567	0.5354
497	0.7538	0.5311
498	0.7542	0.5346
499	0.7519	0.5274
500	0.7507	0.5324
501	0.7489	0.526
502	0.7526	0.5326
503	0.7618	0.5412
504	0.7657	0.5449
505	0.8151	0.5929
506	0.7835	0.5689
507	0.8071	0.5904
508	0.7517	0.5329
509	0.748	0.5253
510	0.7462	0.5271
511	0.7567	0.5313
512	0.7524	0.5332
513	0.7449	0.5222
514	0.7436	0.5233
515	0.7474	0.5275
516	0.7429	0.5238
517	0.7484	0.5283
518	0.7396	0.5206
519	0.7389	0.5197
520	0.7392	0.5205
521	0.7414	0.5241
522	0.7389	0.5191
523	0.7428	0.5269
524	0.7428	0.5247
525	0.7517	0.5356
526	0.7343	0.5136
527	0.7425	0.5269
528	0.7486	0.5304
529	0.7352	0.5185
530	0.7358	0.5177
531	0.7627	0.5464
532	0.7354	0.5181
533	0.7352	0.5163
534	0.7494	0.5313
535	0.7424	0.5298
536	0.7567	0.5428
537	0.7312	0.5151
538	0.734	0.517
539	0.7415	0.5261
540	0.7392	0.5206
541	0.7662	0.5536
542	0.7283	0.5119
543	0.7301	0.5127
544	0.7454	0.5287
545	0.7372	0.5193
546	0.7388	0.5248
547	0.7267	0.5094
548	0.7269	0.5137
549	0.7353	0.5211
550	0.7418	0.5274
551	0.7319	0.5162
552	0.726	0.5115
553	0.7476	0.5372
554	0.7233	0.5101
555	0.7504	0.5369
556	0.7252	0.5116
557	0.7321	0.521
558	0.7233	0.5088
559	0.7269	0.513
560	0.7257	0.5154
561	0.7221	0.508
562	0.7198	0.5067
563	0.7255	0.5132
564	0.7178	0.5042
565	0.7132	0.4974
566	0.7211	0.5081
567	0.7139	0.5021
568	0.732	0.5189
569	0.7208	0.5115
570	0.7183	0.5061
571	0.7159	0.5027
572	0.7231	0.5146
573	0.7279	0.5167
574	0.7198	0.5083
575	0.7239	0.5141
576	0.7803	0.5711
577	0.7206	0.5096
578	0.7114	0.5006
579	0.7478	0.5404
580	0.7153	0.5068
581	0.7191	0.5058
582	0.7101	0.4999
583	0.711	0.4983
584	0.708	0.4964
585	0.7067	0.4971
586	0.7059	0.4946
587	0.7412	0.5328
588	0.7176	0.51
589	0.7278	0.5208
590	0.7076	0.4977
591	0.7099	0.5027
592	0.7041	0.4913
593	0.7067	0.499
594	0.6989	0.4894
595	0.7044	0.4934
596	0.7188	0.5124
597	0.7094	0.4982
598	0.7241	0.5193
599	0.6999	0.4901
600	0.7003	0.49
601	0.7335	0.5254
602	0.711	0.5026
603	0.6977	0.4868
604	0.6972	0.486
605	0.6986	0.4902
606	0.7015	0.4928
607	0.7125	0.5059
608	0.7278	0.52
609	0.6962	0.4881
610	0.6964	0.4885
611	0.7075	0.5027
612	0.6926	0.4841
613	0.6955	0.4872
614	0.7002	0.4925
615	0.6947	0.4865
616	0.7046	0.499
617	0.6939	0.4827
618	0.7093	0.5014
619	0.7003	0.494
620	0.6932	0.4844
621	0.6931	0.4883
622	0.6938	0.4891
623	0.6999	0.4908
624	0.6912	0.4844
625	0.6964	0.4885
626	0.6975	0.4894
627	0.6904	0.4858
628	0.6924	0.4879
629	0.6864	0.4814
630	0.6919	0.4853
631	0.7058	0.4986
632	0.6884	0.4813
633	0.7244	0.5256
634	0.6908	0.4856
635	0.69	0.4812
636	0.6921	0.4861
637	0.6913	0.4849
638	0.6868	0.4836
639	0.6867	0.4829
640	0.6934	0.4908
641	0.6834	0.4811
642	0.6864	0.4806
643	0.6864	0.4829
644	0.6995	0.4922
645	0.6947	0.4912
646	0.691	0.4896
647	0.6867	0.4814
648	0.6909	0.4879
649	0.6844	0.4808
650	0.684	0.4786
651	0.6903	0.489
652	0.6769	0.4745
653	0.6801	0.4747
654	0.6795	0.4747
655	0.7225	0.525
656	0.6887	0.4838
657	0.6797	0.4783
658	0.6765	0.472
659	0.6929	0.4916
660	0.7409	0.5411
661	0.6975	0.4957
662	0.7103	0.512
663	0.6849	0.4813
664	0.6874	0.4881
665	0.6742	0.4699
666	0.671	0.4668
667	0.7163	0.5137
668	0.676	0.471
669	0.6794	0.4797
670	0.7565	0.5573
671	0.6872	0.4864
672	0.6837	0.4812
673	0.7096	0.5116
674	0.7023	0.5038
675	0.6728	0.4708
676	0.6708	0.47
677	0.7009	0.5004
678	0.6764	0.478
679	0.6739	0.4734
680	0.6841	0.4829
681	0.6698	0.4679
682	0.6671	0.4674
683	0.6721	0.4722
684	0.6683	0.4684
685	0.6766	0.4753
686	0.6684	0.4646
687	0.6692	0.4701
688	0.6668	0.4676
689	0.67	0.4697
690	0.6622	0.4593
691	0.6962	0.4991
692	0.6993	0.5003
693	0.6886	0.4915
694	0.6888	0.4912
695	0.6645	0.4633
696	0.6651	0.4666
697	0.6593	0.4595
698	0.6707	0.4738
699	0.686	0.4907
700	0.6623	0.4619
701	0.6585	0.4606
702	0.6698	0.4706
703	0.6684	0.4705
704	0.6788	0.4842
705	0.6627	0.4627
706	0.6569	0.4585
707	0.6578	0.4575
708	0.6633	0.4647
709	0.6639	0.4636
710	0.6617	0.4633
711	0.6697	0.4733
712	0.6597	0.4612
713	0.6596	0.4637
714	0.6647	0.4647
715	0.6645	0.4701
716	0.6543	0.4557
717	0.6979	0.5079
718	0.6571	0.4596
719	0.6547	0.4563
720	0.6636	0.4668
721	0.6537	0.4577
722	0.6588	0.4648
723	0.6501	0.4529
724	0.6496	0.4511
725	0.6521	0.4564
726	0.6555	0.4614
727	0.6573	0.4619
728	0.6497	0.4549
729	0.6508	0.4535
730	0.6503	0.4538
731	0.6474	0.4519
732	0.6825	0.4923
733	0.6644	0.4703
734	0.6585	0.4612
735	0.655	0.4609
736	0.6935	0.504
737	0.6656	0.4714
738	0.6883	0.4966
739	0.6494	0.4529
740	0.6513	0.4571
741	0.6511	0.4581
742	0.643	0.4491
743	0.6508	0.4537
744	0.6526	0.4566
745	0.6524	0.4594
746	0.6465	0.4507
747	0.6516	0.4574
748	0.6444	0.4504
749	0.6555	0.458
750	0.6816	0.4928
751	0.6753	0.4802
752	0.6471	0.4564
753	0.6418	0.4475
754	0.6433	0.45
755	0.6384	0.4455
756	0.6495	0.4569
757	0.6529	0.4631
758	0.6444	0.4494
759	0.6429	0.4471
760	0.6379	0.4458
761	0.64	0.4468
762	0.6462	0.4552
763	0.6465	0.4531
764	0.6529	0.4631
765	0.646	0.4542
766	0.6371	0.4433
767	0.6484	0.4572
768	0.6438	0.4517
769	0.6499	0.456
770	0.6465	0.4542
771	0.6542	0.4627
772	0.6496	0.4592
773	0.6379	0.4463
774	0.6365	0.4445
775	0.6594	0.469
776	0.6353	0.4415
777	0.6639	0.476
778	0.6906	0.5048
779	0.6997	0.5155
780	0.6393	0.4481
781	0.6397	0.4505
782	0.6526	0.4629
783	0.6575	0.4686
784	0.6585	0.4657
785	0.6333	0.4423
786	0.6337	0.4443
787	0.634	0.4438
788	0.6426	0.4539
789	0.6374	0.4454
790	0.6456	0.4534
791	0.6335	0.4422
792	0.6459	0.4576
793	0.6272	0.4382
794	0.6444	0.4544
795	0.6344	0.4451
796	0.6374	0.4499
797	0.6434	0.4547
798	0.6348	0.4464
799	0.645	0.4585
800	0.6304	0.4386
801	0.6292	0.4402
802	0.6399	0.4512
803	0.6479	0.4594
804	0.6665	0.4837
805	0.66	0.4734
806	0.6365	0.4496
807	0.6451	0.4588
808	0.6509	0.4621
809	0.6385	0.4495
810	0.6435	0.4547
811	0.6325	0.447
812	0.624	0.4353
813	0.6295	0.4377
814	0.6272	0.4414
815	0.6247	0.4367
816	0.6218	0.4346
817	0.625	0.4363
818	0.6243	0.4349
819	0.6374	0.4517
820	0.6216	0.434
821	0.6194	0.433
822	0.6332	0.4483
823	0.6237	0.4368
824	0.6209	0.4313
825	0.6654	0.483
826	0.6312	0.4444
827	0.642	0.4574
828	0.625	0.4379
829	0.6255	0.4341
830	0.6205	0.4352
831	0.6208	0.4335
832	0.6335	0.4458
833	0.6216	0.4327
834	0.616	0.4286
835	0.6199	0.4347
836	0.6203	0.4297
837	0.6298	0.4463
838	0.6155	0.4255
839	0.6139	0.4287
840	0.6154	0.4318
841	0.6173	0.4301
842	0.6141	0.4294
843	0.6274	0.4434
844	0.6139	0.4251
845	0.6108	0.4251
846	0.6126	0.426
847	0.622	0.436
848	0.6218	0.4349
849	0.6177	0.4353
850	0.6198	0.4362
851	0.6196	0.4349
852	0.6158	0.4336
853	0.6119	0.4238
854	0.6108	0.426
855	0.6202	0.4332
856	0.6098	0.4235
857	0.6182	0.4366
858	0.618	0.4337
859	0.648	0.4673
860	0.6129	0.4283
861	0.6304	0.4478
862	0.6103	0.4259
863	0.6179	0.4316
864	0.6197	0.4344
865	0.6095	0.4226
866	0.6063	0.4237
867	0.6057	0.4197
868	0.6339	0.4497
869	0.6286	0.4438
870	0.6162	0.4339
871	0.6137	0.4296
872	0.6108	0.4248
873	0.6126	0.4294
874	0.6092	0.4225
875	0.6321	0.4513
876	0.6501	0.4701
877	0.6195	0.4375
878	0.6435	0.4646
879	0.6277	0.4434
880	0.6123	0.4345
881	0.6072	0.4242
882	0.6009	0.4147
883	0.6161	0.4349
884	0.5997	0.4162
885	0.6165	0.4355
886	0.6033	0.4225
887	0.61	0.4242
888	0.6049	0.4208
889	0.6085	0.4262
890	0.6023	0.418
891	0.6097	0.4291
892	0.6225	0.4456
893	0.6005	0.4189
894	0.5971	0.4139
895	0.5974	0.4145
896	0.6011	0.4198
897	0.5993	0.4182
898	0.6047	0.4216
899	0.6053	0.4246
900	0.6091	0.4254
901	0.6095	0.4266
902	0.6002	0.4159
903	0.6039	0.4244
904	0.5948	0.4143
905	0.6271	0.4511
906	0.6007	0.4211
907	0.65	0.4783
908	0.6025	0.426
909	0.6125	0.4304
910	0.5976	0.4169
911	0.6071	0.4253
912	0.6039	0.4233
913	0.5991	0.4181
914	0.6061	0.428
915	0.5955	0.4142
916	0.5952	0.4128
917	0.6103	0.4336
918	0.628	0.4492
919	0.5957	0.419
920	0.611	0.4343
921	0.5968	0.4146
922	0.5941	0.4128
923	0.5915	0.4126
924	0.5923	0.4093
925	0.6016	0.419
926	0.5899	0.411
927	0.6069	0.4282
928	0.5891	0.4079
929	0.591	0.4103
930	0.5862	0.4054
931	0.588	0.4071
932	0.5952	0.4165
933	0.6609	0.4919
934	0.6039	0.4273
935	0.5901	0.4094
936	0.5869	0.4076
937	0.5995	0.4179
938	0.5945	0.4145
939	0.5901	0.4108
940	0.5878	0.4098
941	0.5883	0.4071
942	0.5981	0.417
943	0.5923	0.4168
944	0.6097	0.4305
945	0.6028	0.4244
946	0.6285	0.4555
947	0.6092	0.4316
948	0.592	0.4152
949	0.5884	0.4094
950	0.5996	0.4236
951	0.5913	0.4141
952	0.6146	0.4395
953	0.5904	0.4142
954	0.6012	0.4174
955	0.5978	0.4228
956	0.5925	0.4152
957	0.5863	0.4095
958	0.5867	0.408
959	0.612	0.4358
960	0.5885	0.4118
961	0.5886	0.4083
962	0.5798	0.4035
963	0.5859	0.4096
964	0.5831	0.4083
965	0.5955	0.4229
966	0.5805	0.4044
967	0.5842	0.4095
968	0.5849	0.4061
969	0.5833	0.4051
970	0.5806	0.4037
971	0.5839	0.4055
972	0.5908	0.4146
973	0.5838	0.4066
974	0.6151	0.4415
975	0.5957	0.4197
976	0.5889	0.4137
977	0.5788	0.4018
978	0.5795	0.4007
979	0.5975	0.4272
980	0.5753	0.3969
981	0.5937	0.4198
982	0.5886	0.4153
983	0.5753	0.398
984	0.5878	0.417
985	0.5732	0.3963
986	0.5798	0.4035
987	0.576	0.3995
988	0.5762	0.4021
989	0.5733	0.3969
990	0.5883	0.416
991	0.5943	0.4183
992	0.5743	0.4006
993	0.5694	0.3917
994	0.5752	0.4004
995	0.5711	0.3971
996	0.5709	0.3945
997	0.5732	0.3982
998	0.5779	0.4019
999	0.5751	0.3989
1000	0.5707	0.3956
1001	0.5877	0.413
1002	0.5875	0.413
1003	0.6204	0.45
1004	0.6157	0.4478
1005	0.6162	0.4465
1006	0.581	0.407
1007	0.5934	0.4233
1008	0.5699	0.394
1009	0.5763	0.398
1010	0.5773	0.4041
1011	0.5754	0.3957
1012	0.5678	0.3914
1013	0.6169	0.4486
1014	0.5775	0.4021
1015	0.5664	0.3892
1016	0.5858	0.4157
1017	0.5707	0.3949
1018	0.5857	0.4171
1019	0.5697	0.3969
1020	0.5698	0.3961
1021	0.5777	0.4046
1022	0.5677	0.3935
1023	0.5961	0.4272
1024	0.5637	0.3906
1025	0.5655	0.3917
1026	0.5724	0.4008
1027	0.5732	0.3991
1028	0.5816	0.4122
1029	0.5699	0.3959
1030	0.5673	0.3931
1031	0.5699	0.3976
1032	0.5724	0.3984
1033	0.5752	0.4045
1034	0.5645	0.3902
1035	0.5654	0.3942
1036	0.5619	0.3877
1037	0.5709	0.398
1038	0.5755	0.4029
1039	0.5736	0.3973
1040	0.5735	0.4039
1041	0.5651	0.3911
1042	0.5861	0.4181
1043	0.5692	0.4004
1044	0.5801	0.4103
1045	0.5622	0.392
1046	0.5615	0.3882
1047	0.5602	0.3882
1048	0.5774	0.4046
1049	0.5673	0.3979
1050	0.5802	0.4109
1051	0.5742	0.405
1052	0.5759	0.4049
1053	0.606	0.4406
1054	0.5729	0.404
1055	0.5586	0.3899
1056	0.5674	0.3969
1057	0.5764	0.4117
1058	0.5626	0.3913
1059	0.5571	0.3858
1060	0.5684	0.3988
1061	0.5757	0.4042
1062	0.5639	0.3951
1063	0.5866	0.4194
1064	0.5584	0.3859
1065	0.5527	0.3817
1066	0.5581	0.3862
1067	0.5624	0.3937
1068	0.5584	0.3854
1069	0.6077	0.4465
1070	0.5601	0.3921
1071	0.5883	0.4212
1072	0.5658	0.3953
1073	0.5545	0.385
1074	0.5575	0.3846
1075	0.555	0.3815
1076	0.5651	0.3956
1077	0.5562	0.3841
1078	0.5548	0.3822
1079	0.553	0.3808
1080	0.5565	0.3869
1081	0.56	0.3952
1082	0.5555	0.386
1083	0.5611	0.3941
1084	0.5662	0.3967
1085	0.5522	0.3825
1086	0.5494	0.3771
1087	0.556	0.3914
1088	0.5524	0.3836
1089	0.5577	0.3908
1090	0.5567	0.3901
1091	0.5517	0.3826
1092	0.5525	0.385
1093	0.5506	0.3796
1094	0.5532	0.3856
1095	0.5499	0.3815
1096	0.5494	0.379
1097	0.5692	0.4004
1098	0.5526	0.3849
1099	0.5737	0.4087
1100	0.5596	0.3912
1101	0.5768	0.4093
1102	0.5529	0.3865
1103	0.5587	0.3944
1104	0.559	0.3891
1105	0.5528	0.3879
1106	0.5473	0.3794
1107	0.5487	0.3787
1108	0.5488	0.3809
1109	0.5516	0.386
1110	0.5547	0.386
1111	0.5497	0.3864
1112	0.5415	0.3752
1113	0.5468	0.3819
1114	0.5539	0.3886
1115	0.5599	0.3939
1116	0.5457	0.381
1117	0.5787	0.4167
1118	0.579	0.4124
1119	0.5566	0.3892
1120	0.5404	0.3724
1121	0.5386	0.3711
1122	0.5389	0.3725
1123	0.5388	0.3744
1124	0.5618	0.4001
1125	0.5429	0.3766
1126	0.5408	0.3739
1127	0.5402	0.3717
1128	0.5432	0.377
1129	0.5884	0.4262
1130	0.5474	0.383
1131	0.5595	0.3943
1132	0.5438	0.381
1133	0.5458	0.3822
1134	0.5382	0.3705
1135	0.5442	0.3802
1136	0.5419	0.3779
1137	0.5487	0.3858
1138	0.5394	0.3754
1139	0.5388	0.3721
1140	0.5405	0.3758
1141	0.5454	0.3775
1142	0.5566	0.3927
1143	0.5635	0.4022
1144	0.5574	0.3911
1145	0.5688	0.4015
1146	0.5458	0.382
1147	0.548	0.3793
1148	0.5469	0.3853
1149	0.5547	0.3901
1150	0.5779	0.4183
1151	0.5535	0.3883
1152	0.5545	0.393
1153	0.5399	0.3752
1154	0.5381	0.3731
1155	0.5394	0.3748
1156	0.5665	0.4043
1157	0.5362	0.3705
1158	0.5536	0.3937
1159	0.5359	0.3707
1160	0.5389	0.3761
1161	0.5398	0.3798
1162	0.5706	0.4114
1163	0.5389	0.3765
1164	0.5437	0.3798
1165	0.5459	0.3831
1166	0.5331	0.3697
1167	0.5442	0.3838
1168	0.5469	0.3879
1169	0.5415	0.3799
1170	0.5456	0.3827
1171	0.5311	0.3668
1172	0.5355	0.3718
1173	0.5345	0.3697
1174	0.5448	0.3828
1175	0.5339	0.3694
1176	0.5358	0.3724
1177	0.5329	0.369
1178	0.5315	0.3727
1179	0.5379	0.3766
1180	0.5386	0.3756
1181	0.5432	0.3821
1182	0.5301	0.3682
1183	0.55	0.3882
1184	0.5371	0.3751
1185	0.5418	0.3809
1186	0.5331	0.3665
1187	0.5438	0.3862
1188	0.5362	0.3738
1189	0.5414	0.3784
1190	0.5446	0.3821
1191	0.5411	0.3802
1192	0.5447	0.3828
1193	0.5335	0.3736
1194	0.5294	0.3678
1195	0.5428	0.3848
1196	0.5377	0.3778
1197	0.5325	0.3705
1198	0.5338	0.3746
1199	0.5298	0.3686
1200	0.5473	0.388
1201	0.5314	0.3701
1202	0.5231	0.3602
1203	0.5276	0.3669
1204	0.5659	0.4087
1205	0.544	0.3843
1206	0.5367	0.3755
1207	0.5241	0.3605
1208	0.5261	0.3647
1209	0.5273	0.3695
1210	0.5213	0.3609
1211	0.5224	0.3633
1212	0.5209	0.3595
1213	0.5416	0.3836
1214	0.5903	0.4401
1215	0.5236	0.3644
1216	0.5476	0.3909
1217	0.5388	0.3834
1218	0.5497	0.3889
1219	0.5291	0.3658
1220	0.5254	0.3655
1221	0.531	0.3664
1222	0.5289	0.3657
1223	0.5577	0.4038
1224	0.5345	0.3716
1225	0.5401	0.3823
1226	0.527	0.3649
1227	0.5522	0.3955
1228	0.529	0.3677
1229	0.545	0.3898
1230	0.5216	0.3643
1231	0.5346	0.3736
1232	0.5191	0.3572
1233	0.5219	0.3603
1234	0.5158	0.3561
1235	0.5193	0.3591
1236	0.5211	0.359
1237	0.5249	0.3691
1238	0.5405	0.386
1239	0.5358	0.3744
1240	0.582	0.4319
1241	0.5273	0.3679
1242	0.5434	0.3859
1243	0.5216	0.3608
1244	0.5203	0.3621
1245	0.5582	0.4073
1246	0.527	0.3708
1247	0.5251	0.3687
1248	0.5352	0.3809
1249	0.5301	0.3696
1250	0.5435	0.3876
1251	0.5168	0.3573
1252	0.5376	0.3806
1253	0.5147	0.3552
1254	0.5138	0.3551
1255	0.5161	0.36
1256	0.5218	0.3631
1257	0.5275	0.3707
1258	0.5436	0.3891
1259	0.5181	0.3629
1260	0.5259	0.3698
1261	0.5139	0.3564
1262	0.516	0.3598
1263	0.5202	0.3632
1264	0.5108	0.3531
1265	0.518	0.3622
1266	0.5092	0.3524
1267	0.5138	0.3567
1268	0.5211	0.3627
1269	0.5118	0.355
1270	0.5212	0.3621
1271	0.5202	0.3611
1272	0.5137	0.3559
1273	0.5126	0.359
1274	0.5324	0.3792
1275	0.5249	0.3672
1276	0.5245	0.3706
1277	0.514	0.3558
1278	0.5171	0.3604
1279	0.514	0.356
1280	0.5166	0.3625
1281	0.5101	0.3549
1282	0.5406	0.3904
1283	0.5064	0.3499
1284	0.5189	0.3668
1285	0.5105	0.3537
1286	0.5099	0.3548
1287	0.5252	0.3684
1288	0.5549	0.4001
1289	0.5071	0.3499
1290	0.5063	0.3498
1291	0.5036	0.348
1292	0.5067	0.3499
1293	0.5161	0.3604
1294	0.511	0.3532
1295	0.5129	0.3562
1296	0.512	0.3557
1297	0.5407	0.393
1298	0.5103	0.356
1299	0.5041	0.3502
1300	0.5188	0.3625
1301	0.5124	0.3597
1302	0.5064	0.3511
1303	0.5063	0.3512
1304	0.5168	0.3675
1305	0.5023	0.3468
1306	0.5091	0.3557
1307	0.5198	0.3675
1308	0.5038	0.3498
1309	0.5017	0.349
1310	0.5403	0.3945
1311	0.5101	0.3553
1312	0.5529	0.4004
1313	0.5161	0.3599
1314	0.5022	0.3479
1315	0.5042	0.3477
1316	0.505	0.3514
1317	0.498	0.3429
1318	0.4991	0.3463
1319	0.5081	0.3555
1320	0.5223	0.369
1321	0.5389	0.3892
1322	0.5211	0.3676
1323	0.5267	0.3769
1324	0.508	0.3525
1325	0.5067	0.3556
1326	0.5137	0.3593
1327	0.5211	0.3701
1328	0.5101	0.3536
1329	0.5156	0.3661
1330	0.4995	0.3454
1331	0.5474	0.4021
1332	0.5019	0.3489
1333	0.4966	0.3434
1334	0.5151	0.359
1335	0.5046	0.3461
1336	0.5247	0.3759
1337	0.5581	0.4077
1338	0.5434	0.3962
1339	0.5351	0.3864
1340	0.5453	0.3995
1341	0.5023	0.349
1342	0.5104	0.3575
1343	0.4984	0.3454
1344	0.4994	0.349
1345	0.4994	0.3456
1346	0.513	0.3603
1347	0.4978	0.3411
1348	0.4956	0.3427
1349	0.493	0.3386
1350	0.5031	0.349
1351	0.4939	0.3414
1352	0.4975	0.3446
1353	0.4951	0.3422
1354	0.4924	0.3397
1355	0.4986	0.3407
1356	0.5347	0.3887
1357	0.5011	0.3457
1358	0.4995	0.3481
1359	0.494	0.3398
1360	0.4946	0.3447
1361	0.4911	0.3398
1362	0.507	0.3576
1363	0.4917	0.3399
1364	0.5354	0.3882
1365	0.5071	0.3562
1366	0.4893	0.3368
1367	0.4962	0.344
1368	0.5011	0.3528
1369	0.4943	0.3426
1370	0.4894	0.3372
1371	0.4981	0.3475
1372	0.4877	0.3359
1373	0.486	0.334
1374	0.4884	0.337
1375	0.4925	0.3402
1376	0.5196	0.376
1377	0.5009	0.3517
1378	0.5092	0.361
1379	0.4903	0.3405
1380	0.4898	0.3387
1381	0.4958	0.3485
1382	0.4942	0.3437
1383	0.4879	0.3364
1384	0.5141	0.3708
1385	0.4912	0.3403
1386	0.4869	0.3395
1387	0.4865	0.3345
1388	0.5027	0.3552
1389	0.4943	0.3397
1390	0.4913	0.3425
1391	0.4865	0.3361
1392	0.497	0.3467
1393	0.5019	0.355
1394	0.494	0.3397
1395	0.5013	0.3515
1396	0.4952	0.3443
1397	0.5186	0.37
1398	0.4947	0.3413
1399	0.4938	0.3424
1400	0.4913	0.3436
1401	0.4994	0.3513
1402	0.4866	0.3365
1403	0.4832	0.3328
1404	0.4974	0.3466
1405	0.4858	0.3365
1406	0.4914	0.3451
1407	0.5007	0.3496
1408	0.5028	0.359
1409	0.4842	0.3343
1410	0.4827	0.3305
1411	0.4952	0.3491
1412	0.4796	0.3299
1413	0.4867	0.3372
1414	0.4872	0.3412
1415	0.5399	0.4006
1416	0.4899	0.3402
1417	0.4955	0.3468
1418	0.4848	0.338
1419	0.4855	0.3366
1420	0.4798	0.3309
1421	0.5082	0.3647
1422	0.4875	0.3382
1423	0.4844	0.3341
1424	0.5296	0.3873
1425	0.5162	0.3715
1426	0.5092	0.3653
1427	0.4978	0.3544
1428	0.4857	0.3374
1429	0.4996	0.3523
1430	0.522	0.3797
1431	0.503	0.3598
1432	0.4921	0.3399
1433	0.498	0.3487
1434	0.4901	0.3441
1435	0.4923	0.3453
1436	0.4845	0.3336
1437	0.4918	0.347
1438	0.4767	0.3271
1439	0.484	0.3376
1440	0.4825	0.3348
1441	0.4762	0.3275
1442	0.4839	0.3344
1443	0.4866	0.3391
1444	0.5167	0.3658
1445	0.4952	0.3443
1446	0.4922	0.3413
1447	0.4967	0.3462
1448	0.479	0.3276
1449	0.4774	0.3304
1450	0.4731	0.3253
1451	0.4748	0.3254
1452	0.4782	0.3317
1453	0.4815	0.3346
1454	0.4754	0.3299
1455	0.4775	0.3326
1456	0.4759	0.3287
1457	0.4976	0.354
1458	0.5251	0.381
1459	0.5986	0.4611
1460	0.5388	0.3942
1461	0.562	0.4216
1462	0.523	0.3771
1463	0.5101	0.3692
1464	0.5064	0.3612
1465	0.488	0.3421
1466	0.4795	0.3333
1467	0.4752	0.327
1468	0.4855	0.3421
1469	0.4778	0.331
1470	0.478	0.3321
1471	0.4705	0.3213
1472	0.4807	0.3353
1473	0.4734	0.327
1474	0.4802	0.3339
1475	0.4871	0.343
1476	0.4881	0.3397
1477	0.518	0.3779
1478	0.4802	0.3316
1479	0.4751	0.3279
1480	0.4774	0.3318
1481	0.4767	0.3256
1482	0.5112	0.3707
1483	0.4962	0.3498
1484	0.4959	0.3523
1485	0.4846	0.3417
1486	0.4819	0.3342
1487	0.5031	0.3639
1488	0.474	0.3274
1489	0.4769	0.3313
1490	0.4751	0.3274
1491	0.4775	0.3297
1492	0.486	0.3426
1493	0.4734	0.3274
1494	0.4753	0.3301
1495	0.4778	0.3318
1496	0.4812	0.3389
1497	0.4792	0.3347
1498	0.4912	0.3493
1499	0.4869	0.3415
1500	0.4652	0.3182
1501	0.4691	0.3229
1502	0.4605	0.3124
1503	0.4623	0.3165
1504	0.4624	0.3159
1505	0.4607	0.3141
1506	0.4598	0.3131
1507	0.4591	0.3123
1508	0.4616	0.3163
1509	0.4574	0.3106
1510	0.4592	0.3112
1511	0.4595	0.3121
1512	0.4599	0.3129
1513	0.4587	0.3117
1514	0.4575	0.3111
1515	0.4629	0.3184
1516	0.4578	0.3117
1517	0.4584	0.3126
1518	0.4599	0.3138
1519	0.4574	0.3096
1520	0.4582	0.3125
1521	0.4641	0.32
1522	0.4566	0.3097
1523	0.4633	0.32
1524	0.4594	0.3152
1525	0.4566	0.3102
1526	0.4593	0.3134
1527	0.457	0.3097
1528	0.4597	0.3113
1529	0.4645	0.3215
1530	0.4558	0.309
1531	0.4557	0.31
1532	0.4584	0.3137
1533	0.455	0.3088
1534	0.4569	0.3114
1535	0.4553	0.3089
1536	0.4555	0.3094
1537	0.4581	0.3132
1538	0.4552	0.3089
1539	0.4629	0.3187
1540	0.4563	0.3099
1541	0.4544	0.3082
1542	0.4577	0.313
1543	0.4559	0.31
1544	0.4545	0.3087
1545	0.4571	0.3129
1546	0.4546	0.3091
1547	0.4543	0.3074
1548	0.4584	0.3132
1549	0.4539	0.3079
1550	0.4556	0.31
1551	0.4537	0.3076
1552	0.4602	0.3156
1553	0.4544	0.309
1554	0.4533	0.308
1555	0.467	0.3252
1556	0.4545	0.3087
1557	0.4544	0.3094
1558	0.4667	0.3247
1559	0.4539	0.3085
1560	0.4553	0.309
1561	0.4573	0.3132
1562	0.4534	0.3084
1563	0.4557	0.3105
1564	0.4537	0.3074
1565	0.4533	0.3068
1566	0.4548	0.3081
1567	0.4546	0.308
1568	0.4536	0.3086
1569	0.4541	0.3087
1570	0.4545	0.3095
1571	0.4531	0.3069
1572	0.4623	0.3197
1573	0.4526	0.3071
1574	0.4546	0.3097
1575	0.4526	0.3075
1576	0.4538	0.309
1577	0.4531	0.3071
1578	0.4548	0.3087
1579	0.4532	0.3072
1580	0.4575	0.3141
1581	0.4528	0.3073
1582	0.4524	0.3062
1583	0.4666	0.3253
1584	0.4522	0.3066
1585	0.4522	0.3066
1586	0.458	0.3153
1587	0.4523	0.3071
1588	0.4528	0.3076
1589	0.4531	0.3074
1590	0.4595	0.3163
1591	0.4532	0.3071
1592	0.4516	0.3052
1593	0.4575	0.3129
1594	0.4521	0.3064
1595	0.4546	0.3087
1596	0.4558	0.3121
1597	0.4515	0.3053
1598	0.4551	0.3109
1599	0.4531	0.3078
1600	0.4518	0.3058
1601	0.4528	0.3079
1602	0.4549	0.3096
1603	0.4525	0.3057
1604	0.46	0.3184
1605	0.4529	0.3084
1606	0.4509	0.3058
1607	0.456	0.3126
1608	0.4534	0.3082
1609	0.4518	0.3061
1610	0.4587	0.3157
1611	0.4519	0.3078
1612	0.4511	0.306
1613	0.4629	0.3214
1614	0.4507	0.3063
1615	0.4509	0.3046
1616	0.4618	0.3203
1617	0.4517	0.3068
1618	0.4512	0.3063
1619	0.4546	0.3105
1620	0.452	0.3067
1621	0.4522	0.3049
1622	0.4554	0.3121
1623	0.4504	0.3047
1624	0.455	0.3119
1625	0.4513	0.3065
1626	0.4534	0.3088
1627	0.4521	0.3073
1628	0.4521	0.3077
1629	0.4559	0.3126
1630	0.4505	0.305
1631	0.4558	0.3134
1632	0.4499	0.3061
1633	0.4502	0.3064
1634	0.4601	0.3192
1635	0.4507	0.3055
1636	0.4501	0.3058
1637	0.4503	0.3073
1638	0.4498	0.3053
1639	0.4525	0.3089
1640	0.4544	0.3103
1641	0.4511	0.3071
1642	0.4538	0.3111
1643	0.4526	0.3094
1644	0.4511	0.3073
1645	0.4505	0.3053
1646	0.4547	0.311
1647	0.45	0.3047
1648	0.4516	0.3084
1649	0.4504	0.3068
1650	0.45	0.3062
1651	0.4584	0.3161
1652	0.4499	0.3057
1653	0.4497	0.3048
1654	0.4545	0.3124
1655	0.449	0.3054
1656	0.4499	0.3059
1657	0.4555	0.3129
1658	0.4485	0.3039
1659	0.4509	0.3078
1660	0.453	0.3104
1661	0.4513	0.307
1662	0.4497	0.3043
1663	0.4492	0.3039
1664	0.4528	0.3104
1665	0.4489	0.3049
1666	0.4508	0.3075
1667	0.4499	0.3059
1668	0.4527	0.3098
1669	0.4483	0.3042
1670	0.4486	0.3045
1671	0.452	0.3091
1672	0.449	0.3035
1673	0.4493	0.3044
1674	0.4504	0.3055
1675	0.456	0.3137
1676	0.4496	0.3072
1677	0.4488	0.3049
1678	0.4571	0.3156
1679	0.4472	0.3015
1680	0.4474	0.3024
1681	0.4531	0.3108
1682	0.4494	0.3046
1683	0.4478	0.3024
1684	0.4489	0.3032
1685	0.4511	0.3083
1686	0.4501	0.3072
1687	0.4504	0.3069
1688	0.4483	0.3034
1689	0.4496	0.3053
1690	0.448	0.3032
1691	0.4498	0.3054
1692	0.4507	0.3064
1693	0.4549	0.3138
1694	0.4472	0.3026
1695	0.4484	0.3027
1696	0.4544	0.3113
1697	0.4479	0.3038
1698	0.4482	0.3042
1699	0.452	0.3098
1700	0.4487	0.305
1701	0.4472	0.3027
1702	0.4704	0.3325
1703	0.4474	0.3025
1704	0.4482	0.303
1705	0.4574	0.3169
1706	0.4469	0.3026
1707	0.4497	0.3064
1708	0.4472	0.3026
1709	0.4475	0.3027
1710	0.4553	0.3131
1711	0.4486	0.3047
1712	0.4472	0.3022
1713	0.4516	0.3088
1714	0.4523	0.3101
1715	0.4472	0.3025
1716	0.4508	0.3071
1717	0.455	0.3131
1718	0.4489	0.3044
1719	0.453	0.311
1720	0.4464	0.3015
1721	0.4516	0.3091
1722	0.4499	0.3068
1723	0.4473	0.3029
1724	0.4561	0.3156
1725	0.4475	0.3036
1726	0.4464	0.3021
1727	0.4478	0.3036
1728	0.4464	0.3025
1729	0.4491	0.3059
1730	0.4549	0.3136
1731	0.4479	0.3028
1732	0.4463	0.302
1733	0.4517	0.3093
1734	0.446	0.3012
1735	0.452	0.3102
1736	0.4462	0.3027
1737	0.4503	0.3081
1738	0.4502	0.3078
1739	0.4459	0.3024
1740	0.4522	0.3109
1741	0.4468	0.3036
1742	0.4485	0.3047
1743	0.4479	0.3041
1744	0.4477	0.3047
1745	0.4462	0.3029
1746	0.4614	0.3215
1747	0.4467	0.3014
1748	0.4465	0.3024
1749	0.4554	0.3153
1750	0.4456	0.3011
1751	0.4535	0.3128
1752	0.4467	0.3028
1753	0.4501	0.3078
1754	0.4501	0.3075
1755	0.4466	0.3023
1756	0.4495	0.3066
1757	0.4511	0.3089
1758	0.4476	0.3034
1759	0.4501	0.3074
1760	0.4508	0.3078
1761	0.4504	0.3073
1762	0.4452	0.3016
1763	0.4457	0.3023
1764	0.445	0.3004
1765	0.4509	0.3097
1766	0.4462	0.3018
1767	0.4558	0.315
1768	0.4468	0.302
1769	0.4478	0.3047
1770	0.4482	0.3057
1771	0.4484	0.3059
1772	0.4471	0.3037
1773	0.447	0.3024
1774	0.4512	0.3098
1775	0.4459	0.3032
1776	0.4448	0.3008
1777	0.447	0.3035
1778	0.4462	0.3023
1779	0.4449	0.3002
1780	0.4464	0.3023
1781	0.4478	0.3049
1782	0.4462	0.3023
1783	0.4513	0.3098
1784	0.4457	0.3004
1785	0.4464	0.3012
1786	0.4483	0.306
1787	0.4456	0.3013
1788	0.4462	0.3042
1789	0.4521	0.3108
1790	0.4482	0.3055
1791	0.4458	0.3011
1792	0.4547	0.3145
1793	0.4439	0.2999
1794	0.4439	0.3006
1795	0.4564	0.3171
1796	0.4441	0.2995
1797	0.4521	0.3104
1798	0.4443	0.3001
1799	0.4509	0.3094
1800	0.4461	0.3023
1801	0.4441	0.3002
1802	0.4453	0.3016
1803	0.4471	0.3046
1804	0.4447	0.3009
1805	0.4435	0.2993
1806	0.4432	0.298
1807	0.4455	0.3023
1808	0.446	0.3038
1809	0.444	0.3
1810	0.448	0.3056
1811	0.4446	0.3006
1812	0.4435	0.3003
1813	0.4484	0.307
1814	0.4446	0.3014
1815	0.4443	0.3007
1816	0.4485	0.3049
1817	0.4494	0.3071
1818	0.4444	0.3007
1819	0.444	0.3007
1820	0.4487	0.3069
1821	0.4457	0.3016
1822	0.4487	0.3065
1823	0.4439	0.2995
1824	0.4439	0.3006
1825	0.4517	0.3116
1826	0.4426	0.2985
1827	0.4433	0.2995
1828	0.4508	0.3099
1829	0.4463	0.3037
1830	0.4434	0.2994
1831	0.4438	0.2999
1832	0.4463	0.3045
1833	0.4433	0.3008
1834	0.444	0.3013
1835	0.4435	0.3003
1836	0.4477	0.3059
1837	0.4447	0.3018
1838	0.4449	0.3021
1839	0.4432	0.2995
1840	0.4467	0.3046
1841	0.4488	0.307
1842	0.4435	0.2997
1843	0.4512	0.3108
1844	0.4432	0.299
1845	0.4482	0.3062
1846	0.4444	0.3
1847	0.4431	0.2999
1848	0.4488	0.3075
1849	0.444	0.3002
1850	0.4427	0.2993
1851	0.4431	0.2989
1852	0.4471	0.3046
1853	0.4426	0.2996
1854	0.4454	0.3035
1855	0.4459	0.3044
1856	0.442	0.299
1857	0.4432	0.3001
1858	0.4529	0.3133
1859	0.4439	0.3022
1860	0.4435	0.2999
1861	0.4448	0.3029
1862	0.444	0.3021
1863	0.4429	0.2996
1864	0.4468	0.3052
1865	0.4465	0.3044
1866	0.4425	0.2985
1867	0.4506	0.3102
1868	0.4444	0.3018
1869	0.4437	0.3011
1870	0.4428	0.2991
1871	0.4466	0.3049
1872	0.4434	0.3004
1873	0.4443	0.3024
1874	0.4424	0.299
1875	0.4476	0.3059
1876	0.4446	0.3025
1877	0.4427	0.2995
1878	0.4451	0.3034
1879	0.4453	0.3035
1880	0.4418	0.2988
1881	0.4559	0.3169
1882	0.4473	0.3038
1883	0.4423	0.2987
1884	0.4457	0.303
1885	0.4464	0.3044
1886	0.4415	0.2979
1887	0.4426	0.2989
1888	0.4422	0.299
1889	0.4435	0.3013
1890	0.442	0.2985
1891	0.4458	0.3033
1892	0.4412	0.2963
1893	0.4428	0.2981
1894	0.4426	0.2986
1895	0.4435	0.3004
1896	0.442	0.2976
1897	0.4474	0.3059
1898	0.4448	0.3022
1899	0.4411	0.2972
1900	0.4497	0.3088
1901	0.4432	0.2997
1902	0.4404	0.2976
1903	0.4447	0.3039
1904	0.4423	0.2992
1905	0.4429	0.3012
1906	0.4521	0.3125
1907	0.4424	0.3001
1908	0.4408	0.297
1909	0.4462	0.3051
1910	0.4402	0.2964
1911	0.4527	0.3128
1912	0.4397	0.2958
1913	0.4407	0.2969
1914	0.4522	0.3142
1915	0.4416	0.2984
1916	0.4405	0.298
1917	0.4508	0.3124
1918	0.4409	0.2978
1919	0.4423	0.3008
1920	0.4411	0.2977
1921	0.4437	0.3022
1922	0.4419	0.3001
1923	0.4415	0.2983
1924	0.4486	0.3083
1925	0.4434	0.3016
1926	0.4405	0.2982
1927	0.4428	0.3024
1928	0.4408	0.2992
1929	0.4417	0.3
1930	0.4404	0.2975
1931	0.4465	0.3045
1932	0.4415	0.2986
1933	0.4456	0.305
1934	0.4407	0.2982
1935	0.4402	0.2968
1936	0.4395	0.2962
1937	0.4445	0.3038
1938	0.4405	0.2968
1939	0.4407	0.2983
1940	0.4495	0.3106
1941	0.4431	0.3007
1942	0.4414	0.2976
1943	0.4407	0.2981
1944	0.4471	0.3068
1945	0.4404	0.2986
1946	0.4405	0.2971
1947	0.4425	0.301
1948	0.444	0.3018
1949	0.4438	0.3007
1950	0.4527	0.313
1951	0.4422	0.3005
1952	0.4436	0.3005
1953	0.4473	0.3061
1954	0.4408	0.2984
1955	0.4406	0.2978
1956	0.4451	0.3039
1957	0.4401	0.2967
1958	0.4407	0.2974
1959	0.4431	0.3017
1960	0.4416	0.2995
1961	0.4409	0.2992
1962	0.4401	0.2966
1963	0.4404	0.2972
1964	0.4385	0.2961
1965	0.4438	0.3037
1966	0.4429	0.3026
1967	0.4409	0.2985
1968	0.441	0.2986
1969	0.4399	0.2978
1970	0.4394	0.2966
1971	0.4533	0.3151
1972	0.4431	0.2995
1973	0.4398	0.2972
1974	0.444	0.303
1975	0.4404	0.2988
1976	0.4388	0.2969
1977	0.4409	0.2999
1978	0.4438	0.3042
1979	0.4399	0.2969
1980	0.4423	0.3014
1981	0.4482	0.3092
1982	0.4405	0.2985
1983	0.4418	0.3013
1984	0.4438	0.3014
1985	0.4392	0.2964
1986	0.4443	0.3031
1987	0.4402	0.298
1988	0.4416	0.3002
1989	0.4405	0.2994
1990	0.4386	0.2969
1991	0.4424	0.3008
1992	0.44	0.2976
1993	0.4404	0.2971
1994	0.4458	0.3055
1995	0.4389	0.2968
1996	0.4402	0.2971
1997	0.4389	0.296
1998	0.4434	0.3026
1999	0.4411	0.2977
