epoch:	train_RMSD:	train_MAE:
0	6.9227	6.3043
1	6.5571	5.925
2	4.9385	4.2855
3	4.0379	3.4454
4	3.758	3.1989
5	3.5754	3.0409
6	3.4318	2.9148
7	3.3184	2.8122
8	3.2332	2.7292
9	3.1799	2.6704
10	3.1521	2.6322
11	3.1402	2.6096
12	3.1361	2.5973
13	3.135	2.5914
14	3.1348	2.5895
15	3.1348	2.5892
16	3.1348	2.5896
17	3.1349	2.5908
18	3.1349	2.5914
19	3.1351	2.5925
20	3.135	2.5925
21	3.1349	2.5927
22	3.1344	2.591
23	3.1339	2.5907
24	3.1331	2.591
25	3.1313	2.5888
26	3.1282	2.587
27	3.1223	2.5823
28	3.1124	2.5736
29	3.0975	2.5595
30	3.0789	2.54
31	3.0565	2.5209
32	3.0222	2.489
33	2.9805	2.4503
34	2.9342	2.4045
35	2.8826	2.3524
36	2.8097	2.2815
37	2.7308	2.2066
38	2.6091	2.0973
39	2.4928	1.9862
40	2.3796	1.8768
41	2.3033	1.7864
42	2.2464	1.7105
43	2.2054	1.6805
44	2.1778	1.6303
45	2.1571	1.6334
46	2.1329	1.6052
47	2.118	1.5905
48	2.1189	1.6013
49	2.1001	1.5745
50	2.092	1.5672
51	2.0849	1.5633
52	2.0774	1.5493
53	2.0849	1.5678
54	2.0689	1.5458
55	2.069	1.5515
56	2.062	1.5426
57	2.0624	1.5489
58	2.0488	1.5273
59	2.0425	1.5121
60	2.0289	1.503
61	2.018	1.5006
62	2.0081	1.4888
63	1.9973	1.4643
64	1.9866	1.4731
65	1.9463	1.4361
66	1.913	1.4152
67	1.8679	1.3766
68	1.8305	1.348
69	1.875	1.3661
70	1.9271	1.4499
71	1.8249	1.3338
72	1.7956	1.3244
73	1.7756	1.3089
74	1.7514	1.2923
75	1.7519	1.2998
76	1.7283	1.2759
77	1.7251	1.2617
78	1.7197	1.2579
79	1.6944	1.2401
80	1.6795	1.2286
81	1.6714	1.2271
82	1.6476	1.2082
83	1.6401	1.1976
84	1.6189	1.185
85	1.627	1.1962
86	1.5954	1.1659
87	1.6088	1.182
88	1.6066	1.1803
89	1.593	1.1666
90	1.597	1.1729
91	1.5595	1.1401
92	1.5682	1.1462
93	1.5494	1.1367
94	1.5343	1.117
95	1.56	1.1424
96	1.5168	1.1111
97	1.5084	1.1043
98	1.499	1.0935
99	1.5185	1.1071
100	1.4881	1.0837
101	1.4869	1.085
102	1.4711	1.0702
103	1.4989	1.0927
104	1.487	1.0971
105	1.4555	1.0575
106	1.4698	1.0686
107	1.4428	1.0489
108	1.4927	1.0914
109	1.4373	1.043
110	1.4606	1.0607
111	1.4901	1.0856
112	1.4534	1.0559
113	1.437	1.0416
114	1.4417	1.0496
115	1.4651	1.0676
116	1.4188	1.0289
117	1.4431	1.0526
118	1.4095	1.0214
119	1.4172	1.0275
120	1.4608	1.0693
121	1.4223	1.0398
122	1.4492	1.0597
123	1.4074	1.0202
124	1.4543	1.066
125	1.3988	1.0143
126	1.4172	1.0319
127	1.404	1.024
128	1.391	1.0067
129	1.4445	1.0552
130	1.3837	1.0022
131	1.3891	1.0091
132	1.3871	1.0039
133	1.3742	0.9941
134	1.3765	0.9985
135	1.3698	0.9893
136	1.3681	0.9884
137	1.3656	0.9854
138	1.3625	0.9832
139	1.3947	1.0195
140	1.3659	0.9873
141	1.3692	0.9885
142	1.3545	0.9751
143	1.3696	0.9953
144	1.3511	0.9782
145	1.3477	0.9705
146	1.3591	0.9799
147	1.3434	0.9665
148	1.431	1.0492
149	1.3372	0.9649
150	1.3401	0.9664
151	1.3306	0.9582
152	1.3384	0.9656
153	1.3568	0.9811
154	1.3235	0.9519
155	1.3186	0.9478
156	1.3169	0.9446
157	1.3189	0.9454
158	1.3372	0.9635
159	1.327	0.9598
160	1.3058	0.9372
161	1.3283	0.957
162	1.3213	0.9501
163	1.3212	0.9514
164	1.2971	0.9279
165	1.2962	0.9248
166	1.3073	0.941
167	1.2937	0.9284
168	1.284	0.9182
169	1.282	0.9168
170	1.2757	0.9103
171	1.2855	0.9196
172	1.2684	0.9058
173	1.2658	0.9026
174	1.2631	0.9023
175	1.2834	0.9192
176	1.2559	0.8938
177	1.2599	0.8984
178	1.2772	0.9162
179	1.2538	0.899
180	1.2569	0.9013
181	1.2499	0.8931
182	1.261	0.8991
183	1.2997	0.9384
184	1.2326	0.8779
185	1.2506	0.8975
186	1.2287	0.875
187	1.2301	0.8777
188	1.2403	0.8889
189	1.251	0.8965
190	1.2523	0.8971
191	1.2306	0.8797
192	1.2176	0.8704
193	1.2164	0.8693
194	1.2144	0.8674
195	1.2067	0.8619
196	1.2001	0.8563
197	1.2072	0.8613
198	1.1958	0.8519
199	1.2003	0.8573
200	1.194	0.8531
201	1.1988	0.8592
202	1.2109	0.8665
203	1.2113	0.8688
204	1.1921	0.8512
205	1.2501	0.9008
206	1.1931	0.8541
207	1.2077	0.8699
208	1.1795	0.842
209	1.2028	0.8653
210	1.1772	0.8409
211	1.166	0.831
212	1.1697	0.8356
213	1.1647	0.8314
214	1.1612	0.83
215	1.1812	0.8497
216	1.1559	0.8244
217	1.1978	0.865
218	1.146	0.8163
219	1.1474	0.8179
220	1.1553	0.8246
221	1.1581	0.8302
222	1.1388	0.8106
223	1.1363	0.8113
224	1.1509	0.8267
225	1.1405	0.816
226	1.127	0.8033
227	1.1216	0.7992
228	1.1203	0.7985
229	1.1179	0.7974
230	1.1294	0.8056
231	1.1194	0.7986
232	1.1412	0.8238
233	1.147	0.8278
234	1.1045	0.7852
235	1.1052	0.788
236	1.1339	0.8151
237	1.1042	0.7884
238	1.0986	0.785
239	1.0887	0.7726
240	1.0905	0.777
241	1.0841	0.769
242	1.0805	0.7672
243	1.104	0.7932
244	1.1198	0.8128
245	1.0915	0.7826
246	1.0732	0.7659
247	1.0642	0.7565
248	1.0629	0.7568
249	1.0682	0.7587
250	1.0533	0.7495
251	1.0493	0.7434
252	1.0579	0.7522
253	1.1003	0.7928
254	1.0645	0.7588
255	1.0626	0.7613
256	1.0572	0.7528
257	1.06	0.757
258	1.1004	0.8054
259	1.0337	0.7332
260	1.0324	0.7304
261	1.0755	0.771
262	1.0349	0.7322
263	1.0254	0.7232
264	1.0631	0.7626
265	1.0229	0.7236
266	1.0348	0.7376
267	1.0192	0.7188
268	1.0182	0.7233
269	1.0078	0.7116
270	1.014	0.7203
271	1.0178	0.7223
272	1.0324	0.7395
273	1.0025	0.7041
274	1.0107	0.7152
275	1.01	0.7138
276	1.0047	0.7084
277	1.0039	0.71
278	0.996	0.7055
279	0.9944	0.7007
280	0.9912	0.7003
281	0.9845	0.6907
282	0.9827	0.6895
283	0.9848	0.695
284	0.98	0.6871
285	0.9862	0.6967
286	0.9798	0.6874
287	0.98	0.6904
288	0.9821	0.6927
289	0.9809	0.6899
290	0.9775	0.6865
291	1.0029	0.7157
292	0.9748	0.6829
293	0.9764	0.6891
294	0.9653	0.6742
295	0.9639	0.6764
296	0.9765	0.69
297	0.9796	0.6934
298	0.9936	0.7133
299	0.9727	0.6866
300	0.9634	0.6779
301	0.9561	0.6688
302	0.9595	0.6759
303	0.9557	0.6685
304	0.9698	0.685
305	0.966	0.681
306	0.9859	0.7057
307	0.9587	0.6759
308	0.9486	0.6645
309	0.9536	0.6692
310	0.9541	0.6712
311	0.9459	0.6626
312	0.943	0.6601
313	0.9481	0.667
314	0.9479	0.665
315	0.9415	0.6587
316	0.9502	0.668
317	1.0622	0.7858
318	0.9622	0.6862
319	0.9574	0.6756
320	0.9654	0.6837
321	0.9356	0.6568
322	0.9355	0.6531
323	0.9539	0.6733
324	0.9303	0.6496
325	0.9396	0.6602
326	0.9206	0.6403
327	0.9288	0.6511
328	0.9204	0.6425
329	0.9259	0.6459
330	0.9287	0.6533
331	0.926	0.6477
332	0.924	0.6494
333	0.9136	0.638
334	0.9138	0.6371
335	0.9103	0.6337
336	0.9152	0.6396
337	0.9152	0.6393
338	0.9215	0.6477
339	0.9084	0.6318
340	0.9051	0.6299
341	0.9078	0.6309
342	0.9099	0.6339
343	0.9167	0.6446
344	0.9102	0.6376
345	0.9072	0.6344
346	0.9036	0.6316
347	0.8966	0.6236
348	0.8982	0.6255
349	0.8935	0.6213
350	0.9089	0.636
351	0.9075	0.6373
352	0.889	0.6211
353	0.8979	0.6287
354	0.8972	0.628
355	0.8864	0.6187
356	0.8852	0.6156
357	0.9056	0.6374
358	0.9421	0.6752
359	0.902	0.6349
360	0.8947	0.6299
361	0.8912	0.6255
362	0.8979	0.6306
363	0.8837	0.6169
364	0.8806	0.6157
365	0.8785	0.6126
366	0.8973	0.6293
367	0.8783	0.609
368	0.8861	0.6181
369	0.9066	0.6379
370	0.906	0.634
371	0.8771	0.6091
372	0.8943	0.634
373	0.8667	0.5994
374	0.869	0.6052
375	0.8713	0.6037
376	0.8681	0.6
377	0.8732	0.6071
378	0.8898	0.6248
379	0.8864	0.6207
380	0.8846	0.6225
381	0.8572	0.5929
382	0.8676	0.6086
383	0.8793	0.6175
384	0.9077	0.6531
385	0.8601	0.5948
386	0.8497	0.5895
387	0.8581	0.5923
388	0.8983	0.6324
389	0.8546	0.5899
390	0.8673	0.6098
391	0.8548	0.5937
392	0.8751	0.6163
393	0.8601	0.5993
394	0.8534	0.5945
395	0.8669	0.6081
396	0.8509	0.5928
397	0.8421	0.5801
398	0.8396	0.5803
399	0.8448	0.5852
400	0.8451	0.5855
401	0.8374	0.5778
402	0.841	0.5849
403	0.8441	0.583
404	0.8366	0.5798
405	0.8497	0.5863
406	0.8377	0.5777
407	0.8324	0.5724
408	0.8373	0.5774
409	0.8489	0.5955
410	0.85	0.5919
411	0.839	0.584
412	0.8441	0.5905
413	0.8394	0.5823
414	0.8322	0.5805
415	0.8252	0.5671
416	0.822	0.5686
417	0.8198	0.5621
418	0.8343	0.5818
419	0.8188	0.5627
420	0.8163	0.5602
421	0.8302	0.5794
422	0.8144	0.559
423	0.8275	0.5762
424	0.8271	0.5729
425	0.8155	0.5615
426	0.8173	0.5631
427	0.8198	0.5619
428	0.8258	0.5725
429	0.8314	0.5778
430	0.8133	0.5583
431	0.8196	0.5612
432	0.8406	0.5853
433	0.8511	0.5965
434	0.8087	0.5522
435	0.807	0.5549
436	0.8053	0.5517
437	0.8035	0.553
438	0.8322	0.583
439	0.8157	0.5617
440	0.8094	0.552
441	0.8361	0.5841
442	0.8496	0.5972
443	0.8387	0.5862
444	0.8097	0.5519
445	0.8078	0.5547
446	0.8123	0.5662
447	0.806	0.5562
448	0.8004	0.5472
449	0.7942	0.5434
450	0.8067	0.5557
451	0.8185	0.5679
452	0.7948	0.5446
453	0.8248	0.5712
454	0.7946	0.5412
455	0.8011	0.5479
456	0.7887	0.5405
457	0.7911	0.5419
458	0.7979	0.5491
459	0.7888	0.5366
460	0.7882	0.5423
461	0.807	0.5645
462	0.7927	0.5427
463	0.79	0.5407
464	0.7881	0.5399
465	0.7956	0.5488
466	0.8178	0.5711
467	0.8673	0.6281
468	0.8135	0.5664
469	0.7943	0.553
470	0.8056	0.5624
471	0.7993	0.5591
472	0.819	0.5754
473	0.7994	0.5579
474	0.7857	0.5376
475	0.796	0.5549
476	0.7848	0.5388
477	0.7961	0.5497
478	0.8014	0.5565
479	0.7815	0.5343
480	0.7752	0.5294
481	0.7911	0.5468
482	0.7692	0.5244
483	0.7927	0.553
484	0.776	0.5316
485	0.7733	0.5284
486	0.7932	0.5528
487	0.8179	0.5782
488	0.7835	0.5417
489	0.7636	0.5187
490	0.7696	0.5227
491	0.7647	0.5227
492	0.7699	0.5256
493	0.7732	0.5315
494	0.779	0.528
495	0.7674	0.5283
496	0.7692	0.5291
497	0.7693	0.5226
498	0.761	0.517
499	0.7693	0.5236
500	0.758	0.5178
501	0.7641	0.5206
502	0.7638	0.5205
503	0.7677	0.5258
504	0.8338	0.5978
505	0.7684	0.5314
506	0.7694	0.5345
507	0.7654	0.5274
508	0.7891	0.5535
509	0.7698	0.5334
510	0.7605	0.525
511	0.7675	0.5307
512	0.7575	0.5212
513	0.7575	0.5158
514	0.7556	0.5137
515	0.7534	0.5123
516	0.7523	0.5141
517	0.751	0.5132
518	0.7541	0.5172
519	0.7603	0.5267
520	0.7784	0.5433
521	0.7667	0.5324
522	0.7792	0.5436
523	0.7638	0.5287
524	0.7745	0.5375
525	0.7513	0.5192
526	0.7594	0.5238
527	0.7537	0.5195
528	0.7614	0.5302
529	0.7645	0.5294
530	0.7517	0.5188
531	0.7457	0.511
532	0.7439	0.5114
533	0.7456	0.5103
534	0.7544	0.5239
535	0.7405	0.506
536	0.7389	0.5046
537	0.7328	0.497
538	0.7393	0.5038
539	0.7542	0.5211
540	0.7483	0.5182
541	0.7554	0.5227
542	0.7392	0.5034
543	0.7414	0.507
544	0.7546	0.5239
545	0.7358	0.5021
546	0.7317	0.4994
547	0.7428	0.5116
548	0.7271	0.4912
549	0.7313	0.4973
550	0.7266	0.4941
551	0.7337	0.4999
552	0.7278	0.4947
553	0.7331	0.5001
554	0.7603	0.5328
555	0.7733	0.5482
556	0.7513	0.5215
557	0.7354	0.5028
558	0.7272	0.5002
559	0.7593	0.538
560	0.7616	0.536
561	0.74	0.5097
562	0.727	0.497
563	0.7264	0.4966
564	0.7345	0.5046
565	0.7432	0.5162
566	0.7247	0.4932
567	0.7241	0.4946
568	0.7255	0.4951
569	0.7182	0.4862
570	0.7258	0.4987
571	0.7263	0.4926
572	0.7316	0.5033
573	0.7275	0.5012
574	0.7265	0.5009
575	0.7185	0.4886
576	0.7121	0.4817
577	0.7132	0.4856
578	0.7298	0.5057
579	0.7227	0.4963
580	0.7078	0.4806
581	0.7175	0.4971
582	0.7205	0.4962
583	0.7171	0.4917
584	0.7134	0.4881
585	0.717	0.4881
586	0.7202	0.499
587	0.7112	0.4875
588	0.7229	0.4926
589	0.7132	0.4911
590	0.7088	0.4846
591	0.7102	0.4864
592	0.7081	0.4826
593	0.7076	0.4856
594	0.7355	0.5146
595	0.7143	0.4927
596	0.721	0.5022
597	0.7249	0.5066
598	0.7141	0.4887
599	0.7024	0.4815
600	0.703	0.4803
601	0.7049	0.4839
602	0.7023	0.4794
603	0.7079	0.4844
604	0.7181	0.4989
605	0.703	0.4801
606	0.7009	0.4793
607	0.6989	0.4809
608	0.7015	0.4815
609	0.6971	0.4729
610	0.7024	0.4828
611	0.701	0.4822
612	0.7013	0.4833
613	0.7275	0.5027
614	0.7686	0.5539
615	0.7433	0.5206
616	0.696	0.4772
617	0.7037	0.4889
618	0.703	0.487
619	0.697	0.4808
620	0.7007	0.4828
621	0.7023	0.4837
622	0.7153	0.4931
623	0.6912	0.4726
624	0.6907	0.4739
625	0.6863	0.4684
626	0.7048	0.4879
627	0.7149	0.492
628	0.6946	0.4781
629	0.6961	0.4794
630	0.6783	0.4617
631	0.6871	0.4737
632	0.6793	0.4636
633	0.6782	0.4631
634	0.6831	0.4699
635	0.6781	0.4618
636	0.6982	0.4846
637	0.6824	0.4661
638	0.6862	0.4716
639	0.6847	0.4734
640	0.6837	0.4695
641	0.6947	0.4848
642	0.6788	0.4638
643	0.6731	0.4611
644	0.6764	0.4612
645	0.7081	0.5015
646	0.6931	0.4846
647	0.6832	0.4742
648	0.676	0.4638
649	0.685	0.4757
650	0.6801	0.47
651	0.6648	0.4526
652	0.6783	0.4661
653	0.6946	0.4811
654	0.7123	0.5096
655	0.6768	0.462
656	0.6673	0.456
657	0.6731	0.4637
658	0.6677	0.4597
659	0.6674	0.4551
660	0.6883	0.4843
661	0.7013	0.4988
662	0.687	0.4786
663	0.6699	0.4605
664	0.6701	0.4628
665	0.6663	0.4553
666	0.6718	0.4665
667	0.6832	0.4725
668	0.7105	0.4967
669	0.6673	0.4569
670	0.6763	0.4684
671	0.6674	0.4638
672	0.6626	0.4535
673	0.6704	0.4616
674	0.6687	0.462
675	0.6713	0.4647
676	0.6624	0.4571
677	0.674	0.4668
678	0.6592	0.452
679	0.6613	0.4564
680	0.655	0.4481
681	0.6539	0.4454
682	0.6573	0.4511
683	0.6662	0.4619
684	0.6779	0.4781
685	0.6764	0.4759
686	0.6935	0.4853
687	0.6682	0.4572
688	0.6581	0.4508
689	0.6667	0.4595
690	0.6629	0.4586
691	0.651	0.445
692	0.679	0.4718
693	0.6828	0.4789
694	0.687	0.4864
695	0.6685	0.4642
696	0.6516	0.4509
697	0.6622	0.4572
698	0.6482	0.4426
699	0.6706	0.4678
700	0.6657	0.4625
701	0.6598	0.4577
702	0.6535	0.4476
703	0.6492	0.4488
704	0.6486	0.4453
705	0.6985	0.4984
706	0.6918	0.4934
707	0.6787	0.4744
708	0.6502	0.4453
709	0.6479	0.4456
710	0.6464	0.4418
711	0.6669	0.4691
712	0.6518	0.4475
713	0.6447	0.4417
714	0.6386	0.4345
715	0.6457	0.4433
716	0.6562	0.4559
717	0.6442	0.4435
718	0.6593	0.4609
719	0.6455	0.4423
720	0.6545	0.4562
721	0.6524	0.4558
722	0.6355	0.4347
723	0.6436	0.4429
724	0.645	0.441
725	0.648	0.4457
726	0.6542	0.4534
727	0.6359	0.4339
728	0.6543	0.4536
729	0.6463	0.4433
730	0.6442	0.4442
731	0.6376	0.4362
732	0.6446	0.4477
733	0.64	0.4418
734	0.6454	0.4424
735	0.636	0.4358
736	0.6316	0.4323
737	0.6373	0.4364
738	0.639	0.4388
739	0.633	0.4361
740	0.6341	0.437
741	0.648	0.4522
742	0.6853	0.4973
743	0.6418	0.4444
744	0.641	0.4438
745	0.6331	0.4346
746	0.6314	0.4314
747	0.6447	0.4471
748	0.6386	0.4443
749	0.6589	0.4635
750	0.6478	0.4518
751	0.6327	0.4354
752	0.6312	0.4357
753	0.6279	0.4311
754	0.6392	0.4404
755	0.628	0.4324
756	0.6262	0.4289
757	0.6238	0.4268
758	0.6257	0.4273
759	0.6269	0.4318
760	0.6228	0.4239
761	0.6261	0.4298
762	0.6385	0.4447
763	0.6403	0.4493
764	0.625	0.4267
765	0.6259	0.4249
766	0.6296	0.4304
767	0.6272	0.4293
768	0.6371	0.4448
769	0.6478	0.4588
770	0.6315	0.4359
771	0.6272	0.431
772	0.6181	0.4213
773	0.6234	0.4268
774	0.6392	0.4474
775	0.6195	0.4234
776	0.6383	0.4466
777	0.6329	0.4413
778	0.6217	0.4264
779	0.6372	0.4455
780	0.6245	0.431
781	0.6511	0.4635
782	0.6329	0.4398
783	0.6187	0.4243
784	0.6213	0.4232
785	0.6227	0.4284
786	0.6233	0.4285
787	0.6131	0.4167
788	0.6141	0.4212
789	0.6791	0.4942
790	0.6695	0.4758
791	0.6166	0.4227
792	0.6154	0.4222
793	0.6202	0.4284
794	0.6161	0.4257
795	0.6132	0.4193
796	0.615	0.4226
797	0.6146	0.4211
798	0.614	0.4237
799	0.6113	0.4191
800	0.6227	0.433
801	0.6109	0.4189
802	0.6151	0.4236
803	0.6197	0.4233
804	0.6314	0.4373
805	0.6134	0.4195
806	0.6133	0.4244
807	0.6161	0.426
808	0.6352	0.4414
809	0.6137	0.4202
810	0.6242	0.4303
811	0.6117	0.4184
812	0.606	0.4169
813	0.6084	0.418
814	0.6138	0.4208
815	0.6117	0.4193
816	0.6075	0.4155
817	0.6057	0.4188
818	0.6059	0.4162
819	0.6152	0.4245
820	0.6033	0.4104
821	0.5991	0.4083
822	0.6012	0.4106
823	0.6033	0.4126
824	0.6535	0.4673
825	0.6641	0.4769
826	0.6186	0.4272
827	0.6053	0.416
828	0.6139	0.4236
829	0.6083	0.4202
830	0.6083	0.4214
831	0.6292	0.4407
832	0.6113	0.4211
833	0.6047	0.4146
834	0.6081	0.4206
835	0.6035	0.4143
836	0.6128	0.4259
837	0.6069	0.4156
838	0.6016	0.4107
839	0.6028	0.4128
840	0.6342	0.4534
841	0.6165	0.4273
842	0.6071	0.4192
843	0.6077	0.4186
844	0.6055	0.4178
845	0.6017	0.4096
846	0.601	0.4129
847	0.6072	0.4184
848	0.5945	0.4056
849	0.5934	0.4039
850	0.5941	0.4057
851	0.5936	0.4059
852	0.6238	0.4435
853	0.604	0.4174
854	0.6073	0.4205
855	0.6062	0.4197
856	0.5928	0.4067
857	0.5922	0.4044
858	0.6033	0.418
859	0.599	0.4122
860	0.595	0.4058
861	0.6048	0.4205
862	0.6027	0.4182
863	0.5922	0.4049
864	0.6481	0.4666
865	0.5952	0.4108
866	0.598	0.4124
867	0.6038	0.4172
868	0.6032	0.4191
869	0.5965	0.4085
870	0.5901	0.406
871	0.5882	0.4033
872	0.5815	0.3947
873	0.5862	0.4011
874	0.6581	0.4788
875	0.5893	0.3998
876	0.6057	0.4241
877	0.6121	0.4359
878	0.5975	0.4133
879	0.5818	0.3974
880	0.5931	0.4067
881	0.5922	0.4062
882	0.5888	0.4025
883	0.5865	0.4013
884	0.597	0.4135
885	0.5891	0.4064
886	0.5806	0.396
887	0.61	0.4313
888	0.6141	0.4323
889	0.5899	0.4049
890	0.6019	0.4197
891	0.5855	0.4008
892	0.5833	0.399
893	0.5817	0.3987
894	0.6066	0.4229
895	0.5846	0.402
896	0.5776	0.3917
897	0.5742	0.389
898	0.5848	0.4026
899	0.5837	0.4017
900	0.5731	0.388
901	0.5807	0.3966
902	0.5941	0.4167
903	0.5832	0.3983
904	0.5814	0.3989
905	0.5779	0.3944
906	0.5833	0.3991
907	0.6029	0.4227
908	0.6099	0.4323
909	0.5741	0.3927
910	0.5765	0.3902
911	0.5764	0.3932
912	0.5819	0.3979
913	0.5784	0.3982
914	0.5883	0.4085
915	0.5801	0.3996
916	0.5705	0.3899
917	0.5903	0.4105
918	0.5744	0.3919
919	0.6043	0.4266
920	0.5814	0.3983
921	0.5737	0.3927
922	0.5887	0.4115
923	0.5702	0.3916
924	0.5691	0.3855
925	0.5742	0.3948
926	0.5745	0.3939
927	0.5831	0.4014
928	0.5866	0.4083
929	0.5888	0.4117
930	0.5698	0.3887
931	0.5868	0.4054
932	0.5746	0.3944
933	0.5991	0.4231
934	0.6136	0.4344
935	0.607	0.4316
936	0.6085	0.4272
937	0.5673	0.3859
938	0.5766	0.4017
939	0.5742	0.3921
940	0.5759	0.3965
941	0.5658	0.3853
942	0.5962	0.4187
943	0.5769	0.3953
944	0.5622	0.3848
945	0.5783	0.3989
946	0.5683	0.3882
947	0.5696	0.3914
948	0.5849	0.4117
949	0.5694	0.39
950	0.5648	0.3837
951	0.5634	0.3818
952	0.5624	0.3827
953	0.5696	0.3916
954	0.5949	0.417
955	0.5749	0.3947
956	0.5624	0.3831
957	0.5677	0.3884
958	0.5661	0.3897
959	0.5665	0.3877
960	0.5771	0.3997
961	0.5736	0.3982
962	0.6362	0.4671
963	0.5885	0.4092
964	0.5742	0.3949
965	0.5633	0.3831
966	0.5706	0.3944
967	0.5811	0.4066
968	0.56	0.3808
969	0.5747	0.3979
970	0.5628	0.3822
971	0.5584	0.3795
972	0.5615	0.3837
973	0.5636	0.3852
974	0.5639	0.3878
975	0.5652	0.3864
976	0.5574	0.3757
977	0.5657	0.3859
978	0.5736	0.3948
979	0.5637	0.3847
980	0.5601	0.3835
981	0.5952	0.4233
982	0.5913	0.4208
983	0.5631	0.3865
984	0.5731	0.396
985	0.5656	0.3884
986	0.6043	0.4302
987	0.5635	0.3882
988	0.568	0.3936
989	0.5699	0.3937
990	0.5699	0.3913
991	0.5803	0.4027
992	0.5729	0.3939
993	0.5767	0.3985
994	0.6132	0.4385
995	0.5952	0.4255
996	0.5729	0.399
997	0.5545	0.377
998	0.5471	0.3693
999	0.5514	0.3745
1000	0.5542	0.3785
1001	0.5532	0.3763
1002	0.5602	0.3835
1003	0.5521	0.3751
1004	0.5479	0.3722
1005	0.5703	0.3929
1006	0.575	0.4005
1007	0.5636	0.3858
1008	0.5537	0.3815
1009	0.5779	0.4027
1010	0.554	0.3769
1011	0.5537	0.378
1012	0.5437	0.3652
1013	0.5543	0.3788
1014	0.5643	0.3869
1015	0.5452	0.3688
1016	0.5587	0.3835
1017	0.5694	0.3951
1018	0.5516	0.3768
1019	0.5557	0.3802
1020	0.5569	0.3835
1021	0.5503	0.3766
1022	0.5489	0.3769
1023	0.5547	0.38
1024	0.5468	0.3712
1025	0.565	0.3886
1026	0.5452	0.368
1027	0.5539	0.3762
1028	0.5476	0.371
1029	0.5539	0.379
1030	0.5723	0.4036
1031	0.5475	0.3707
1032	0.5537	0.3803
1033	0.5775	0.4062
1034	0.5497	0.3767
1035	0.5433	0.3662
1036	0.5526	0.3801
1037	0.56	0.3841
1038	0.557	0.3832
1039	0.5681	0.3952
1040	0.5668	0.3959
1041	0.5491	0.3766
1042	0.5611	0.3867
1043	0.5477	0.3713
1044	0.549	0.3761
1045	0.5418	0.367
1046	0.5496	0.3751
1047	0.5618	0.3879
1048	0.5637	0.391
1049	0.5492	0.3764
1050	0.5409	0.3683
1051	0.5429	0.3661
1052	0.543	0.3722
1053	0.5607	0.3918
1054	0.5413	0.3691
1055	0.5408	0.3695
1056	0.5426	0.3695
1057	0.5365	0.3622
1058	0.5382	0.363
1059	0.5402	0.3651
1060	0.5517	0.3807
1061	0.5359	0.3622
1062	0.5485	0.376
1063	0.5832	0.4109
1064	0.539	0.368
1065	0.5395	0.3641
1066	0.5397	0.3663
1067	0.5355	0.3606
1068	0.5327	0.3577
1069	0.5605	0.3898
1070	0.5544	0.3833
1071	0.5434	0.371
1072	0.564	0.395
1073	0.5357	0.3637
1074	0.5371	0.3652
1075	0.5335	0.3595
1076	0.5669	0.4021
1077	0.5382	0.3656
1078	0.5292	0.3577
1079	0.5399	0.3668
1080	0.5312	0.358
1081	0.5732	0.4028
1082	0.5793	0.4117
1083	0.5502	0.3799
1084	0.5321	0.3608
1085	0.5418	0.3677
1086	0.5365	0.3601
1087	0.548	0.3797
1088	0.5476	0.3771
1089	0.5331	0.3621
1090	0.5278	0.355
1091	0.5616	0.3938
1092	0.5341	0.3603
1093	0.5268	0.3552
1094	0.5298	0.3572
1095	0.5307	0.3581
1096	0.5317	0.3599
1097	0.5341	0.364
1098	0.5317	0.3619
1099	0.5283	0.3541
1100	0.5874	0.4212
1101	0.5492	0.3786
1102	0.5378	0.3683
1103	0.5324	0.3598
1104	0.531	0.3597
1105	0.5394	0.3689
1106	0.5344	0.3659
1107	0.5439	0.3719
1108	0.5271	0.3569
1109	0.5303	0.3597
1110	0.5676	0.4018
1111	0.535	0.3648
1112	0.5289	0.3559
1113	0.5397	0.368
1114	0.5462	0.3752
1115	0.5531	0.3852
1116	0.5298	0.3594
1117	0.535	0.3677
1118	0.5399	0.369
1119	0.5282	0.3563
1120	0.5462	0.3793
1121	0.5307	0.3625
1122	0.5355	0.3662
1123	0.529	0.3573
1124	0.5309	0.3615
1125	0.5595	0.3936
1126	0.5319	0.362
1127	0.5552	0.39
1128	0.5415	0.3727
1129	0.5349	0.3682
1130	0.5824	0.4258
1131	0.5505	0.3798
1132	0.5252	0.3562
1133	0.5325	0.367
1134	0.5267	0.3566
1135	0.5366	0.3671
1136	0.5345	0.3649
1137	0.5291	0.3608
1138	0.535	0.3682
1139	0.5434	0.3784
1140	0.5271	0.3559
1141	0.526	0.3595
1142	0.5303	0.361
1143	0.5265	0.3572
1144	0.5243	0.3546
1145	0.5199	0.3514
1146	0.579	0.4213
1147	0.5642	0.4012
1148	0.5254	0.3551
1149	0.5317	0.3661
1150	0.525	0.356
1151	0.5218	0.3533
1152	0.5233	0.3572
1153	0.5261	0.3565
1154	0.5305	0.3611
1155	0.5463	0.3787
1156	0.5272	0.3577
1157	0.5222	0.3541
1158	0.5291	0.3625
1159	0.5257	0.3589
1160	0.5184	0.3499
1161	0.5109	0.341
1162	0.5205	0.3518
1163	0.5287	0.3656
1164	0.515	0.3454
1165	0.5157	0.3454
1166	0.5161	0.3497
1167	0.5102	0.3407
1168	0.5197	0.3513
1169	0.5168	0.3505
1170	0.5143	0.3488
1171	0.5159	0.3495
1172	0.5249	0.3584
1173	0.5426	0.382
1174	0.5236	0.3565
1175	0.5136	0.344
1176	0.5117	0.3421
1177	0.5204	0.3539
1178	0.5198	0.3502
1179	0.542	0.3804
1180	0.528	0.3616
1181	0.5209	0.3532
1182	0.5197	0.3507
1183	0.5455	0.3852
1184	0.5226	0.3545
1185	0.5287	0.3631
1186	0.5344	0.3677
1187	0.5144	0.35
1188	0.523	0.3597
1189	0.5159	0.349
1190	0.5103	0.3433
1191	0.5209	0.352
1192	0.5358	0.3723
1193	0.5141	0.3491
1194	0.513	0.3473
1195	0.5227	0.3545
1196	0.5125	0.3468
1197	0.5272	0.3615
1198	0.5609	0.3958
1199	0.5256	0.3609
1200	0.5297	0.363
1201	0.533	0.3676
1202	0.5171	0.3517
1203	0.5241	0.3571
1204	0.5196	0.3527
1205	0.5152	0.3503
1206	0.5347	0.3751
1207	0.5162	0.3516
1208	0.5099	0.3459
1209	0.5219	0.3565
1210	0.5158	0.3482
1211	0.5127	0.3482
1212	0.5084	0.3429
1213	0.512	0.344
1214	0.509	0.3437
1215	0.5054	0.3411
1216	0.517	0.3502
1217	0.508	0.3411
1218	0.5062	0.3401
1219	0.5066	0.3397
1220	0.5194	0.3549
1221	0.5107	0.347
1222	0.5259	0.3626
1223	0.5036	0.3367
1224	0.5297	0.3699
1225	0.5167	0.3556
1226	0.5124	0.348
1227	0.5085	0.3418
1228	0.5078	0.3431
1229	0.5104	0.345
1230	0.529	0.3651
1231	0.5123	0.3458
1232	0.5694	0.4071
1233	0.5352	0.3724
1234	0.5408	0.3806
1235	0.5099	0.345
1236	0.5133	0.3494
1237	0.5073	0.3419
1238	0.5106	0.3455
1239	0.509	0.3449
1240	0.508	0.3419
1241	0.5025	0.3379
1242	0.5214	0.3597
1243	0.5166	0.3562
1244	0.5058	0.3409
1245	0.5168	0.3518
1246	0.5078	0.3432
1247	0.5004	0.3367
1248	0.5163	0.3545
1249	0.5065	0.3416
1250	0.5082	0.3452
1251	0.5371	0.3732
1252	0.5041	0.3404
1253	0.5474	0.3892
1254	0.5236	0.3651
1255	0.511	0.346
1256	0.5024	0.3396
1257	0.5099	0.3439
1258	0.5096	0.3478
1259	0.4993	0.3345
1260	0.501	0.3372
1261	0.5059	0.3433
1262	0.536	0.3807
1263	0.5046	0.3423
1264	0.5636	0.4042
1265	0.5305	0.3695
1266	0.52	0.3595
1267	0.509	0.3434
1268	0.5074	0.3431
1269	0.505	0.3414
1270	0.4945	0.3297
1271	0.4993	0.3371
1272	0.5104	0.3483
1273	0.5005	0.3375
1274	0.5	0.3345
1275	0.501	0.3382
1276	0.5283	0.3708
1277	0.5139	0.3545
1278	0.5039	0.3416
1279	0.528	0.3684
1280	0.515	0.3536
1281	0.4944	0.3285
1282	0.5146	0.3555
1283	0.4984	0.3341
1284	0.497	0.3355
1285	0.4963	0.3349
1286	0.505	0.3415
1287	0.4984	0.3361
1288	0.5154	0.3585
1289	0.5022	0.3386
1290	0.5006	0.3361
1291	0.5107	0.348
1292	0.4975	0.3345
1293	0.5087	0.3479
1294	0.53	0.3748
1295	0.5062	0.3433
1296	0.5233	0.3649
1297	0.5233	0.3662
1298	0.5138	0.3567
1299	0.5011	0.3422
1300	0.5	0.3374
1301	0.491	0.3288
1302	0.5072	0.3493
1303	0.5026	0.3426
1304	0.4943	0.3358
1305	0.4981	0.3369
1306	0.5155	0.3526
1307	0.5181	0.3619
1308	0.5138	0.3547
1309	0.4919	0.3315
1310	0.4993	0.3379
1311	0.4978	0.3387
1312	0.4976	0.3355
1313	0.5112	0.3512
1314	0.5271	0.3666
1315	0.5182	0.3614
1316	0.5208	0.3627
1317	0.5064	0.3505
1318	0.5121	0.3519
1319	0.4919	0.3325
1320	0.4959	0.3334
1321	0.4979	0.3378
1322	0.5091	0.3482
1323	0.5089	0.3502
1324	0.5147	0.3565
1325	0.487	0.3259
1326	0.4999	0.3372
1327	0.5029	0.3437
1328	0.4911	0.3294
1329	0.4876	0.328
1330	0.4952	0.334
1331	0.5011	0.3447
1332	0.5034	0.3422
1333	0.5167	0.3639
1334	0.4892	0.3272
1335	0.4976	0.3377
1336	0.4964	0.3365
1337	0.4948	0.3357
1338	0.5057	0.3476
1339	0.4895	0.3301
1340	0.4929	0.3334
1341	0.4894	0.3307
1342	0.4846	0.3256
1343	0.4956	0.3347
1344	0.5234	0.3667
1345	0.499	0.3425
1346	0.4914	0.331
1347	0.5025	0.3443
1348	0.4962	0.3394
1349	0.4908	0.3329
1350	0.4964	0.3396
1351	0.5033	0.3439
1352	0.4912	0.3347
1353	0.4865	0.3259
1354	0.4949	0.3361
1355	0.4982	0.339
1356	0.4937	0.3358
1357	0.4984	0.3404
1358	0.4874	0.3287
1359	0.4971	0.3408
1360	0.492	0.3369
1361	0.4936	0.3337
1362	0.4825	0.3235
1363	0.4961	0.3375
1364	0.4913	0.3339
1365	0.4994	0.3429
1366	0.4903	0.3324
1367	0.4891	0.3326
1368	0.4867	0.3267
1369	0.5162	0.3599
1370	0.5035	0.3494
1371	0.4923	0.3353
1372	0.5092	0.3557
1373	0.5008	0.3401
1374	0.4839	0.3254
1375	0.5122	0.3589
1376	0.4884	0.3334
1377	0.4964	0.3408
1378	0.4782	0.3185
1379	0.4783	0.3189
1380	0.4872	0.3316
1381	0.4795	0.3213
1382	0.4822	0.3237
1383	0.4874	0.3283
1384	0.4811	0.325
1385	0.4947	0.3396
1386	0.488	0.3329
1387	0.4868	0.3305
1388	0.483	0.3246
1389	0.4916	0.3328
1390	0.5185	0.3703
1391	0.487	0.3288
1392	0.5051	0.3497
1393	0.4913	0.3342
1394	0.481	0.3213
1395	0.4825	0.3256
1396	0.4855	0.3293
1397	0.4872	0.3306
1398	0.4937	0.3389
1399	0.4784	0.3196
1400	0.4963	0.342
1401	0.4948	0.3399
1402	0.4966	0.3401
1403	0.4825	0.3252
1404	0.484	0.3292
1405	0.4894	0.3379
1406	0.484	0.3287
1407	0.4987	0.3437
1408	0.4779	0.3204
1409	0.4811	0.3256
1410	0.4813	0.3245
1411	0.4812	0.3237
1412	0.5137	0.3659
1413	0.4975	0.3431
1414	0.4927	0.3363
1415	0.4842	0.327
1416	0.4986	0.3446
1417	0.5152	0.3629
1418	0.4893	0.3352
1419	0.5051	0.3504
1420	0.4939	0.3384
1421	0.4939	0.3381
1422	0.4775	0.3193
1423	0.4766	0.3222
1424	0.4908	0.3399
1425	0.4855	0.3305
1426	0.481	0.3262
1427	0.4819	0.3278
1428	0.4838	0.333
1429	0.5133	0.3616
1430	0.4888	0.3314
1431	0.514	0.3629
1432	0.4867	0.3344
1433	0.474	0.3187
1434	0.4729	0.3162
1435	0.495	0.3435
1436	0.4816	0.3277
1437	0.4887	0.3364
1438	0.4796	0.3251
1439	0.4734	0.3169
1440	0.4714	0.3155
1441	0.476	0.3215
1442	0.4764	0.3221
1443	0.4707	0.3149
1444	0.4713	0.3183
1445	0.4859	0.3326
1446	0.4918	0.3431
1447	0.4771	0.3225
1448	0.4738	0.3181
1449	0.4736	0.3172
1450	0.477	0.3236
1451	0.4742	0.3173
1452	0.4924	0.3422
1453	0.4906	0.3414
1454	0.4833	0.3316
1455	0.4882	0.3351
1456	0.4726	0.3194
1457	0.481	0.3286
1458	0.4714	0.3175
1459	0.4723	0.3175
1460	0.5052	0.3554
1461	0.475	0.3194
1462	0.4702	0.3171
1463	0.4695	0.3152
1464	0.4779	0.3264
1465	0.4816	0.331
1466	0.4709	0.3169
1467	0.4777	0.3241
1468	0.4681	0.3141
1469	0.4691	0.3147
1470	0.4917	0.3396
1471	0.4742	0.3214
1472	0.4805	0.3275
1473	0.4672	0.3143
1474	0.475	0.3206
1475	0.4885	0.3364
1476	0.4785	0.3243
1477	0.4692	0.3151
1478	0.4689	0.3149
1479	0.4716	0.3197
1480	0.4707	0.3142
1481	0.5064	0.3616
1482	0.4642	0.3103
1483	0.4668	0.3146
1484	0.4776	0.3246
1485	0.4722	0.3205
1486	0.4686	0.3145
1487	0.4718	0.3206
1488	0.491	0.3435
1489	0.4717	0.3171
1490	0.4935	0.3435
1491	0.4645	0.3114
1492	0.481	0.3316
1493	0.4801	0.329
1494	0.4729	0.3215
1495	0.4897	0.3402
1496	0.4844	0.334
1497	0.4733	0.3234
1498	0.5002	0.3518
1499	0.4724	0.3216
1500	0.4647	0.3126
1501	0.4561	0.3019
1502	0.4537	0.3001
1503	0.4528	0.2988
1504	0.4523	0.299
1505	0.4523	0.2984
1506	0.4514	0.2971
1507	0.4518	0.2978
1508	0.4501	0.2959
1509	0.4507	0.2964
1510	0.45	0.2956
1511	0.4541	0.3011
1512	0.4498	0.2959
1513	0.4491	0.2947
1514	0.4496	0.2955
1515	0.4506	0.2969
1516	0.4482	0.2942
1517	0.4496	0.2965
1518	0.4497	0.2958
1519	0.4482	0.2944
1520	0.4503	0.2977
1521	0.4498	0.2973
1522	0.448	0.295
1523	0.4486	0.2954
1524	0.4492	0.2965
1525	0.448	0.294
1526	0.4497	0.2957
1527	0.4498	0.2966
1528	0.4471	0.2938
1529	0.4492	0.2958
1530	0.4495	0.2966
1531	0.4468	0.2926
1532	0.4473	0.2929
1533	0.4475	0.2947
1534	0.4472	0.2934
1535	0.4476	0.2944
1536	0.4461	0.2922
1537	0.4488	0.2957
1538	0.45	0.2976
1539	0.4473	0.2941
1540	0.4479	0.2939
1541	0.4454	0.292
1542	0.4456	0.292
1543	0.4459	0.2926
1544	0.4491	0.2961
1545	0.4475	0.2942
1546	0.45	0.2964
1547	0.4445	0.2909
1548	0.4468	0.2938
1549	0.4454	0.2923
1550	0.4454	0.2916
1551	0.4453	0.2927
1552	0.4469	0.2943
1553	0.446	0.2933
1554	0.4452	0.2916
1555	0.4459	0.2923
1556	0.4484	0.2956
1557	0.4446	0.2912
1558	0.445	0.291
1559	0.446	0.2926
1560	0.4445	0.2908
1561	0.4452	0.2922
1562	0.4475	0.2941
1563	0.4438	0.2904
1564	0.4443	0.2907
1565	0.4448	0.2914
1566	0.4444	0.2908
1567	0.4446	0.2909
1568	0.4437	0.2901
1569	0.4443	0.2902
1570	0.4441	0.2908
1571	0.4451	0.2919
1572	0.4448	0.2916
1573	0.4443	0.2904
1574	0.4443	0.2905
1575	0.4446	0.2917
1576	0.4443	0.2912
1577	0.445	0.2923
1578	0.4477	0.2955
1579	0.4437	0.2905
1580	0.4439	0.2908
1581	0.444	0.2911
1582	0.4432	0.2891
1583	0.4446	0.2914
1584	0.4448	0.2926
1585	0.4554	0.3043
1586	0.4496	0.2977
1587	0.4456	0.2933
1588	0.4436	0.2906
1589	0.4439	0.2906
1590	0.4428	0.2897
1591	0.4435	0.29
1592	0.4456	0.2931
1593	0.4446	0.2915
1594	0.4479	0.2954
1595	0.4437	0.2917
1596	0.4435	0.2909
1597	0.4468	0.2956
1598	0.4469	0.2953
1599	0.4446	0.2918
1600	0.4432	0.2901
1601	0.443	0.2895
1602	0.4425	0.29
1603	0.4426	0.2895
1604	0.4427	0.2896
1605	0.4414	0.2885
1606	0.4429	0.2904
1607	0.4428	0.2901
1608	0.444	0.2908
1609	0.4424	0.2899
1610	0.4429	0.2896
1611	0.4431	0.2911
1612	0.443	0.2898
1613	0.4452	0.2927
1614	0.4451	0.2922
1615	0.4441	0.2911
1616	0.4443	0.2917
1617	0.4469	0.2952
1618	0.4436	0.2913
1619	0.4419	0.2894
1620	0.444	0.2912
1621	0.4416	0.2885
1622	0.4411	0.2882
1623	0.4428	0.2912
1624	0.441	0.2883
1625	0.4415	0.289
1626	0.4414	0.2893
1627	0.4416	0.2884
1628	0.4422	0.29
1629	0.4412	0.2894
1630	0.4432	0.2915
1631	0.4447	0.2932
1632	0.4423	0.2901
1633	0.443	0.2912
1634	0.4422	0.2905
1635	0.4424	0.2899
1636	0.4438	0.2926
1637	0.4418	0.2888
1638	0.4431	0.2915
1639	0.4429	0.2908
1640	0.4417	0.2893
1641	0.4418	0.2892
1642	0.4432	0.292
1643	0.4406	0.2889
1644	0.441	0.2889
1645	0.4405	0.2893
1646	0.4405	0.2882
1647	0.4412	0.2877
1648	0.4415	0.2888
1649	0.4412	0.2887
1650	0.4399	0.2869
1651	0.4395	0.2867
1652	0.4404	0.2879
1653	0.441	0.2893
1654	0.4405	0.2886
1655	0.4417	0.29
1656	0.4402	0.2884
1657	0.4398	0.2875
1658	0.4425	0.2907
1659	0.4404	0.2881
1660	0.4417	0.2901
1661	0.443	0.2913
1662	0.4391	0.2864
1663	0.4392	0.2865
1664	0.4411	0.2895
1665	0.4443	0.2927
1666	0.4414	0.2899
1667	0.4451	0.2951
1668	0.4403	0.2885
1669	0.442	0.2905
1670	0.4399	0.2872
1671	0.4404	0.2885
1672	0.4401	0.2884
1673	0.4402	0.2893
1674	0.4403	0.2887
1675	0.4393	0.2867
1676	0.4394	0.287
1677	0.4406	0.2887
1678	0.4399	0.2871
1679	0.439	0.2861
1680	0.4401	0.2879
1681	0.4392	0.2865
1682	0.4396	0.2872
1683	0.441	0.2897
1684	0.4396	0.2868
1685	0.4409	0.2891
1686	0.4398	0.2865
1687	0.4391	0.2866
1688	0.4386	0.2872
1689	0.4399	0.289
1690	0.4402	0.289
1691	0.4414	0.2901
1692	0.4407	0.2893
1693	0.444	0.2935
1694	0.4449	0.2952
1695	0.4404	0.2887
1696	0.4406	0.2895
1697	0.4409	0.2887
1698	0.4406	0.289
1699	0.4415	0.2894
1700	0.4387	0.2864
1701	0.4391	0.2867
1702	0.4393	0.2875
1703	0.4389	0.2867
1704	0.4412	0.2894
1705	0.4408	0.2898
1706	0.4427	0.2913
1707	0.4393	0.2872
1708	0.44	0.2883
1709	0.4383	0.2864
1710	0.4396	0.2884
1711	0.4383	0.287
1712	0.4386	0.2868
1713	0.4395	0.2889
1714	0.4384	0.2867
1715	0.4384	0.2861
1716	0.4391	0.2873
1717	0.4391	0.2869
1718	0.4389	0.2876
1719	0.4394	0.2881
1720	0.4392	0.2876
1721	0.439	0.2877
1722	0.4396	0.2885
1723	0.44	0.2883
1724	0.4406	0.2898
1725	0.4385	0.2869
1726	0.4387	0.2878
1727	0.4398	0.2883
1728	0.4373	0.2856
1729	0.438	0.2868
1730	0.4365	0.2841
1731	0.4382	0.2864
1732	0.4369	0.2849
1733	0.4396	0.2882
1734	0.438	0.2859
1735	0.438	0.287
1736	0.4373	0.2854
1737	0.4364	0.2853
1738	0.4376	0.2868
1739	0.4373	0.2866
1740	0.4369	0.2857
1741	0.437	0.2853
1742	0.4371	0.2854
1743	0.4369	0.2859
1744	0.4371	0.2858
1745	0.437	0.2855
1746	0.4403	0.2894
1747	0.4378	0.2865
1748	0.438	0.2857
1749	0.437	0.286
1750	0.4376	0.2862
1751	0.4384	0.2875
1752	0.4368	0.2851
1753	0.4381	0.2859
1754	0.4374	0.2859
1755	0.436	0.2842
1756	0.4376	0.2859
1757	0.4383	0.2881
1758	0.4399	0.2904
1759	0.4372	0.2855
1760	0.4374	0.287
1761	0.4365	0.2857
1762	0.438	0.2877
1763	0.4374	0.2875
1764	0.439	0.2887
1765	0.4369	0.2853
1766	0.4361	0.285
1767	0.4365	0.2861
1768	0.4357	0.285
1769	0.4371	0.2863
1770	0.4369	0.2856
1771	0.436	0.2852
1772	0.4368	0.2858
1773	0.4372	0.2866
1774	0.437	0.2866
1775	0.4381	0.2879
1776	0.4358	0.2846
1777	0.4373	0.2873
1778	0.4357	0.2846
1779	0.4347	0.2836
1780	0.4391	0.2897
1781	0.4357	0.2841
1782	0.4367	0.2854
1783	0.4378	0.2855
1784	0.436	0.2852
1785	0.4364	0.2857
1786	0.4358	0.2843
1787	0.4391	0.2893
1788	0.4373	0.2871
1789	0.4354	0.2842
1790	0.4365	0.2854
1791	0.4354	0.2844
1792	0.435	0.2837
1793	0.435	0.2838
1794	0.4345	0.2837
1795	0.4383	0.2884
1796	0.4355	0.2846
1797	0.4354	0.2847
1798	0.4363	0.286
1799	0.4354	0.285
1800	0.4354	0.2846
1801	0.4351	0.2844
1802	0.4372	0.286
1803	0.4347	0.2839
1804	0.4381	0.2883
1805	0.4373	0.2872
1806	0.4348	0.2844
1807	0.4359	0.2862
1808	0.4403	0.2919
1809	0.4437	0.2955
1810	0.4383	0.2887
1811	0.435	0.2852
1812	0.4343	0.2833
1813	0.4372	0.288
1814	0.4349	0.2849
1815	0.434	0.2831
1816	0.4367	0.2873
1817	0.4354	0.2854
1818	0.4345	0.2834
1819	0.4349	0.284
1820	0.4348	0.2841
1821	0.4364	0.2858
1822	0.4362	0.2868
1823	0.4347	0.2846
1824	0.434	0.2827
1825	0.4381	0.2878
1826	0.4394	0.2902
1827	0.4379	0.2874
1828	0.4356	0.2862
1829	0.4359	0.2858
1830	0.4344	0.2843
1831	0.4353	0.285
1832	0.4343	0.2846
1833	0.4351	0.2853
1834	0.4336	0.2834
1835	0.4349	0.2846
1836	0.4329	0.2823
1837	0.4344	0.2844
1838	0.435	0.2858
1839	0.4337	0.2832
1840	0.4368	0.2874
1841	0.4376	0.289
1842	0.4361	0.2865
1843	0.4355	0.2848
1844	0.4344	0.2834
1845	0.4345	0.2845
1846	0.4344	0.2846
1847	0.4331	0.2831
1848	0.4342	0.2845
1849	0.4335	0.2836
1850	0.436	0.2865
1851	0.441	0.2934
1852	0.4381	0.2891
1853	0.4363	0.2871
1854	0.4361	0.2862
1855	0.4326	0.2824
1856	0.4338	0.2839
1857	0.433	0.2828
1858	0.4331	0.2827
1859	0.4339	0.2833
1860	0.4342	0.2842
1861	0.4374	0.2879
1862	0.4413	0.2939
1863	0.4363	0.2868
1864	0.4362	0.2875
1865	0.4364	0.287
1866	0.4355	0.2858
1867	0.4365	0.2865
1868	0.4334	0.2835
1869	0.4374	0.2884
1870	0.4338	0.2838
1871	0.4347	0.2851
1872	0.4335	0.2837
1873	0.4337	0.2843
1874	0.4334	0.2841
1875	0.4359	0.2873
1876	0.4352	0.287
1877	0.4367	0.2881
1878	0.4359	0.2874
1879	0.4351	0.2849
1880	0.434	0.284
1881	0.4331	0.2821
1882	0.4325	0.2824
1883	0.4327	0.283
1884	0.4331	0.2832
1885	0.4316	0.281
1886	0.4331	0.2826
1887	0.4323	0.2816
1888	0.4328	0.2826
1889	0.435	0.2858
1890	0.4365	0.2879
1891	0.4389	0.291
1892	0.434	0.284
1893	0.4367	0.2884
1894	0.4379	0.2894
1895	0.4355	0.2865
1896	0.4325	0.2824
1897	0.4317	0.2821
1898	0.4335	0.2834
1899	0.4323	0.2826
1900	0.4318	0.2817
1901	0.4321	0.2825
1902	0.433	0.2834
1903	0.4332	0.2834
1904	0.4313	0.2808
1905	0.4318	0.2814
1906	0.433	0.283
1907	0.4337	0.2835
1908	0.4315	0.2818
1909	0.4313	0.2814
1910	0.4336	0.2851
1911	0.4332	0.2842
1912	0.4319	0.282
1913	0.432	0.2812
1914	0.4327	0.2832
1915	0.4328	0.2831
1916	0.4321	0.2824
1917	0.4342	0.284
1918	0.4314	0.281
1919	0.4306	0.2804
1920	0.4306	0.2802
1921	0.4316	0.2806
1922	0.4313	0.2811
1923	0.4314	0.2813
1924	0.4314	0.2815
1925	0.4316	0.282
1926	0.432	0.2816
1927	0.4331	0.2839
1928	0.4313	0.2812
1929	0.4322	0.2824
1930	0.4312	0.2814
1931	0.4316	0.2825
1932	0.4307	0.281
1933	0.4317	0.2821
1934	0.4309	0.2818
1935	0.4323	0.2836
1936	0.4315	0.2815
1937	0.4309	0.2809
1938	0.4308	0.2814
1939	0.4323	0.2825
1940	0.4342	0.2858
1941	0.4365	0.2884
1942	0.4352	0.2864
1943	0.4307	0.2806
1944	0.4306	0.2814
1945	0.4328	0.2835
1946	0.4301	0.2802
1947	0.4315	0.2819
1948	0.4319	0.283
1949	0.4303	0.2805
1950	0.4298	0.2798
1951	0.4309	0.2816
1952	0.4319	0.2827
1953	0.4315	0.2823
1954	0.4294	0.2791
1955	0.4305	0.281
1956	0.4304	0.2813
1957	0.4301	0.2806
1958	0.4296	0.2807
1959	0.4319	0.2838
1960	0.4306	0.2813
1961	0.4292	0.2797
1962	0.4294	0.2802
1963	0.4303	0.2811
1964	0.4311	0.2817
1965	0.4324	0.2838
1966	0.4298	0.2801
1967	0.4301	0.2809
1968	0.4311	0.2824
1969	0.4305	0.2808
1970	0.432	0.2837
1971	0.4318	0.2832
1972	0.4304	0.2824
1973	0.4305	0.2823
1974	0.4304	0.2814
1975	0.4331	0.2851
1976	0.4338	0.2867
1977	0.4307	0.2829
1978	0.4308	0.2816
1979	0.4316	0.2836
1980	0.4334	0.2866
1981	0.429	0.2801
1982	0.4286	0.279
1983	0.4338	0.2858
1984	0.4302	0.2812
1985	0.4307	0.2817
1986	0.4303	0.2821
1987	0.4294	0.2794
1988	0.4291	0.28
1989	0.4323	0.2832
1990	0.4308	0.282
1991	0.429	0.2799
1992	0.4304	0.2818
1993	0.429	0.2794
1994	0.43	0.2814
1995	0.436	0.2902
1996	0.4319	0.2845
1997	0.4291	0.2806
1998	0.4328	0.2855
1999	0.4321	0.2848
