epoch:	train_RMSD:	train_MAE:
0	7.0257	6.1157
1	6.44	5.4419
2	4.6517	3.3953
3	4.1168	2.9531
4	3.9019	2.848
5	3.749	2.8109
6	3.6326	2.8046
7	3.5493	2.815
8	3.5008	2.8338
9	3.4804	2.853
10	3.4741	2.8686
11	3.4732	2.8786
12	3.4733	2.8829
13	3.4734	2.8841
14	3.4734	2.8833
15	3.4734	2.8833
16	3.4733	2.8821
17	3.4731	2.8793
18	3.4731	2.8793
19	3.4732	2.8819
20	3.4732	2.8816
21	3.4731	2.8801
22	3.473	2.8804
23	3.4727	2.8797
24	3.4725	2.8806
25	3.4722	2.8796
26	3.4718	2.8799
27	3.4713	2.8778
28	3.4708	2.8775
29	3.47	2.8779
30	3.4686	2.8748
31	3.4661	2.8723
32	3.4618	2.867
33	3.4557	2.8612
34	3.4464	2.8532
35	3.4334	2.8402
36	3.4119	2.8144
37	3.3775	2.7738
38	3.3116	2.6937
39	3.2157	2.572
40	3.0534	2.3457
41	2.8628	2.0737
42	2.7033	1.8701
43	2.6024	1.7449
44	2.5492	1.6945
45	2.5123	1.6541
46	2.4963	1.6412
47	2.472	1.6176
48	2.4466	1.6036
49	2.411	1.5803
50	2.3854	1.5603
51	2.3727	1.544
52	2.3669	1.5455
53	2.3548	1.5314
54	2.3414	1.5249
55	2.3229	1.5017
56	2.3247	1.5188
57	2.2969	1.4848
58	2.2825	1.4715
59	2.2731	1.4675
60	2.2682	1.4649
61	2.2522	1.4394
62	2.2429	1.4283
63	2.2299	1.4197
64	2.2191	1.4112
65	2.2099	1.4118
66	2.1871	1.395
67	2.1621	1.3814
68	2.1416	1.3865
69	2.092	1.342
70	2.0625	1.3275
71	2.0729	1.3251
72	2.01	1.2761
73	1.9899	1.2685
74	1.9695	1.248
75	1.9459	1.2287
76	1.9332	1.2247
77	1.9131	1.1976
78	1.9253	1.2116
79	1.8768	1.1773
80	1.9146	1.2115
81	1.863	1.1673
82	1.866	1.1921
83	1.8185	1.133
84	1.8269	1.1487
85	1.8041	1.1268
86	1.7893	1.1296
87	1.7667	1.1042
88	1.8017	1.145
89	1.7603	1.1013
90	1.7691	1.1097
91	1.7406	1.0933
92	1.7933	1.1642
93	1.7308	1.0846
94	1.7344	1.091
95	1.6979	1.0614
96	1.6873	1.0565
97	1.7008	1.0819
98	1.7833	1.1751
99	1.6846	1.0624
100	1.6784	1.0487
101	1.6633	1.0377
102	1.6467	1.029
103	1.638	1.026
104	1.6308	1.0202
105	1.645	1.0404
106	1.6568	1.06
107	1.613	1.0066
108	1.6164	1.0126
109	1.663	1.0508
110	1.6592	1.0477
111	1.6105	1.0084
112	1.595	0.9953
113	1.5954	0.9949
114	1.589	0.9934
115	1.6189	1.0195
116	1.5846	0.9985
117	1.5929	1.0081
118	1.5572	0.9711
119	1.5518	0.9728
120	1.5536	0.9738
121	1.5538	0.9809
122	1.5428	0.9667
123	1.5337	0.9561
124	1.5639	1.0043
125	1.5208	0.9522
126	1.5596	1.0035
127	1.5568	1.0041
128	1.5311	0.9694
129	1.5342	0.9822
130	1.5465	0.9919
131	1.5533	1.0024
132	1.5144	0.9601
133	1.4911	0.9344
134	1.4793	0.9244
135	1.4888	0.9313
136	1.4767	0.9214
137	1.4726	0.9249
138	1.4713	0.9205
139	1.454	0.907
140	1.4572	0.9152
141	1.4778	0.9322
142	1.4566	0.9169
143	1.468	0.928
144	1.4709	0.9312
145	1.4305	0.8922
146	1.4246	0.8852
147	1.4199	0.8805
148	1.4216	0.8868
149	1.4209	0.8873
150	1.4055	0.8756
151	1.404	0.8692
152	1.4019	0.8702
153	1.4141	0.8789
154	1.4048	0.885
155	1.3934	0.8646
156	1.3873	0.8635
157	1.3872	0.8583
158	1.3765	0.8609
159	1.3689	0.8517
160	1.3786	0.8674
161	1.368	0.8464
162	1.3701	0.8498
163	1.3523	0.8357
164	1.3455	0.8314
165	1.3496	0.8398
166	1.3504	0.8349
167	1.3412	0.8358
168	1.3474	0.844
169	1.3282	0.8252
170	1.3262	0.8181
171	1.3798	0.8818
172	1.318	0.8184
173	1.3507	0.843
174	1.4588	0.9466
175	1.3534	0.8623
176	1.3561	0.8628
177	1.3027	0.8052
178	1.2988	0.806
179	1.3088	0.8206
180	1.3216	0.8373
181	1.2906	0.8007
182	1.298	0.8111
183	1.2715	0.782
184	1.28	0.8005
185	1.2692	0.7824
186	1.2756	0.7874
187	1.2571	0.7743
188	1.2692	0.7875
189	1.257	0.7754
190	1.2501	0.7807
191	1.2581	0.7824
192	1.2873	0.8159
193	1.3374	0.8712
194	1.2911	0.8262
195	1.2703	0.7968
196	1.272	0.7972
197	1.2803	0.8091
198	1.2269	0.7604
199	1.2742	0.8114
200	1.26	0.7986
201	1.214	0.753
202	1.2167	0.7518
203	1.2072	0.7474
204	1.2079	0.7496
205	1.1979	0.7401
206	1.2201	0.763
207	1.2141	0.7623
208	1.2001	0.7432
209	1.2151	0.7621
210	1.1822	0.7312
211	1.1992	0.749
212	1.1793	0.7299
213	1.1968	0.7493
214	1.1736	0.7282
215	1.1697	0.7231
216	1.1685	0.7265
217	1.1601	0.7124
218	1.1597	0.7183
219	1.1585	0.7186
220	1.1635	0.7256
221	1.1673	0.7314
222	1.1812	0.7461
223	1.1671	0.7302
224	1.1444	0.7062
225	1.1481	0.7162
226	1.1393	0.7038
227	1.1572	0.7333
228	1.1563	0.7222
229	1.1479	0.7184
230	1.1536	0.731
231	1.1291	0.7036
232	1.1339	0.7031
233	1.1253	0.7041
234	1.1164	0.6893
235	1.1164	0.693
236	1.1142	0.6918
237	1.1124	0.6929
238	1.1113	0.6905
239	1.1315	0.7168
240	1.1344	0.7201
241	1.1188	0.7066
242	1.1278	0.7169
243	1.1021	0.6877
244	1.0944	0.6804
245	1.1118	0.706
246	1.1168	0.7073
247	1.1108	0.7084
248	1.0908	0.6835
249	1.0893	0.6823
250	1.0807	0.6714
251	1.1188	0.7098
252	1.103	0.7045
253	1.0913	0.6868
254	1.1127	0.7067
255	1.0743	0.6699
256	1.0721	0.6742
257	1.0759	0.675
258	1.0764	0.6777
259	1.0623	0.6652
260	1.0609	0.6658
261	1.0738	0.6807
262	1.1561	0.7678
263	1.0912	0.7038
264	1.0534	0.6604
265	1.0539	0.6596
266	1.0618	0.665
267	1.073	0.674
268	1.0566	0.6621
269	1.065	0.6704
270	1.0415	0.6506
271	1.0391	0.6547
272	1.0527	0.6689
273	1.0596	0.6799
274	1.0466	0.6666
275	1.0377	0.6557
276	1.0327	0.6484
277	1.036	0.651
278	1.0261	0.6425
279	1.0318	0.6485
280	1.0197	0.6397
281	1.0197	0.6429
282	1.0205	0.6396
283	1.0196	0.6449
284	1.0185	0.6447
285	1.0147	0.6381
286	1.0208	0.6513
287	1.0211	0.6517
288	1.0157	0.6459
289	1.0062	0.6339
290	1.0069	0.636
291	1.0019	0.6317
292	1.0054	0.6339
293	0.997	0.6279
294	1.0142	0.6503
295	1.0103	0.6439
296	0.9909	0.6256
297	1.0049	0.6366
298	0.99	0.6225
299	0.9987	0.6319
300	0.9969	0.6329
301	0.9876	0.6263
302	0.9848	0.6256
303	0.9915	0.6296
304	1.0018	0.6467
305	0.9827	0.6218
306	0.9818	0.623
307	1.0209	0.6603
308	1.0119	0.6606
309	0.9834	0.6284
310	0.9777	0.6271
311	0.9743	0.6224
312	0.9653	0.6126
313	0.9681	0.6136
314	0.9709	0.6163
315	0.9666	0.6147
316	0.9699	0.6225
317	0.9648	0.6177
318	0.9608	0.611
319	0.9642	0.6185
320	0.9649	0.6124
321	0.9698	0.6208
322	0.9574	0.6083
323	0.9577	0.6102
324	0.9505	0.6062
325	0.9578	0.6161
326	0.9702	0.6329
327	1.029	0.6979
328	0.9417	0.6017
329	0.9484	0.6113
330	0.954	0.6159
331	0.9411	0.6006
332	0.9456	0.6053
333	0.9402	0.6043
334	0.934	0.5953
335	0.971	0.6371
336	1.0055	0.6723
337	0.9413	0.6065
338	0.9333	0.6
339	0.9413	0.6043
340	0.9427	0.6115
341	0.9482	0.615
342	0.9429	0.6091
343	0.9339	0.6012
344	0.9282	0.5979
345	0.9214	0.5902
346	0.9405	0.617
347	1.0694	0.7497
348	0.945	0.6171
349	0.9221	0.5949
350	0.9603	0.6373
351	0.9227	0.5953
352	0.915	0.5848
353	0.9191	0.5915
354	0.922	0.5952
355	0.9165	0.5894
356	0.9322	0.6038
357	0.9145	0.5916
358	0.912	0.5854
359	0.9071	0.5852
360	0.9199	0.5972
361	0.916	0.5946
362	0.9365	0.6174
363	0.9614	0.6483
364	0.9236	0.6068
365	0.9019	0.582
366	0.9141	0.5965
367	0.908	0.5911
368	0.8941	0.5779
369	0.8914	0.5712
370	0.8932	0.5787
371	0.8958	0.5808
372	0.8908	0.5779
373	0.8892	0.5741
374	0.8855	0.5725
375	0.8931	0.5808
376	0.8897	0.5797
377	0.8825	0.5686
378	0.887	0.5762
379	0.8849	0.5757
380	0.895	0.5837
381	0.8953	0.5832
382	0.8774	0.5678
383	0.8901	0.5812
384	0.8912	0.5804
385	0.8803	0.5737
386	0.9066	0.5997
387	0.9067	0.6067
388	0.8788	0.5775
389	0.876	0.5703
390	0.9139	0.6182
391	0.917	0.6221
392	0.8726	0.5674
393	0.8647	0.5624
394	0.8678	0.5662
395	0.8736	0.571
396	0.8754	0.5771
397	0.8604	0.5628
398	0.8579	0.5592
399	0.863	0.5617
400	0.8597	0.5612
401	0.8627	0.5645
402	0.8863	0.5884
403	0.8823	0.5883
404	0.8652	0.5739
405	0.8705	0.582
406	0.872	0.5837
407	0.8706	0.5859
408	0.8822	0.5918
409	0.8569	0.5632
410	0.8467	0.5578
411	0.8471	0.5551
412	0.854	0.56
413	0.8632	0.5713
414	0.8741	0.585
415	0.8617	0.5747
416	0.8493	0.5596
417	0.8454	0.5619
418	0.8486	0.5632
419	0.8486	0.5639
420	0.8387	0.5545
421	0.8348	0.5487
422	0.8419	0.5571
423	0.8382	0.5581
424	0.879	0.5998
425	0.8528	0.5757
426	0.8643	0.5813
427	0.9023	0.6286
428	0.8327	0.551
429	0.8305	0.5499
430	0.8219	0.5407
431	0.8244	0.5463
432	0.826	0.5454
433	0.8231	0.5429
434	0.8226	0.545
435	0.8317	0.5564
436	0.8173	0.5402
437	0.8491	0.5781
438	0.8175	0.5429
439	0.8191	0.5443
440	0.8294	0.5556
441	0.8471	0.5722
442	0.8223	0.5466
443	0.8187	0.5472
444	0.8099	0.5364
445	0.8254	0.5505
446	0.8291	0.5593
447	0.823	0.5535
448	0.8121	0.5411
449	0.8121	0.5446
450	0.8063	0.5396
451	0.8493	0.5844
452	0.8867	0.6185
453	0.829	0.5644
454	0.8157	0.553
455	0.8506	0.5858
456	0.8259	0.5635
457	0.812	0.5507
458	0.8194	0.5563
459	0.8104	0.5455
460	0.832	0.5668
461	0.8037	0.5414
462	0.798	0.5329
463	0.8035	0.5393
464	0.794	0.5318
465	0.7972	0.534
466	0.799	0.5366
467	0.7893	0.5292
468	0.7936	0.5362
469	0.7996	0.5388
470	0.793	0.5341
471	0.7922	0.5382
472	0.8068	0.5536
473	0.7973	0.5436
474	0.7861	0.5315
475	0.7865	0.5315
476	0.7841	0.5273
477	0.7939	0.5377
478	0.7762	0.5195
479	0.7956	0.543
480	0.7816	0.5263
481	0.8173	0.5694
482	0.7779	0.5273
483	0.7826	0.5304
484	0.7883	0.5399
485	0.7845	0.5369
486	0.7809	0.533
487	0.7706	0.5182
488	0.7675	0.5194
489	0.7812	0.5289
490	0.7762	0.5292
491	0.7747	0.5297
492	0.7638	0.5162
493	0.7707	0.5231
494	0.8022	0.5484
495	0.7699	0.5287
496	0.7697	0.5197
497	0.8146	0.5693
498	0.8173	0.5665
499	0.7695	0.5252
500	0.7657	0.5192
501	0.7664	0.5189
502	0.7637	0.5221
503	0.7562	0.5133
504	0.7771	0.5341
505	0.7741	0.5379
506	0.7696	0.5318
507	0.7612	0.5207
508	0.7654	0.5283
509	0.8116	0.5735
510	0.7595	0.5195
511	0.7765	0.5324
512	0.7489	0.5094
513	0.7533	0.5134
514	0.7515	0.5134
515	0.7544	0.5173
516	0.7653	0.5264
517	0.7485	0.5104
518	0.7567	0.5163
519	0.7666	0.5311
520	0.7591	0.5302
521	0.7401	0.5076
522	0.8027	0.5662
523	0.7406	0.5061
524	0.7463	0.51
525	0.7394	0.5083
526	0.7434	0.5079
527	0.7522	0.5185
528	0.7391	0.5056
529	0.7357	0.502
530	0.7456	0.5148
531	0.7336	0.5018
532	0.7345	0.5042
533	0.7314	0.5014
534	0.7304	0.5022
535	0.7391	0.5045
536	0.7333	0.5033
537	0.744	0.516
538	0.7443	0.5177
539	0.7385	0.5114
540	0.7278	0.5004
541	0.7271	0.4987
542	0.7381	0.5109
543	0.7283	0.5019
544	0.7386	0.5152
545	0.7857	0.5624
546	0.7249	0.4969
547	0.7225	0.4972
548	0.7203	0.4937
549	0.724	0.4984
550	0.7276	0.5021
551	0.7392	0.5109
552	0.717	0.4934
553	0.7146	0.4903
554	0.7317	0.506
555	0.7214	0.4995
556	0.7178	0.4951
557	0.7282	0.5043
558	0.7444	0.5212
559	0.7313	0.5095
560	0.7228	0.5029
561	0.7144	0.4915
562	0.7178	0.4991
563	0.7399	0.5188
564	0.7212	0.5019
565	0.7377	0.5213
566	0.7143	0.493
567	0.7233	0.5032
568	0.7266	0.5128
569	0.7324	0.5131
570	0.7094	0.4935
571	0.7098	0.4881
572	0.7253	0.5056
573	0.7137	0.4972
574	0.7131	0.4942
575	0.736	0.516
576	0.7028	0.4854
577	0.7034	0.4845
578	0.7219	0.5007
579	0.7029	0.4852
580	0.6998	0.4834
581	0.7289	0.5098
582	0.7049	0.4928
583	0.7148	0.4981
584	0.7101	0.4963
585	0.6943	0.4803
586	0.7007	0.4856
587	0.6934	0.4786
588	0.7007	0.4851
589	0.7132	0.5024
590	0.7126	0.4943
591	0.7055	0.4909
592	0.6956	0.4807
593	0.6935	0.4792
594	0.7	0.4872
595	0.6967	0.4831
596	0.7143	0.4987
597	0.7112	0.4972
598	0.7345	0.5226
599	0.696	0.4846
600	0.7029	0.4927
601	0.6928	0.4787
602	0.687	0.475
603	0.6902	0.4767
604	0.7111	0.4973
605	0.7287	0.5233
606	0.6848	0.4762
607	0.6992	0.4863
608	0.6984	0.4868
609	0.7003	0.4873
610	0.6888	0.4777
611	0.6825	0.4728
612	0.6857	0.4756
613	0.6884	0.4775
614	0.6907	0.4828
615	0.6844	0.4734
616	0.7084	0.5
617	0.6971	0.4909
618	0.7174	0.506
619	0.7547	0.5482
620	0.6922	0.4834
621	0.6845	0.4761
622	0.6889	0.4835
623	0.6829	0.4759
624	0.6812	0.4731
625	0.6863	0.4786
626	0.6881	0.4801
627	0.7208	0.513
628	0.6946	0.4891
629	0.6773	0.4701
630	0.6917	0.4904
631	0.6958	0.4938
632	0.6798	0.4755
633	0.6772	0.4748
634	0.6754	0.47
635	0.6913	0.4824
636	0.6803	0.4778
637	0.6871	0.4816
638	0.6744	0.4697
639	0.6936	0.4884
640	0.6861	0.4823
641	0.6938	0.4929
642	0.6806	0.477
643	0.6745	0.4735
644	0.67	0.4639
645	0.6662	0.468
646	0.6723	0.4715
647	0.6815	0.4803
648	0.6608	0.4599
649	0.6765	0.4728
650	0.6771	0.4761
651	0.6711	0.4686
652	0.6645	0.4604
653	0.6669	0.4675
654	0.6608	0.456
655	0.6752	0.4708
656	0.6681	0.4687
657	0.6777	0.4752
658	0.6666	0.4659
659	0.6557	0.4565
660	0.6628	0.4623
661	0.6582	0.4581
662	0.6559	0.4568
663	0.6746	0.4761
664	0.6658	0.4675
665	0.6498	0.4497
666	0.6594	0.4607
667	0.6927	0.4913
668	0.6645	0.4648
669	0.666	0.469
670	0.6628	0.4625
671	0.6597	0.4616
672	0.6955	0.4933
673	0.6743	0.4769
674	0.651	0.4493
675	0.6495	0.4501
676	0.6484	0.4524
677	0.649	0.4523
678	0.6495	0.4526
679	0.6671	0.4656
680	0.6623	0.4616
681	0.6617	0.4608
682	0.6671	0.4692
683	0.7419	0.5392
684	0.6681	0.4712
685	0.6575	0.4622
686	0.6525	0.4545
687	0.6527	0.4592
688	0.6657	0.4691
689	0.6643	0.4683
690	0.6478	0.4504
691	0.6778	0.4813
692	0.6547	0.4606
693	0.6525	0.4553
694	0.6434	0.4466
695	0.6421	0.4435
696	0.6395	0.4466
697	0.6603	0.4623
698	0.6619	0.4644
699	0.6463	0.4525
700	0.6385	0.4419
701	0.6443	0.4499
702	0.655	0.4637
703	0.6512	0.4534
704	0.6521	0.4568
705	0.6814	0.4871
706	0.6761	0.4791
707	0.6784	0.4777
708	0.6865	0.4909
709	0.6446	0.4509
710	0.6727	0.4798
711	0.6416	0.4464
712	0.6383	0.4464
713	0.6447	0.4524
714	0.6437	0.4491
715	0.6587	0.4656
716	0.652	0.4609
717	0.6922	0.4994
718	0.7009	0.5092
719	0.66	0.4694
720	0.6471	0.457
721	0.6427	0.4514
722	0.6309	0.4411
723	0.6349	0.4457
724	0.6353	0.445
725	0.6344	0.4447
726	0.6336	0.4423
727	0.6324	0.4403
728	0.645	0.4547
729	0.6382	0.4512
730	0.6465	0.4597
731	0.6505	0.4646
732	0.646	0.4546
733	0.632	0.4439
734	0.6249	0.4315
735	0.6286	0.4377
736	0.6353	0.4459
737	0.6234	0.4343
738	0.6332	0.443
739	0.634	0.4418
740	0.634	0.4424
741	0.6237	0.435
742	0.6265	0.4364
743	0.6438	0.4527
744	0.6318	0.4405
745	0.6285	0.4403
746	0.6372	0.4454
747	0.6381	0.4476
748	0.6518	0.4663
749	0.6318	0.4436
750	0.6218	0.4323
751	0.6327	0.4434
752	0.623	0.4363
753	0.624	0.4343
754	0.642	0.4562
755	0.6218	0.4345
756	0.63	0.4415
757	0.6175	0.4306
758	0.6303	0.44
759	0.6208	0.4345
760	0.661	0.469
761	0.6277	0.4371
762	0.6265	0.438
763	0.628	0.4401
764	0.6614	0.4706
765	0.7487	0.5516
766	0.6836	0.4972
767	0.6431	0.4585
768	0.6273	0.4398
769	0.619	0.4327
770	0.6281	0.4412
771	0.6299	0.442
772	0.6114	0.425
773	0.636	0.4509
774	0.6304	0.4455
775	0.6077	0.4221
776	0.6146	0.428
777	0.612	0.4255
778	0.6309	0.4442
779	0.6173	0.4312
780	0.6066	0.4212
781	0.6354	0.4432
782	0.6352	0.4502
783	0.6142	0.4283
784	0.6063	0.4219
785	0.6307	0.4452
786	0.6195	0.4311
787	0.6058	0.4217
788	0.6237	0.4388
789	0.623	0.4376
790	0.6209	0.4373
791	0.6079	0.4243
792	0.6182	0.4356
793	0.6219	0.4349
794	0.6043	0.4201
795	0.6168	0.4351
796	0.6139	0.431
797	0.6145	0.4294
798	0.6437	0.4623
799	0.7147	0.5345
800	0.6237	0.437
801	0.6193	0.4328
802	0.6121	0.4281
803	0.6101	0.4284
804	0.6249	0.439
805	0.6324	0.4484
806	0.5996	0.4169
807	0.6451	0.4615
808	0.611	0.4291
809	0.6244	0.4403
810	0.6207	0.441
811	0.6113	0.4286
812	0.628	0.4425
813	0.5977	0.4145
814	0.6163	0.4312
815	0.6139	0.4328
816	0.6035	0.4206
817	0.5997	0.42
818	0.613	0.4354
819	0.6042	0.4225
820	0.6183	0.4387
821	0.6137	0.4281
822	0.6019	0.4212
823	0.6092	0.4293
824	0.5955	0.4163
825	0.6029	0.4202
826	0.602	0.4222
827	0.6078	0.4292
828	0.5982	0.4197
829	0.617	0.4391
830	0.5998	0.4204
831	0.595	0.4151
832	0.5993	0.4176
833	0.6037	0.4246
834	0.5935	0.4133
835	0.596	0.4158
836	0.6084	0.4268
837	0.5994	0.4181
838	0.5923	0.4119
839	0.6016	0.422
840	0.6018	0.4209
841	0.599	0.4214
842	0.5967	0.417
843	0.595	0.4141
844	0.5992	0.4213
845	0.5993	0.4208
846	0.5962	0.4171
847	0.6019	0.4215
848	0.5989	0.4194
849	0.6195	0.4387
850	0.6192	0.439
851	0.5971	0.423
852	0.6249	0.4508
853	0.6034	0.4308
854	0.5926	0.4167
855	0.6188	0.4393
856	0.6003	0.4222
857	0.6036	0.4233
858	0.6118	0.4332
859	0.5862	0.4095
860	0.5856	0.4116
861	0.6194	0.444
862	0.5948	0.4188
863	0.5904	0.4163
864	0.5945	0.4182
865	0.5866	0.4079
866	0.5899	0.4122
867	0.5815	0.4029
868	0.588	0.4084
869	0.5867	0.4109
870	0.6089	0.4288
871	0.5928	0.415
872	0.5812	0.4057
873	0.5859	0.41
874	0.5844	0.408
875	0.58	0.402
876	0.5869	0.4115
877	0.5876	0.4091
878	0.5867	0.4101
879	0.6063	0.4324
880	0.5784	0.4017
881	0.5923	0.4166
882	0.5822	0.4069
883	0.5866	0.4116
884	0.5894	0.4157
885	0.61	0.4327
886	0.5841	0.4103
887	0.5748	0.3981
888	0.571	0.3935
889	0.5855	0.41
890	0.6031	0.4298
891	0.5867	0.4107
892	0.6201	0.4453
893	0.6042	0.4323
894	0.5862	0.4096
895	0.5917	0.4199
896	0.5776	0.4017
897	0.5743	0.3999
898	0.5812	0.4051
899	0.5799	0.4074
900	0.5755	0.4039
901	0.613	0.4346
902	0.6021	0.4307
903	0.5895	0.4174
904	0.5854	0.4095
905	0.5738	0.4003
906	0.5859	0.4129
907	0.5833	0.4089
908	0.5693	0.3937
909	0.5752	0.4007
910	0.5728	0.4006
911	0.5824	0.4112
912	0.5804	0.4122
913	0.5847	0.4079
914	0.5829	0.407
915	0.5821	0.4085
916	0.5754	0.4037
917	0.5876	0.4115
918	0.5763	0.4012
919	0.5672	0.3966
920	0.57	0.3967
921	0.5697	0.3984
922	0.5719	0.4005
923	0.5716	0.401
924	0.6201	0.4512
925	0.5787	0.4058
926	0.5765	0.4042
927	0.5755	0.4025
928	0.5901	0.4198
929	0.5904	0.4204
930	0.5915	0.4197
931	0.6028	0.43
932	0.5655	0.3943
933	0.5717	0.3988
934	0.5646	0.3936
935	0.5694	0.3984
936	0.5672	0.3957
937	0.618	0.4541
938	0.5808	0.4135
939	0.5635	0.3911
940	0.5712	0.4001
941	0.5701	0.3979
942	0.6153	0.4404
943	0.5723	0.3986
944	0.5613	0.3928
945	0.5774	0.4074
946	0.5844	0.4153
947	0.5598	0.3903
948	0.575	0.4043
949	0.5684	0.3989
950	0.5719	0.4
951	0.5805	0.4068
952	0.5679	0.3967
953	0.5634	0.3946
954	0.5594	0.3897
955	0.5657	0.3963
956	0.5561	0.3858
957	0.5583	0.3891
958	0.5671	0.396
959	0.5675	0.4012
960	0.5625	0.393
961	0.6072	0.4356
962	0.5944	0.4199
963	0.5795	0.4065
964	0.563	0.3945
965	0.5687	0.4031
966	0.5901	0.4246
967	0.5624	0.392
968	0.5887	0.4185
969	0.5815	0.4056
970	0.5621	0.3922
971	0.5848	0.4144
972	0.5622	0.3922
973	0.5742	0.4035
974	0.5544	0.3854
975	0.5566	0.3895
976	0.5851	0.4116
977	0.5902	0.426
978	0.5831	0.4167
979	0.5643	0.3968
980	0.5539	0.3847
981	0.5776	0.4119
982	0.5688	0.4017
983	0.5591	0.39
984	0.5624	0.3941
985	0.5513	0.3803
986	0.5631	0.397
987	0.5551	0.3884
988	0.5525	0.3833
989	0.5471	0.3826
990	0.56	0.3926
991	0.5518	0.3846
992	0.5695	0.4023
993	0.5541	0.3881
994	0.5589	0.3903
995	0.5847	0.4141
996	0.5579	0.389
997	0.5784	0.405
998	0.5532	0.386
999	0.5838	0.4187
1000	0.5711	0.4038
1001	0.5548	0.3886
1002	0.5689	0.4011
1003	0.5823	0.4124
1004	0.5852	0.4167
1005	0.6071	0.4388
1006	0.5891	0.4171
1007	0.5522	0.3865
1008	0.545	0.3797
1009	0.5625	0.3967
1010	0.5576	0.3926
1011	0.5623	0.3962
1012	0.5499	0.3833
1013	0.5805	0.4126
1014	0.5652	0.4002
1015	0.5485	0.3821
1016	0.5568	0.3902
1017	0.5454	0.3783
1018	0.5608	0.3994
1019	0.543	0.3792
1020	0.5482	0.3857
1021	0.5519	0.384
1022	0.5734	0.4082
1023	0.5479	0.3824
1024	0.5539	0.3874
1025	0.5464	0.3806
1026	0.551	0.3842
1027	0.5498	0.3834
1028	0.5434	0.3795
1029	0.5625	0.4011
1030	0.5745	0.4095
1031	0.5507	0.3848
1032	0.5462	0.3801
1033	0.5524	0.3876
1034	0.5647	0.4012
1035	0.5627	0.3957
1036	0.5908	0.4243
1037	0.5698	0.4014
1038	0.5555	0.3903
1039	0.5414	0.3795
1040	0.5869	0.4234
1041	0.5392	0.3743
1042	0.5747	0.4081
1043	0.61	0.4424
1044	0.5564	0.3899
1045	0.5728	0.4102
1046	0.5524	0.3872
1047	0.5556	0.391
1048	0.5559	0.3952
1049	0.5634	0.4039
1050	0.5546	0.3897
1051	0.5357	0.3726
1052	0.5444	0.3775
1053	0.5417	0.3823
1054	0.5384	0.3744
1055	0.5463	0.3857
1056	0.5448	0.3812
1057	0.5916	0.4289
1058	0.5585	0.3951
1059	0.5609	0.4013
1060	0.5353	0.3706
1061	0.5379	0.3764
1062	0.5327	0.3696
1063	0.5321	0.369
1064	0.5377	0.3758
1065	0.577	0.4128
1066	0.5405	0.3773
1067	0.5491	0.3872
1068	0.5465	0.3876
1069	0.5742	0.4154
1070	0.54	0.381
1071	0.5304	0.3691
1072	0.5347	0.3715
1073	0.5474	0.386
1074	0.5424	0.381
1075	0.5276	0.3669
1076	0.5473	0.3848
1077	0.5417	0.3819
1078	0.5437	0.3778
1079	0.5451	0.3855
1080	0.5407	0.3763
1081	0.546	0.3787
1082	0.5358	0.3729
1083	0.5326	0.3705
1084	0.5399	0.3803
1085	0.5299	0.3691
1086	0.5295	0.3671
1087	0.5276	0.3658
1088	0.5539	0.3867
1089	0.5259	0.3664
1090	0.5285	0.3693
1091	0.5252	0.3638
1092	0.5406	0.3818
1093	0.542	0.38
1094	0.5465	0.3827
1095	0.5359	0.3758
1096	0.5504	0.3857
1097	0.618	0.4543
1098	0.532	0.3686
1099	0.5622	0.4004
1100	0.5286	0.369
1101	0.5301	0.3713
1102	0.5516	0.3886
1103	0.5289	0.3695
1104	0.5941	0.4361
1105	0.5261	0.3663
1106	0.5309	0.3712
1107	0.5493	0.3892
1108	0.5276	0.368
1109	0.5255	0.3656
1110	0.5568	0.3935
1111	0.5305	0.3683
1112	0.5304	0.3701
1113	0.5298	0.3723
1114	0.5331	0.3794
1115	0.536	0.3741
1116	0.5267	0.3707
1117	0.526	0.3672
1118	0.5419	0.3808
1119	0.5648	0.4061
1120	0.5317	0.3754
1121	0.5369	0.3764
1122	0.5245	0.3682
1123	0.553	0.3961
1124	0.532	0.3725
1125	0.5253	0.3667
1126	0.5366	0.3749
1127	0.531	0.3724
1128	0.5477	0.3889
1129	0.5414	0.3867
1130	0.5259	0.3664
1131	0.5222	0.3649
1132	0.5356	0.3752
1133	0.5556	0.3962
1134	0.5336	0.3762
1135	0.5226	0.3635
1136	0.5253	0.3652
1137	0.5269	0.3658
1138	0.5261	0.3668
1139	0.5224	0.3633
1140	0.5184	0.3589
1141	0.5232	0.3667
1142	0.5165	0.3573
1143	0.5238	0.3639
1144	0.5314	0.3743
1145	0.5335	0.3733
1146	0.5322	0.3726
1147	0.525	0.3666
1148	0.5386	0.3771
1149	0.5514	0.3897
1150	0.5492	0.3884
1151	0.5765	0.4167
1152	0.582	0.4193
1153	0.5373	0.3796
1154	0.5613	0.3969
1155	0.5241	0.3648
1156	0.5293	0.3701
1157	0.5429	0.3821
1158	0.5445	0.388
1159	0.5338	0.3763
1160	0.5283	0.3692
1161	0.524	0.3654
1162	0.5164	0.3587
1163	0.5268	0.3695
1164	0.5377	0.3841
1165	0.5323	0.3743
1166	0.5213	0.3618
1167	0.5241	0.3662
1168	0.5373	0.3758
1169	0.5228	0.3687
1170	0.519	0.3627
1171	0.5131	0.354
1172	0.5215	0.366
1173	0.5152	0.3583
1174	0.5483	0.3909
1175	0.5268	0.3715
1176	0.5177	0.3608
1177	0.5121	0.3569
1178	0.5201	0.3639
1179	0.5106	0.3535
1180	0.5335	0.3745
1181	0.5164	0.36
1182	0.5204	0.3678
1183	0.5486	0.3908
1184	0.5128	0.3573
1185	0.5281	0.3726
1186	0.5217	0.3638
1187	0.5105	0.3522
1188	0.5356	0.3812
1189	0.523	0.3672
1190	0.5545	0.4014
1191	0.521	0.3659
1192	0.5341	0.3763
1193	0.5229	0.3675
1194	0.5233	0.3685
1195	0.5238	0.3685
1196	0.5349	0.3753
1197	0.585	0.4288
1198	0.5552	0.3986
1199	0.5463	0.3896
1200	0.5275	0.3698
1201	0.524	0.3688
1202	0.5192	0.3644
1203	0.5114	0.3553
1204	0.5235	0.3663
1205	0.5094	0.3537
1206	0.5095	0.3528
1207	0.5104	0.3567
1208	0.5327	0.3842
1209	0.5224	0.3718
1210	0.5171	0.3661
1211	0.5112	0.3565
1212	0.5036	0.3486
1213	0.5079	0.355
1214	0.5108	0.3572
1215	0.5172	0.3578
1216	0.5243	0.3684
1217	0.5177	0.3637
1218	0.5061	0.3521
1219	0.5305	0.3803
1220	0.5208	0.3682
1221	0.5171	0.364
1222	0.5343	0.3751
1223	0.5083	0.3526
1224	0.505	0.3505
1225	0.5119	0.3572
1226	0.5188	0.3604
1227	0.5219	0.3667
1228	0.5501	0.3985
1229	0.534	0.3823
1230	0.5434	0.3839
1231	0.5311	0.3749
1232	0.5096	0.3581
1233	0.5167	0.3657
1234	0.5042	0.3504
1235	0.5042	0.3498
1236	0.5083	0.355
1237	0.5049	0.3524
1238	0.5006	0.3465
1239	0.5061	0.3515
1240	0.4997	0.3491
1241	0.5066	0.352
1242	0.5209	0.3648
1243	0.5089	0.3545
1244	0.503	0.3508
1245	0.5002	0.3469
1246	0.5074	0.3525
1247	0.5048	0.3501
1248	0.5017	0.3491
1249	0.5036	0.3507
1250	0.5076	0.3531
1251	0.5423	0.3931
1252	0.4985	0.3455
1253	0.5035	0.3507
1254	0.5169	0.3622
1255	0.5181	0.3652
1256	0.5034	0.3535
1257	0.5216	0.3689
1258	0.502	0.3506
1259	0.5246	0.3693
1260	0.5216	0.3671
1261	0.5013	0.3472
1262	0.5123	0.358
1263	0.507	0.3543
1264	0.5174	0.3627
1265	0.5175	0.3689
1266	0.5156	0.3627
1267	0.5013	0.3489
1268	0.5001	0.3487
1269	0.4944	0.3408
1270	0.5084	0.3567
1271	0.4981	0.3464
1272	0.5105	0.3586
1273	0.5111	0.3596
1274	0.5041	0.353
1275	0.4989	0.3456
1276	0.5052	0.3506
1277	0.4967	0.3457
1278	0.5094	0.3568
1279	0.5082	0.3603
1280	0.5245	0.3769
1281	0.4967	0.3447
1282	0.5073	0.3565
1283	0.5313	0.3773
1284	0.5063	0.3553
1285	0.5133	0.3599
1286	0.508	0.3566
1287	0.4968	0.3442
1288	0.4989	0.3464
1289	0.504	0.3507
1290	0.5264	0.373
1291	0.5134	0.3622
1292	0.5316	0.3793
1293	0.5091	0.3555
1294	0.5111	0.3571
1295	0.4975	0.3481
1296	0.4977	0.3482
1297	0.5024	0.3519
1298	0.4996	0.3477
1299	0.4977	0.3452
1300	0.5178	0.3671
1301	0.5006	0.3498
1302	0.5006	0.3479
1303	0.4951	0.345
1304	0.511	0.3613
1305	0.4983	0.3473
1306	0.4946	0.3435
1307	0.5037	0.3502
1308	0.5007	0.3486
1309	0.4909	0.3386
1310	0.4903	0.3391
1311	0.4927	0.3405
1312	0.4954	0.3447
1313	0.4961	0.3481
1314	0.5121	0.3657
1315	0.4981	0.3496
1316	0.5093	0.3574
1317	0.505	0.3541
1318	0.5021	0.3576
1319	0.4926	0.3435
1320	0.4966	0.3459
1321	0.5111	0.3603
1322	0.5704	0.4281
1323	0.5555	0.4115
1324	0.5063	0.3551
1325	0.5123	0.3654
1326	0.5064	0.3598
1327	0.5067	0.359
1328	0.4938	0.3447
1329	0.4971	0.351
1330	0.4996	0.3445
1331	0.4892	0.3379
1332	0.4906	0.3387
1333	0.489	0.338
1334	0.4884	0.3396
1335	0.4936	0.3416
1336	0.4924	0.341
1337	0.4954	0.3484
1338	0.4945	0.3477
1339	0.5	0.3504
1340	0.4948	0.3457
1341	0.5009	0.3523
1342	0.493	0.345
1343	0.4934	0.3443
1344	0.4962	0.3474
1345	0.4974	0.347
1346	0.4941	0.3446
1347	0.4908	0.3411
1348	0.4935	0.347
1349	0.4901	0.3422
1350	0.4948	0.3434
1351	0.4911	0.3413
1352	0.4894	0.3412
1353	0.4856	0.3375
1354	0.4981	0.3505
1355	0.488	0.3421
1356	0.5082	0.3622
1357	0.4915	0.342
1358	0.5257	0.3772
1359	0.5347	0.387
1360	0.4992	0.3496
1361	0.502	0.3518
1362	0.5052	0.3523
1363	0.4961	0.3482
1364	0.5054	0.3567
1365	0.4938	0.3461
1366	0.4847	0.3356
1367	0.4841	0.3347
1368	0.492	0.3457
1369	0.5379	0.3851
1370	0.5154	0.3625
1371	0.4853	0.3375
1372	0.5001	0.3556
1373	0.5202	0.3762
1374	0.4868	0.3387
1375	0.486	0.3397
1376	0.4791	0.3324
1377	0.4793	0.3309
1378	0.4862	0.3363
1379	0.492	0.3449
1380	0.5344	0.3848
1381	0.4876	0.343
1382	0.4867	0.3391
1383	0.4857	0.3364
1384	0.4795	0.3338
1385	0.4875	0.3366
1386	0.4846	0.3363
1387	0.5043	0.3618
1388	0.5376	0.3971
1389	0.4961	0.3519
1390	0.4861	0.3382
1391	0.5136	0.3704
1392	0.5502	0.4135
1393	0.5059	0.3603
1394	0.5004	0.3573
1395	0.4988	0.3509
1396	0.4842	0.3363
1397	0.4927	0.3442
1398	0.4869	0.3437
1399	0.4888	0.3415
1400	0.5	0.3544
1401	0.4764	0.3308
1402	0.483	0.3368
1403	0.4867	0.3398
1404	0.4892	0.3446
1405	0.4941	0.3461
1406	0.486	0.3379
1407	0.4854	0.3402
1408	0.4823	0.3358
1409	0.4788	0.3331
1410	0.4961	0.3496
1411	0.5048	0.3584
1412	0.5062	0.3598
1413	0.5082	0.3621
1414	0.4815	0.3347
1415	0.4861	0.3418
1416	0.4787	0.3306
1417	0.4948	0.3484
1418	0.4853	0.3395
1419	0.5048	0.3571
1420	0.4891	0.3389
1421	0.5111	0.3653
1422	0.4783	0.3303
1423	0.4832	0.3357
1424	0.4805	0.3338
1425	0.4714	0.3243
1426	0.4813	0.3325
1427	0.4917	0.3453
1428	0.4949	0.3469
1429	0.4852	0.3377
1430	0.4851	0.3385
1431	0.5052	0.359
1432	0.4835	0.3391
1433	0.4831	0.3406
1434	0.5122	0.3696
1435	0.4903	0.3446
1436	0.4835	0.3376
1437	0.4853	0.3408
1438	0.4844	0.3421
1439	0.4837	0.3389
1440	0.4778	0.3329
1441	0.472	0.3257
1442	0.475	0.3278
1443	0.4901	0.343
1444	0.4841	0.3389
1445	0.4963	0.349
1446	0.4767	0.3317
1447	0.4825	0.3367
1448	0.4727	0.3252
1449	0.483	0.3395
1450	0.4863	0.3418
1451	0.4803	0.3336
1452	0.4911	0.3478
1453	0.5014	0.3563
1454	0.4749	0.3294
1455	0.4744	0.3301
1456	0.4717	0.3281
1457	0.4759	0.3288
1458	0.476	0.3351
1459	0.4778	0.3345
1460	0.4791	0.3385
1461	0.4745	0.3291
1462	0.4762	0.3302
1463	0.4725	0.3293
1464	0.4715	0.327
1465	0.4807	0.3355
1466	0.4794	0.3349
1467	0.4802	0.3358
1468	0.4745	0.3307
1469	0.4694	0.3254
1470	0.4743	0.3293
1471	0.4863	0.3423
1472	0.4821	0.3335
1473	0.4948	0.3468
1474	0.4957	0.3524
1475	0.4796	0.3345
1476	0.4746	0.3321
1477	0.4723	0.3293
1478	0.479	0.3325
1479	0.4727	0.3272
1480	0.4839	0.3384
1481	0.4903	0.3484
1482	0.4694	0.3256
1483	0.4921	0.3477
1484	0.4907	0.3478
1485	0.4807	0.3369
1486	0.494	0.3515
1487	0.4927	0.3454
1488	0.5092	0.3634
1489	0.4762	0.3291
1490	0.4683	0.3234
1491	0.4793	0.3323
1492	0.4685	0.3264
1493	0.4718	0.3271
1494	0.4691	0.3279
1495	0.4747	0.3286
1496	0.4755	0.331
1497	0.4858	0.3395
1498	0.4764	0.3339
1499	0.4695	0.3269
1500	0.4594	0.3158
1501	0.455	0.312
1502	0.4549	0.3124
1503	0.4524	0.3088
1504	0.4525	0.3087
1505	0.4509	0.3066
1506	0.4519	0.3073
1507	0.4509	0.3064
1508	0.4496	0.306
1509	0.4512	0.308
1510	0.4503	0.3067
1511	0.4493	0.305
1512	0.4512	0.3081
1513	0.449	0.3053
1514	0.4479	0.3027
1515	0.4495	0.3049
1516	0.4488	0.305
1517	0.4517	0.308
1518	0.4487	0.3047
1519	0.4498	0.3053
1520	0.4473	0.3033
1521	0.4497	0.3063
1522	0.449	0.3065
1523	0.4476	0.3052
1524	0.4479	0.3058
1525	0.4494	0.3059
1526	0.4463	0.3029
1527	0.4469	0.3038
1528	0.4475	0.304
1529	0.4461	0.3017
1530	0.4478	0.3027
1531	0.4541	0.3109
1532	0.4495	0.3056
1533	0.4458	0.3024
1534	0.4459	0.3034
1535	0.4489	0.3055
1536	0.446	0.3023
1537	0.4461	0.3022
1538	0.4452	0.3014
1539	0.4464	0.3019
1540	0.4477	0.3032
1541	0.445	0.3018
1542	0.4461	0.3031
1543	0.4497	0.3071
1544	0.4474	0.3042
1545	0.445	0.3009
1546	0.4461	0.3031
1547	0.4453	0.3019
1548	0.4456	0.3024
1549	0.445	0.3015
1550	0.4462	0.3032
1551	0.4445	0.3011
1552	0.4454	0.3017
1553	0.4463	0.3023
1554	0.4445	0.3012
1555	0.4454	0.3021
1556	0.4472	0.3035
1557	0.4451	0.3029
1558	0.4497	0.3075
1559	0.4499	0.3072
1560	0.447	0.3032
1561	0.4459	0.3023
1562	0.4449	0.3021
1563	0.4434	0.3006
1564	0.4447	0.3019
1565	0.4436	0.3002
1566	0.443	0.3003
1567	0.4441	0.3015
1568	0.444	0.3014
1569	0.4436	0.3006
1570	0.4447	0.3017
1571	0.4462	0.3051
1572	0.4495	0.3085
1573	0.4437	0.3017
1574	0.4432	0.3004
1575	0.443	0.2998
1576	0.4443	0.3018
1577	0.4419	0.2997
1578	0.4424	0.2999
1579	0.4421	0.2996
1580	0.4425	0.2999
1581	0.4429	0.3003
1582	0.4425	0.3001
1583	0.4436	0.3017
1584	0.4428	0.3012
1585	0.4442	0.3015
1586	0.4434	0.3007
1587	0.4432	0.3008
1588	0.4448	0.3015
1589	0.4436	0.2996
1590	0.4431	0.2991
1591	0.4429	0.3003
1592	0.4436	0.3007
1593	0.442	0.2989
1594	0.4425	0.3002
1595	0.4437	0.301
1596	0.4442	0.302
1597	0.4423	0.2993
1598	0.4428	0.2996
1599	0.4446	0.3025
1600	0.4475	0.305
1601	0.4431	0.3012
1602	0.4478	0.3068
1603	0.442	0.2992
1604	0.442	0.2996
1605	0.4413	0.298
1606	0.4435	0.3012
1607	0.4426	0.3
1608	0.4422	0.2998
1609	0.4424	0.3002
1610	0.4445	0.3034
1611	0.4415	0.2995
1612	0.4411	0.2979
1613	0.4453	0.3036
1614	0.4413	0.2994
1615	0.4436	0.3006
1616	0.4432	0.3012
1617	0.4434	0.3003
1618	0.4432	0.3015
1619	0.4408	0.2982
1620	0.4405	0.2975
1621	0.4459	0.3026
1622	0.4469	0.3044
1623	0.4436	0.3004
1624	0.4425	0.2993
1625	0.4408	0.298
1626	0.4407	0.2977
1627	0.4404	0.2974
1628	0.4413	0.2985
1629	0.4416	0.2994
1630	0.4407	0.2988
1631	0.4409	0.2978
1632	0.4435	0.3021
1633	0.4415	0.2995
1634	0.4417	0.2996
1635	0.4415	0.2989
1636	0.4428	0.3011
1637	0.4418	0.2994
1638	0.4434	0.3012
1639	0.4402	0.2983
1640	0.4403	0.298
1641	0.4417	0.3
1642	0.4431	0.3022
1643	0.4407	0.2981
1644	0.4435	0.3018
1645	0.4416	0.2996
1646	0.4403	0.2985
1647	0.4406	0.299
1648	0.4397	0.2983
1649	0.4413	0.2999
1650	0.4402	0.2978
1651	0.4403	0.2979
1652	0.4437	0.3006
1653	0.4397	0.2968
1654	0.4392	0.2979
1655	0.4432	0.3028
1656	0.4423	0.3017
1657	0.4406	0.2995
1658	0.4398	0.297
1659	0.4414	0.2997
1660	0.4401	0.2979
1661	0.4391	0.2966
1662	0.4397	0.2979
1663	0.4412	0.2994
1664	0.4398	0.2979
1665	0.4418	0.2994
1666	0.4402	0.2985
1667	0.4405	0.2984
1668	0.4402	0.2977
1669	0.4407	0.2988
1670	0.4411	0.2991
1671	0.441	0.2999
1672	0.4393	0.2982
1673	0.4389	0.2967
1674	0.4393	0.2976
1675	0.4406	0.2984
1676	0.4396	0.2979
1677	0.4396	0.2975
1678	0.4396	0.2978
1679	0.4397	0.2976
1680	0.439	0.2962
1681	0.4399	0.2986
1682	0.4388	0.2968
1683	0.4413	0.3003
1684	0.4403	0.298
1685	0.4398	0.2982
1686	0.4379	0.2954
1687	0.4379	0.2958
1688	0.4385	0.2972
1689	0.44	0.2984
1690	0.4412	0.3001
1691	0.4377	0.296
1692	0.4386	0.2972
1693	0.4403	0.2992
1694	0.4393	0.2981
1695	0.4386	0.2967
1696	0.4402	0.2994
1697	0.4395	0.298
1698	0.4396	0.298
1699	0.4379	0.2956
1700	0.4396	0.2974
1701	0.4429	0.3016
1702	0.4394	0.297
1703	0.4409	0.2984
1704	0.4421	0.3001
1705	0.4402	0.2981
1706	0.4398	0.2984
1707	0.4388	0.2974
1708	0.4398	0.2986
1709	0.4377	0.2956
1710	0.4384	0.2958
1711	0.4391	0.2979
1712	0.4381	0.2959
1713	0.439	0.2979
1714	0.4399	0.2986
1715	0.4397	0.2983
1716	0.4405	0.2999
1717	0.4381	0.2961
1718	0.4387	0.2974
1719	0.4374	0.2956
1720	0.4373	0.2961
1721	0.4405	0.3004
1722	0.4404	0.2984
1723	0.4393	0.2987
1724	0.438	0.2975
1725	0.4436	0.3048
1726	0.4377	0.2976
1727	0.4375	0.2972
1728	0.441	0.3018
1729	0.4371	0.2956
1730	0.438	0.2961
1731	0.4384	0.2969
1732	0.4375	0.2966
1733	0.4374	0.2968
1734	0.4366	0.2951
1735	0.4394	0.2993
1736	0.4374	0.296
1737	0.4372	0.2958
1738	0.4379	0.2968
1739	0.4386	0.2987
1740	0.4363	0.2947
1741	0.4393	0.2988
1742	0.44	0.3005
1743	0.438	0.2979
1744	0.4406	0.2984
1745	0.4376	0.2962
1746	0.4378	0.2968
1747	0.4407	0.301
1748	0.4378	0.2979
1749	0.4399	0.299
1750	0.4386	0.2976
1751	0.4371	0.2966
1752	0.4371	0.2954
1753	0.436	0.2947
1754	0.4391	0.2983
1755	0.4387	0.2964
1756	0.4371	0.2963
1757	0.4358	0.2944
1758	0.4355	0.2939
1759	0.4363	0.2946
1760	0.4364	0.2946
1761	0.4372	0.2961
1762	0.437	0.2953
1763	0.4356	0.2936
1764	0.4349	0.2938
1765	0.4368	0.2962
1766	0.4371	0.2964
1767	0.4365	0.2948
1768	0.444	0.3031
1769	0.4417	0.3013
1770	0.4389	0.2989
1771	0.4389	0.2978
1772	0.4366	0.2945
1773	0.4386	0.2987
1774	0.4367	0.2963
1775	0.4387	0.2996
1776	0.4358	0.295
1777	0.4361	0.2946
1778	0.4375	0.2979
1779	0.4358	0.295
1780	0.4362	0.295
1781	0.4369	0.2957
1782	0.4425	0.3008
1783	0.4362	0.2954
1784	0.4407	0.3004
1785	0.4373	0.2957
1786	0.439	0.2972
1787	0.4367	0.2962
1788	0.4348	0.2934
1789	0.4358	0.2946
1790	0.4352	0.2936
1791	0.4347	0.2936
1792	0.4354	0.2948
1793	0.4373	0.2958
1794	0.4351	0.2936
1795	0.4355	0.294
1796	0.4355	0.295
1797	0.4349	0.2945
1798	0.4371	0.2963
1799	0.4375	0.2967
1800	0.4386	0.2979
1801	0.4352	0.2932
1802	0.4356	0.2955
1803	0.4347	0.2936
1804	0.4372	0.2967
1805	0.4355	0.2949
1806	0.439	0.2995
1807	0.436	0.2959
1808	0.4351	0.2944
1809	0.4342	0.2938
1810	0.4348	0.2935
1811	0.4344	0.2934
1812	0.4387	0.3003
1813	0.4367	0.2964
1814	0.4393	0.299
1815	0.4359	0.2955
1816	0.4359	0.2955
1817	0.4348	0.2941
1818	0.4355	0.2947
1819	0.4349	0.2942
1820	0.4356	0.296
1821	0.436	0.2959
1822	0.4342	0.2935
1823	0.4348	0.2948
1824	0.4342	0.2934
1825	0.442	0.302
1826	0.4369	0.2959
1827	0.4345	0.2942
1828	0.4377	0.2985
1829	0.4392	0.3014
1830	0.4345	0.2948
1831	0.4365	0.2963
1832	0.4369	0.2975
1833	0.4347	0.2942
1834	0.4347	0.2946
1835	0.4342	0.2941
1836	0.4349	0.2943
1837	0.4329	0.2924
1838	0.4336	0.2928
1839	0.4339	0.2944
1840	0.4329	0.2919
1841	0.4341	0.2937
1842	0.436	0.2968
1843	0.4338	0.2943
1844	0.4348	0.2946
1845	0.4327	0.2922
1846	0.4363	0.2968
1847	0.4341	0.2928
1848	0.436	0.2964
1849	0.4335	0.2924
1850	0.433	0.2928
1851	0.4351	0.2954
1852	0.4334	0.2937
1853	0.4339	0.2939
1854	0.434	0.2941
1855	0.4339	0.294
1856	0.4338	0.2942
1857	0.4339	0.2938
1858	0.4365	0.2973
1859	0.4351	0.2944
1860	0.4337	0.2935
1861	0.4358	0.296
1862	0.4362	0.2964
1863	0.4341	0.2938
1864	0.4341	0.2941
1865	0.4342	0.2938
1866	0.435	0.2948
1867	0.4371	0.2972
1868	0.439	0.2997
1869	0.4331	0.2929
1870	0.4338	0.2943
1871	0.4368	0.2956
1872	0.436	0.2966
1873	0.4335	0.2937
1874	0.4338	0.2941
1875	0.4333	0.2931
1876	0.4329	0.2924
1877	0.4327	0.2924
1878	0.434	0.2939
1879	0.434	0.2944
1880	0.437	0.2973
1881	0.4434	0.3035
1882	0.437	0.2974
1883	0.4324	0.2917
1884	0.4337	0.2943
1885	0.4334	0.2942
1886	0.4326	0.2933
1887	0.433	0.2934
1888	0.4333	0.2927
1889	0.4333	0.2939
1890	0.4352	0.296
1891	0.4318	0.2918
1892	0.4327	0.2931
1893	0.4321	0.2923
1894	0.4321	0.2916
1895	0.4334	0.2945
1896	0.4317	0.2917
1897	0.4327	0.2932
1898	0.4319	0.2926
1899	0.4326	0.2933
1900	0.4316	0.2917
1901	0.4367	0.299
1902	0.4355	0.2972
1903	0.4328	0.2935
1904	0.4325	0.2924
1905	0.4342	0.2941
1906	0.4319	0.2923
1907	0.4334	0.2932
1908	0.4341	0.294
1909	0.4318	0.2918
1910	0.4326	0.2929
1911	0.4353	0.2953
1912	0.4329	0.2932
1913	0.4322	0.2911
1914	0.4321	0.2919
1915	0.4341	0.2947
1916	0.4333	0.2945
1917	0.4336	0.2936
1918	0.4334	0.2935
1919	0.4322	0.2924
1920	0.4322	0.2923
1921	0.4344	0.2948
1922	0.4327	0.2926
1923	0.4321	0.2935
1924	0.4325	0.2933
1925	0.4334	0.2941
1926	0.432	0.2926
1927	0.432	0.2925
1928	0.4333	0.2941
1929	0.4327	0.2917
1930	0.4328	0.293
1931	0.4348	0.2955
1932	0.4355	0.2969
1933	0.4332	0.2948
1934	0.4324	0.2931
1935	0.4322	0.2926
1936	0.4314	0.2917
1937	0.4328	0.2935
1938	0.4326	0.2929
1939	0.4313	0.292
1940	0.4327	0.2929
1941	0.431	0.2912
1942	0.4312	0.2915
1943	0.4315	0.2909
1944	0.4316	0.2924
1945	0.4319	0.2917
1946	0.4329	0.2942
1947	0.4317	0.2922
1948	0.4299	0.2902
1949	0.4304	0.2911
1950	0.4305	0.2914
1951	0.4323	0.293
1952	0.4312	0.2913
1953	0.4372	0.2977
1954	0.4343	0.2951
1955	0.4302	0.2906
1956	0.4306	0.2906
1957	0.4298	0.2904
1958	0.4307	0.2912
1959	0.4305	0.2904
1960	0.4325	0.2929
1961	0.4345	0.2955
1962	0.4321	0.293
1963	0.4308	0.2914
1964	0.4314	0.2924
1965	0.4316	0.292
1966	0.4309	0.292
1967	0.4302	0.2908
1968	0.4306	0.2905
1969	0.4335	0.2944
1970	0.4331	0.2941
1971	0.434	0.2947
1972	0.4335	0.295
1973	0.4307	0.2909
1974	0.4317	0.2928
1975	0.4313	0.2925
1976	0.4312	0.2916
1977	0.433	0.2937
1978	0.431	0.2912
1979	0.4304	0.2908
1980	0.4304	0.2913
1981	0.4318	0.292
1982	0.4368	0.2985
1983	0.4308	0.2917
1984	0.4296	0.2906
1985	0.4311	0.2921
1986	0.4348	0.2961
1987	0.4309	0.2924
1988	0.4342	0.2948
1989	0.4299	0.2902
1990	0.4295	0.2903
1991	0.4296	0.2916
1992	0.4289	0.2902
1993	0.4303	0.2905
1994	0.4302	0.2907
1995	0.4304	0.2917
1996	0.4298	0.2918
1997	0.4292	0.2897
1998	0.432	0.294
1999	0.4305	0.2914
