epoch:	train_RMSD:	train_MAE:
4	3.9019	2.848
0	7.0257	6.1157
5	3.749	2.8109
1	6.44	5.4419
6	3.6326	2.8046
2	4.6517	3.3953
3	4.1168	2.9531
7	3.5493	2.815
4	3.9019	2.848
8	3.5008	2.8338
5	3.749	2.8109
9	3.4804	2.853
6	3.6326	2.8046
7	3.5493	2.815
10	3.4741	2.8686
8	3.5008	2.8338
11	3.4732	2.8786
9	3.4804	2.853
12	3.4733	2.8828
10	3.4741	2.8686
13	3.4734	2.8837
11	3.4732	2.8786
12	3.4733	2.8827
14	3.4733	2.8829
13	3.4735	2.8847
15	3.4732	2.8808
14	3.4734	2.8838
16	3.4732	2.8807
15	3.4732	2.8818
17	3.4731	2.8792
16	3.4732	2.8799
18	3.4732	2.8801
17	3.4731	2.8775
19	3.4732	2.8818
18	3.4731	2.8801
19	3.4733	2.8835
20	3.4733	2.883
20	3.4733	2.883
21	3.4731	2.8807
21	3.4731	2.8801
22	3.473	2.8804
22	3.4729	2.8802
23	3.4727	2.879
23	3.4727	2.8791
24	3.4725	2.8806
24	3.4725	2.8807
25	3.4722	2.8799
25	3.4722	2.8799
26	3.4719	2.8805
26	3.4719	2.8806
27	3.4713	2.8781
27	3.4713	2.8782
28	3.4708	2.8775
28	3.4708	2.8775
29	3.47	2.8778
29	3.47	2.878
30	3.4685	2.8746
31	3.4659	2.8721
30	3.4685	2.8746
32	3.4617	2.8667
31	3.466	2.8728
33	3.4555	2.8601
32	3.4618	2.8671
34	3.4463	2.852
33	3.4557	2.8603
35	3.4338	2.8406
34	3.4464	2.8515
36	3.4138	2.8187
35	3.4334	2.8408
37	3.3831	2.7775
36	3.4128	2.8149
38	3.3175	2.699
37	3.381	2.7816
39	3.2138	2.5637
40	3.0258	2.2989
38	3.3209	2.7062
41	2.8269	2.0034
39	3.2248	2.5817
42	2.6718	1.8263
40	3.0673	2.3693
43	2.5858	1.7271
41	2.8759	2.0986
44	2.5399	1.6839
45	2.5057	1.646
42	2.7248	1.9011
46	2.4887	1.6326
43	2.6172	1.7635
47	2.4604	1.6178
44	2.5575	1.7031
48	2.4279	1.5858
45	2.5166	1.6606
49	2.3916	1.56
46	2.4983	1.6412
50	2.3781	1.5538
47	2.4781	1.6195
51	2.3597	1.5424
52	2.3469	1.5322
48	2.4512	1.6057
53	2.3436	1.5305
49	2.4134	1.5797
54	2.3087	1.5004
50	2.3838	1.554
55	2.2947	1.4821
51	2.3723	1.5482
56	2.2876	1.4802
52	2.3585	1.5365
57	2.2763	1.4631
53	2.3542	1.5339
58	2.2659	1.4554
59	2.256	1.4515
54	2.3346	1.5253
60	2.2523	1.4521
55	2.3155	1.4978
61	2.2328	1.4247
56	2.2977	1.4886
62	2.2249	1.4112
57	2.2899	1.4778
63	2.2153	1.4067
58	2.2771	1.465
64	2.2283	1.4238
65	2.2076	1.4061
59	2.2689	1.4643
60	2.2637	1.4602
66	2.1828	1.3943
61	2.2487	1.4397
67	2.1499	1.3566
62	2.2393	1.4297
68	2.1084	1.3384
63	2.2286	1.4216
69	2.11	1.3423
70	2.0439	1.3011
64	2.2194	1.408
71	2.0572	1.305
65	2.2217	1.4189
72	1.9893	1.2553
66	2.1998	1.3947
73	1.9762	1.2629
67	2.1833	1.3789
74	1.9536	1.2402
68	2.1943	1.4121
75	1.9304	1.2183
69	2.1484	1.3618
76	1.9008	1.1896
70	2.1097	1.3398
77	1.9092	1.2159
78	1.8977	1.2065
71	2.0749	1.3149
79	1.9425	1.2661
72	2.082	1.3577
80	1.8479	1.1552
73	2.0219	1.3019
81	1.8266	1.1403
74	2.0317	1.3204
82	1.864	1.2032
83	1.7971	1.1242
75	1.9781	1.2642
84	1.7949	1.1229
76	1.9341	1.216
85	1.7831	1.1144
77	1.917	1.2005
86	1.7554	1.0955
87	1.7418	1.0877
78	1.8954	1.1864
88	1.7315	1.0878
79	1.9717	1.2891
89	1.7204	1.0803
80	1.8618	1.164
90	1.724	1.0782
81	1.8427	1.1523
91	1.7076	1.0696
82	1.8942	1.2298
92	1.8005	1.1584
83	1.8096	1.1334
93	1.698	1.0692
94	1.6845	1.0545
84	1.7958	1.118
95	1.6768	1.0509
85	1.7782	1.1105
96	1.6649	1.0425
86	1.7561	1.0954
97	1.6832	1.074
87	1.7494	1.0915
98	1.7562	1.1544
88	1.7394	1.0911
99	1.6583	1.0429
89	1.7296	1.0891
100	1.6438	1.0264
90	1.7134	1.0685
101	1.6334	1.016
91	1.7334	1.1009
102	1.6219	1.0117
92	1.7771	1.1531
103	1.6193	1.0139
93	1.7276	1.1086
104	1.6097	1.0019
94	1.6788	1.048
105	1.6174	1.0161
95	1.6807	1.0555
106	1.6578	1.0679
96	1.6651	1.0437
107	1.6096	1.0192
108	1.6083	1.0175
97	1.7154	1.1054
109	1.5956	0.9947
98	1.7123	1.1114
110	1.6165	1.0147
99	1.655	1.0344
111	1.5736	0.9759
100	1.6649	1.0329
112	1.5777	0.9808
101	1.6437	1.018
113	1.5721	0.9773
102	1.6283	1.0092
114	1.5648	0.9732
115	1.6022	1.0031
103	1.6136	1.0034
116	1.5625	0.9755
104	1.6093	0.9988
117	1.5747	0.9889
105	1.5999	0.9914
118	1.5371	0.9576
106	1.6198	1.0267
119	1.5326	0.9557
107	1.5902	0.9909
120	1.5394	0.9652
108	1.5903	0.9984
121	1.5328	0.9623
122	1.5345	0.959
109	1.5803	0.9761
123	1.5171	0.9395
110	1.5958	0.9907
111	1.5637	0.963
124	1.5151	0.95
125	1.5045	0.9346
112	1.5553	0.9537
126	1.5776	1.0262
113	1.5692	0.9644
127	1.5605	1.014
114	1.5503	0.9523
128	1.4991	0.9292
115	1.5642	0.9633
129	1.5011	0.9383
116	1.5403	0.9531
130	1.4897	0.929
117	1.5427	0.9539
131	1.4885	0.9298
132	1.4826	0.9272
118	1.5208	0.9339
133	1.4842	0.9307
119	1.5283	0.9511
134	1.4668	0.9117
135	1.4693	0.9195
120	1.5462	0.9718
136	1.4678	0.9098
121	1.5495	0.983
137	1.4566	0.9075
122	1.502	0.9246
138	1.4538	0.9103
123	1.5018	0.9175
139	1.4449	0.899
124	1.4915	0.912
140	1.4377	0.8933
125	1.4906	0.9097
141	1.4508	0.902
142	1.4417	0.9014
126	1.5548	1.0079
143	1.4412	0.9058
127	1.5122	0.9559
144	1.4531	0.9119
128	1.4842	0.9066
145	1.4222	0.8818
129	1.4915	0.9171
146	1.4127	0.8771
130	1.4764	0.9146
147	1.4144	0.8748
131	1.4759	0.9098
148	1.4255	0.8912
132	1.4673	0.9053
149	1.4041	0.869
133	1.4535	0.8939
150	1.3972	0.8658
151	1.395	0.8589
134	1.4536	0.8904
152	1.3884	0.8579
135	1.525	0.9586
153	1.3945	0.8619
136	1.452	0.8924
154	1.3839	0.8593
155	1.3924	0.856
137	1.4419	0.8894
156	1.3833	0.8641
138	1.4533	0.8975
157	1.3987	0.8637
139	1.4291	0.8776
158	1.3691	0.8447
140	1.4486	0.8889
159	1.3686	0.8517
160	1.3871	0.885
141	1.4413	0.8913
161	1.3562	0.8338
142	1.4202	0.8741
162	1.366	0.8443
143	1.4131	0.8696
163	1.3637	0.8401
144	1.4065	0.8557
164	1.3411	0.827
165	1.3743	0.8641
145	1.4044	0.8608
166	1.3363	0.8261
146	1.3934	0.8513
167	1.3278	0.8179
147	1.4075	0.8644
168	1.3488	0.8427
148	1.4112	0.8725
169	1.3251	0.8223
149	1.3935	0.8529
170	1.3154	0.808
171	1.3343	0.83
150	1.3814	0.8406
172	1.3042	0.8021
151	1.4038	0.8684
173	1.3185	0.8148
152	1.4055	0.8632
174	1.4055	0.9049
153	1.3957	0.8527
175	1.3288	0.8307
154	1.3791	0.8359
176	1.2973	0.7972
155	1.3855	0.8463
177	1.2984	0.8033
156	1.3597	0.8278
178	1.2866	0.7984
157	1.3632	0.8319
179	1.3576	0.8797
158	1.3527	0.8256
180	1.3558	0.8777
159	1.3446	0.8172
181	1.317	0.836
160	1.3359	0.8143
182	1.307	0.8297
183	1.27	0.782
161	1.3288	0.8056
184	1.279	0.8004
162	1.3248	0.8038
185	1.2663	0.7777
163	1.3447	0.8249
186	1.2556	0.7687
164	1.3337	0.8178
187	1.264	0.7838
165	1.3119	0.7921
188	1.2618	0.7847
166	1.3108	0.7924
189	1.2534	0.7726
167	1.3022	0.7875
190	1.2377	0.7637
168	1.3047	0.7936
191	1.2651	0.7907
169	1.3014	0.7949
192	1.2538	0.7832
170	1.2976	0.7932
193	1.3597	0.8978
171	1.3299	0.8252
194	1.3003	0.8343
195	1.236	0.7633
172	1.2954	0.7889
196	1.2277	0.7584
173	1.2952	0.7901
197	1.233	0.7652
174	1.3479	0.8496
198	1.2291	0.7621
175	1.3246	0.8293
199	1.2131	0.7448
200	1.2181	0.7581
176	1.301	0.8071
201	1.2021	0.7416
177	1.284	0.7889
202	1.2006	0.7374
178	1.2766	0.7824
203	1.2025	0.7433
179	1.2651	0.768
204	1.1919	0.7352
180	1.2662	0.7722
205	1.187	0.73
206	1.2022	0.746
181	1.2591	0.7705
207	1.1953	0.7435
182	1.2494	0.7587
208	1.2235	0.7652
183	1.2488	0.7556
209	1.1912	0.7399
184	1.2506	0.7634
210	1.1712	0.7208
185	1.2463	0.7577
211	1.1801	0.7322
186	1.2463	0.7593
212	1.1702	0.7226
187	1.2545	0.7682
213	1.1828	0.7352
188	1.2415	0.7592
214	1.1677	0.7225
215	1.1616	0.7188
189	1.2288	0.748
216	1.1625	0.7228
190	1.2236	0.7496
217	1.1608	0.7158
191	1.2555	0.7796
218	1.1552	0.7195
192	1.2854	0.8152
219	1.1611	0.7234
193	1.3028	0.8384
220	1.161	0.7302
194	1.2718	0.8089
221	1.1637	0.7302
195	1.2387	0.7682
222	1.1947	0.759
196	1.2281	0.7568
223	1.1664	0.7311
197	1.2321	0.7643
224	1.1597	0.731
198	1.208	0.7436
225	1.1661	0.7443
199	1.2224	0.7602
226	1.1356	0.7047
200	1.2391	0.7803
227	1.1482	0.7251
228	1.1363	0.7089
201	1.1942	0.7318
229	1.1356	0.7103
202	1.1898	0.7265
230	1.1458	0.723
203	1.1919	0.7325
231	1.122	0.6988
232	1.1266	0.6985
204	1.1855	0.7276
233	1.1189	0.6968
205	1.1876	0.7342
234	1.1113	0.689
206	1.2186	0.7696
235	1.1113	0.693
207	1.2035	0.7569
236	1.1113	0.6943
208	1.1724	0.7189
237	1.1212	0.7038
209	1.2019	0.7549
238	1.1076	0.6923
210	1.1687	0.7148
239	1.1183	0.7092
240	1.1186	0.7078
211	1.1745	0.7243
241	1.0967	0.6837
212	1.1607	0.7106
242	1.098	0.6898
213	1.1686	0.7185
243	1.0995	0.6849
214	1.1604	0.7114
244	1.1036	0.6901
215	1.1659	0.7282
245	1.0878	0.6765
246	1.0854	0.6772
216	1.1497	0.7095
247	1.0823	0.6753
217	1.1449	0.7012
248	1.0819	0.6741
218	1.1397	0.7018
249	1.0786	0.6731
219	1.1424	0.7035
250	1.0836	0.6772
220	1.1681	0.7312
251	1.0976	0.6904
221	1.1463	0.7104
252	1.0739	0.6727
222	1.1369	0.7056
253	1.0818	0.6874
223	1.1293	0.6928
254	1.0883	0.6801
224	1.1455	0.7135
255	1.0839	0.6803
225	1.1403	0.7178
256	1.0799	0.6819
257	1.0964	0.6964
226	1.1195	0.6883
258	1.1141	0.7207
227	1.1335	0.7099
259	1.0819	0.6877
228	1.122	0.698
260	1.0657	0.6743
229	1.1227	0.6937
261	1.0711	0.6793
230	1.1192	0.6994
262	1.1111	0.7311
263	1.1023	0.7135
231	1.1168	0.6973
264	1.0718	0.6826
232	1.1815	0.7605
265	1.0535	0.6601
233	1.1145	0.6932
266	1.0515	0.6602
234	1.1074	0.6861
267	1.0669	0.6715
235	1.1309	0.7127
268	1.0598	0.6671
236	1.0977	0.6808
269	1.0737	0.6814
270	1.0454	0.657
237	1.1059	0.6895
271	1.0396	0.6561
238	1.112	0.6971
272	1.0476	0.6662
239	1.101	0.6926
273	1.05	0.6715
240	1.1	0.6889
274	1.0446	0.6636
275	1.0307	0.6492
241	1.0963	0.6853
276	1.0291	0.6489
242	1.094	0.6861
277	1.04	0.6571
278	1.0345	0.6569
243	1.0813	0.6696
279	1.0521	0.6691
244	1.0782	0.6663
280	1.0309	0.6512
245	1.0935	0.6912
281	1.0242	0.6471
246	1.1261	0.7229
282	1.0221	0.6437
247	1.1236	0.7314
283	1.0248	0.6505
248	1.0832	0.6799
284	1.02	0.6478
249	1.0812	0.6819
285	1.0127	0.6376
250	1.0691	0.665
286	1.0436	0.6782
287	1.0171	0.6446
251	1.0965	0.6944
288	1.0341	0.668
252	1.0676	0.6685
289	1.014	0.6416
253	1.0689	0.6748
290	1.0033	0.6332
291	1.0044	0.6349
254	1.0659	0.6658
292	1.0052	0.6374
255	1.0574	0.6581
256	1.0538	0.6577
293	1.0023	0.6361
257	1.0627	0.6685
294	1.0074	0.6468
258	1.0709	0.6746
295	0.9941	0.6274
259	1.0542	0.6642
296	0.996	0.629
260	1.0637	0.6796
297	0.9994	0.6325
261	1.0568	0.6742
298	0.9939	0.6268
262	1.0708	0.6824
299	0.9897	0.6265
300	0.998	0.6377
263	1.0581	0.6708
301	0.9954	0.6386
264	1.0374	0.6506
302	0.9841	0.6258
265	1.0352	0.652
303	1.0096	0.6505
266	1.0486	0.6563
304	0.9857	0.6307
267	1.0709	0.6769
305	1.0114	0.6572
268	1.041	0.6513
306	0.9955	0.6332
269	1.0776	0.6879
307	1.0291	0.6695
270	1.0422	0.6585
308	1.0192	0.6694
309	0.9794	0.6246
271	1.0225	0.6409
310	0.9818	0.6293
272	1.0279	0.6497
311	0.9817	0.6331
273	1.0432	0.6706
312	0.9708	0.6197
274	1.0296	0.6532
313	0.9719	0.6199
275	1.0245	0.6487
314	0.9781	0.6224
315	0.9679	0.6185
276	1.0172	0.6428
316	0.9723	0.6257
277	1.0086	0.6339
317	0.9759	0.6315
278	1.0214	0.6486
318	0.9701	0.6224
279	1.0055	0.6332
319	0.9649	0.6182
280	1.0066	0.6357
320	0.9637	0.6162
281	1.0011	0.6318
321	0.9647	0.617
322	0.9694	0.6204
282	1.0144	0.6443
323	0.978	0.6289
283	1.0082	0.6416
324	0.9548	0.6097
325	0.963	0.6229
284	1.0031	0.6344
326	0.983	0.6477
285	0.9934	0.6245
327	1.0257	0.6914
286	1.0093	0.6462
328	0.9484	0.6117
287	0.9868	0.6212
329	0.9443	0.6058
288	0.986	0.623
330	0.95	0.6131
331	0.9472	0.6073
289	0.9986	0.6401
332	0.9474	0.6082
290	0.9815	0.6166
333	0.9432	0.6092
291	0.9855	0.6217
334	0.9483	0.615
292	0.9836	0.621
335	0.9416	0.6074
293	0.9881	0.6285
336	0.9794	0.648
294	0.988	0.637
337	0.9433	0.6093
295	0.9861	0.6289
338	0.9327	0.5998
296	0.9799	0.6282
339	0.9451	0.6085
297	0.9766	0.6223
340	0.9501	0.6197
341	0.9671	0.6405
298	0.976	0.6154
342	0.9424	0.611
299	0.9633	0.6101
343	0.9431	0.615
300	1.0059	0.6507
344	0.9297	0.599
301	0.9787	0.628
345	0.9249	0.5933
346	0.9516	0.6265
302	0.9643	0.6158
347	1.0499	0.7289
303	1.0009	0.6472
348	0.9825	0.6589
304	0.9617	0.6148
349	0.9511	0.6282
305	0.9762	0.6312
350	0.9249	0.6014
306	0.9544	0.6107
351	0.923	0.5981
307	0.9822	0.6299
352	0.9182	0.591
308	0.9818	0.6359
353	0.9328	0.6037
354	0.9225	0.5986
309	0.9585	0.6122
355	0.925	0.6001
310	0.9484	0.6055
356	0.9298	0.6073
311	0.9495	0.6069
357	0.921	0.6022
312	0.9536	0.6127
358	0.9279	0.6038
313	0.9497	0.6069
359	0.9202	0.601
360	0.915	0.5917
314	0.9542	0.6098
361	0.9081	0.5881
315	0.942	0.5989
362	0.9477	0.6295
316	0.948	0.6092
363	1.0383	0.7239
364	0.982	0.6673
317	0.9408	0.6016
365	0.9245	0.6066
318	0.9383	0.5964
366	0.9305	0.6115
319	0.9405	0.6011
367	0.9042	0.5863
320	0.9458	0.6075
368	0.9016	0.5877
321	0.9535	0.6153
369	0.9029	0.5846
370	0.8982	0.5842
322	0.9287	0.5918
371	0.9003	0.5876
323	0.931	0.5916
372	0.9083	0.5971
373	0.8995	0.5849
324	0.9252	0.5918
374	0.9004	0.5927
325	0.9223	0.5891
375	0.9141	0.603
326	0.9322	0.6034
376	0.9013	0.5908
327	0.9657	0.6425
377	0.8928	0.5812
328	0.9209	0.5901
378	0.8978	0.5857
329	0.9268	0.5936
379	0.892	0.5809
330	0.9321	0.6005
380	0.9047	0.5919
331	0.9168	0.5889
381	0.8939	0.5828
382	0.885	0.5749
332	0.9147	0.5831
383	0.8954	0.5861
333	0.9191	0.5959
384	0.9085	0.5966
334	0.9231	0.5998
385	0.8849	0.576
335	0.9388	0.6093
386	0.9083	0.5984
336	0.9626	0.6374
387	0.9058	0.6009
337	0.9104	0.5848
388	0.888	0.5842
338	0.9075	0.5818
389	0.8781	0.5721
339	0.9316	0.6035
390	0.9135	0.6153
391	0.9091	0.6101
340	0.9588	0.6382
392	0.8764	0.5727
341	0.961	0.64
393	0.8783	0.5748
342	0.9103	0.5914
394	0.8907	0.5846
343	0.9107	0.5934
395	0.8852	0.5812
344	0.9006	0.5797
396	0.8795	0.579
397	0.8734	0.5743
345	0.8935	0.5722
398	0.8807	0.5795
346	0.9588	0.6467
399	0.8832	0.5851
347	1.0196	0.7119
400	0.8671	0.5701
348	0.9378	0.6284
401	0.865	0.5674
349	0.9014	0.5831
402	0.8878	0.5868
350	0.894	0.5788
403	0.8763	0.5759
351	0.8929	0.5737
404	0.8664	0.5709
352	0.8884	0.5716
405	0.8756	0.5819
353	0.9049	0.5901
406	0.8699	0.5757
354	0.9093	0.5988
407	0.8652	0.571
355	0.9077	0.5926
408	0.8695	0.5733
409	0.8608	0.5648
356	0.9101	0.5933
410	0.857	0.5624
357	0.8831	0.5734
411	0.8583	0.5616
358	0.8845	0.5727
412	0.8823	0.5847
359	0.8818	0.5704
413	0.9095	0.6121
360	0.8887	0.5814
414	0.9109	0.6188
361	0.888	0.5779
415	0.8847	0.5982
362	0.9748	0.674
416	0.8706	0.5798
363	0.9581	0.6612
417	0.8784	0.5915
364	0.9124	0.6118
418	0.8604	0.5721
419	0.8655	0.5742
365	0.8752	0.5667
420	0.8522	0.5654
366	0.8755	0.5712
421	0.8534	0.5643
367	0.902	0.6063
422	0.8465	0.5577
368	0.8737	0.5669
423	0.8592	0.5733
369	0.8745	0.5705
424	0.8511	0.5657
425	0.8545	0.5709
370	0.8686	0.5664
426	0.8484	0.5641
371	0.8685	0.5692
427	0.8683	0.5919
372	0.862	0.5622
428	0.835	0.5524
373	0.8615	0.5589
429	0.8352	0.5514
374	0.8575	0.5562
430	0.8388	0.5555
431	0.833	0.5504
375	0.8715	0.5718
432	0.8351	0.5522
376	0.8877	0.5951
433	0.8319	0.5506
377	0.8857	0.5879
434	0.8355	0.5573
378	0.8521	0.5542
435	0.8385	0.5614
379	0.8563	0.56
436	0.831	0.5542
380	0.8842	0.5846
437	0.861	0.5864
381	0.8909	0.5911
438	0.8237	0.5485
439	0.8233	0.5476
382	0.8654	0.5681
440	0.8276	0.553
383	0.8758	0.5791
441	0.8616	0.5889
384	0.8766	0.5788
442	0.8346	0.5573
385	0.8565	0.5603
443	0.8382	0.5619
386	0.8861	0.5944
444	0.8197	0.5458
387	0.8701	0.5825
445	0.8245	0.5519
388	0.8706	0.5804
446	0.83	0.5592
389	0.8382	0.5467
447	0.8359	0.5623
390	0.8585	0.5723
448	0.8169	0.5469
391	0.8835	0.5964
449	0.8158	0.546
450	0.8136	0.5457
392	0.8599	0.5688
451	0.8267	0.5582
393	0.8381	0.5517
452	0.8591	0.5944
394	0.8325	0.5473
453	0.81	0.542
395	0.831	0.5448
454	0.8122	0.5449
396	0.8306	0.5465
455	0.8354	0.5694
456	0.8155	0.5508
397	0.8266	0.5421
457	0.8078	0.5412
398	0.8347	0.5514
458	0.8244	0.563
399	0.8377	0.5492
459	0.8134	0.5493
400	0.8258	0.5437
460	0.8277	0.5627
401	0.8303	0.5514
461	0.802	0.5387
402	0.8392	0.5539
462	0.805	0.5382
403	0.8411	0.5595
463	0.8162	0.5474
464	0.8042	0.5402
404	0.8209	0.5412
465	0.8317	0.5612
405	0.8207	0.5424
466	0.8437	0.5769
406	0.8225	0.5431
467	0.8175	0.5596
468	0.8107	0.5522
407	0.8453	0.5772
469	0.7997	0.537
408	0.8483	0.5774
470	0.8167	0.5612
409	0.8239	0.5434
471	0.8221	0.5715
472	0.8183	0.5611
410	0.8204	0.5419
473	0.8029	0.5468
411	0.8119	0.537
474	0.7967	0.5411
412	0.8116	0.5347
475	0.794	0.537
413	0.8404	0.5706
414	0.8584	0.5903
476	0.8091	0.5499
477	0.7943	0.5397
415	0.8389	0.5691
478	0.7912	0.5334
416	0.8274	0.5561
479	0.7982	0.5413
417	0.8378	0.5733
480	0.7979	0.5419
418	0.8129	0.5421
481	0.8018	0.5483
482	0.7831	0.5289
419	0.8372	0.5699
483	0.7888	0.5348
420	0.8311	0.5557
484	0.8128	0.5623
421	0.8466	0.5745
485	0.7973	0.5497
422	0.8095	0.54
486	0.783	0.5316
487	0.7824	0.5295
423	0.8149	0.5462
488	0.7748	0.5245
424	0.8007	0.5335
489	0.7836	0.5367
425	0.8059	0.5398
490	0.7735	0.5223
491	0.7758	0.5281
426	0.8008	0.5326
492	0.7746	0.5261
427	0.8116	0.5457
493	0.781	0.531
428	0.7892	0.5245
494	0.7885	0.5435
429	0.7978	0.5317
495	0.7794	0.5356
430	0.806	0.5353
496	0.7814	0.5343
497	0.7786	0.5304
431	0.7997	0.5318
498	0.7903	0.5415
432	0.7864	0.5202
499	0.7802	0.5327
433	0.7931	0.527
500	0.7687	0.5213
501	0.7643	0.5189
434	0.7859	0.5217
502	0.7698	0.5251
435	0.7914	0.5318
503	0.7641	0.5211
436	0.7829	0.5222
504	0.7821	0.5379
505	0.7822	0.539
437	0.7963	0.5383
506	0.7806	0.5335
438	0.7815	0.5196
507	0.7658	0.5259
439	0.7807	0.5178
508	0.7644	0.5251
440	0.7793	0.5177
509	0.8253	0.5823
441	0.8214	0.5539
510	0.7796	0.5359
442	0.7896	0.5291
511	0.8139	0.5624
443	0.8023	0.5472
512	0.7717	0.5329
444	0.778	0.5199
513	0.7656	0.5253
514	0.7625	0.5224
445	0.7918	0.5377
515	0.77	0.5307
446	0.8467	0.5955
516	0.7646	0.5234
447	0.8027	0.5508
517	0.7595	0.5189
448	0.7787	0.5247
518	0.7713	0.5272
449	0.7807	0.5261
519	0.7643	0.5251
450	0.7716	0.5135
451	0.8283	0.5761
520	0.7646	0.5295
452	0.8492	0.6003
521	0.7578	0.5214
453	0.798	0.546
522	0.7807	0.5378
454	0.784	0.5315
523	0.7565	0.5236
524	0.7733	0.5366
455	0.7975	0.5406
525	0.7611	0.5244
456	0.7868	0.533
526	0.753	0.5176
457	0.7662	0.5109
527	0.7723	0.536
528	0.7542	0.5213
458	0.8065	0.5576
529	0.7493	0.5132
459	0.7634	0.5131
530	0.7557	0.5241
460	0.7785	0.5281
531	0.7441	0.5103
532	0.7437	0.5113
461	0.7598	0.5082
533	0.741	0.5096
462	0.7587	0.5074
534	0.7442	0.5138
463	0.7698	0.5193
535	0.7386	0.5061
464	0.7636	0.5161
536	0.7479	0.5141
537	0.7395	0.5075
465	0.7853	0.5374
538	0.7477	0.5165
466	0.771	0.5261
539	0.7596	0.5303
467	0.78	0.5347
540	0.7398	0.5087
468	0.7579	0.5116
541	0.7466	0.5206
542	0.7462	0.5183
469	0.7527	0.5038
543	0.7534	0.5259
470	0.7745	0.5318
544	0.7987	0.5678
471	0.7697	0.5261
545	0.7982	0.5723
472	0.7649	0.5199
546	0.7365	0.5072
473	0.7685	0.5307
547	0.7335	0.5062
548	0.7285	0.5007
474	0.7489	0.508
549	0.7366	0.51
475	0.7571	0.5158
550	0.7363	0.5071
476	0.8026	0.5531
551	0.7407	0.51
477	0.7555	0.5137
552	0.7273	0.4985
478	0.7436	0.4994
553	0.7266	0.4986
479	0.7626	0.5197
554	0.7453	0.5165
480	0.7707	0.5345
555	0.752	0.5282
481	0.7455	0.5032
556	0.7443	0.5232
482	0.7395	0.5009
557	0.7283	0.5035
558	0.7526	0.5334
483	0.7374	0.4987
559	0.7545	0.534
484	0.7368	0.496
560	0.7467	0.5224
485	0.7555	0.5223
561	0.7223	0.4985
486	0.7625	0.5252
562	0.7255	0.5018
487	0.7437	0.5017
563	0.7473	0.5188
488	0.7386	0.5018
564	0.7195	0.4947
489	0.7403	0.4975
565	0.7392	0.5136
566	0.733	0.5083
490	0.7511	0.5153
567	0.7322	0.5111
491	0.733	0.5002
568	0.7322	0.5155
492	0.7326	0.4962
569	0.7299	0.5109
493	0.7403	0.5009
570	0.7174	0.4964
571	0.7211	0.4981
494	0.7496	0.5113
572	0.727	0.5067
495	0.7466	0.5109
573	0.7164	0.4945
496	0.7379	0.5049
574	0.7161	0.493
497	0.7233	0.488
575	0.7326	0.5173
576	0.7123	0.4928
498	0.7303	0.4947
577	0.7112	0.4931
499	0.72	0.4852
578	0.717	0.4967
500	0.7551	0.5269
579	0.7068	0.4875
501	0.743	0.5072
580	0.7077	0.489
502	0.747	0.5173
581	0.7118	0.4926
503	0.7242	0.4955
582	0.7081	0.4912
504	0.7209	0.4892
583	0.7226	0.5062
505	0.7297	0.5016
584	0.7324	0.5162
506	0.7302	0.4999
585	0.716	0.4989
586	0.7185	0.499
507	0.736	0.5024
587	0.7171	0.4996
508	0.7477	0.5182
588	0.7245	0.5052
509	0.7759	0.5463
589	0.7551	0.5389
510	0.7305	0.4995
590	0.7446	0.5224
511	0.7532	0.5181
591	0.7058	0.4901
512	0.7178	0.4884
592	0.7181	0.5
513	0.7129	0.4833
593	0.7082	0.4888
514	0.7181	0.4911
594	0.7097	0.4934
515	0.7304	0.5051
595	0.709	0.4907
596	0.705	0.4887
516	0.71	0.4847
597	0.7337	0.5211
517	0.742	0.5125
598	0.7616	0.5546
518	0.7221	0.4941
599	0.7363	0.5262
519	0.7201	0.4931
600	0.7242	0.5109
520	0.7133	0.489
601	0.7031	0.4898
521	0.7119	0.4904
602	0.6943	0.478
522	0.7512	0.5283
603	0.6975	0.4841
523	0.7054	0.4825
604	0.7274	0.5122
524	0.723	0.4979
605	0.7283	0.5214
525	0.702	0.4789
606	0.6988	0.4845
526	0.7059	0.484
607	0.7001	0.488
527	0.712	0.4897
608	0.7083	0.4943
609	0.6986	0.4843
528	0.7023	0.4804
610	0.7014	0.4884
529	0.7277	0.5017
611	0.6925	0.4808
612	0.6985	0.4868
530	0.7187	0.4958
613	0.7	0.4863
531	0.6984	0.4803
614	0.6958	0.4845
532	0.6963	0.4758
615	0.7009	0.4926
533	0.6964	0.4757
616	0.7332	0.5183
617	0.7548	0.5435
534	0.6953	0.4743
618	0.7938	0.5828
535	0.708	0.4893
619	0.7385	0.5284
536	0.7055	0.4881
620	0.6895	0.4787
621	0.6977	0.4891
537	0.6975	0.4822
622	0.7118	0.5004
538	0.7027	0.4803
623	0.7019	0.492
539	0.7008	0.4836
624	0.6938	0.483
625	0.7068	0.4936
540	0.6953	0.4812
626	0.6929	0.4821
627	0.7081	0.4981
541	0.6923	0.4753
542	0.6922	0.4744
628	0.6943	0.483
543	0.6927	0.4797
629	0.6947	0.4856
544	0.7409	0.5226
630	0.6949	0.4878
631	0.7098	0.5043
545	0.7371	0.5237
632	0.6994	0.4911
546	0.7013	0.4873
633	0.687	0.4798
547	0.6954	0.4778
634	0.7033	0.4984
548	0.7137	0.4973
635	0.7006	0.494
549	0.6911	0.4739
636	0.6867	0.482
550	0.6916	0.4757
637	0.689	0.4803
551	0.6904	0.4737
638	0.6941	0.4853
552	0.6839	0.4716
639	0.6956	0.4888
640	0.7183	0.5131
553	0.6901	0.4786
641	0.6956	0.4877
554	0.6947	0.4828
642	0.6916	0.4876
555	0.684	0.4711
643	0.6861	0.4848
556	0.6915	0.4784
644	0.68	0.4721
557	0.6847	0.4683
645	0.6733	0.4689
646	0.6802	0.4744
558	0.6965	0.4823
647	0.6797	0.4767
559	0.6973	0.4815
648	0.6744	0.4701
649	0.6883	0.4796
560	0.6936	0.4825
650	0.6774	0.4706
561	0.6825	0.4735
651	0.6848	0.4823
562	0.7157	0.5109
652	0.6715	0.4642
563	0.7212	0.508
653	0.6792	0.4746
654	0.6771	0.4722
564	0.6972	0.4888
655	0.6851	0.4793
565	0.6982	0.4873
656	0.6672	0.464
566	0.6854	0.4741
657	0.6729	0.4681
658	0.6807	0.4773
567	0.6943	0.4784
659	0.6895	0.4859
568	0.695	0.4819
660	0.6796	0.4759
569	0.6758	0.4647
661	0.6627	0.4597
570	0.6799	0.4703
662	0.6666	0.4636
663	0.7059	0.5069
571	0.674	0.4647
664	0.6783	0.4765
572	0.6868	0.4768
665	0.6655	0.4642
573	0.6758	0.4679
666	0.6688	0.4658
574	0.6741	0.4635
667	0.6615	0.4587
575	0.7327	0.5232
668	0.6794	0.4801
576	0.7171	0.5063
669	0.6749	0.474
577	0.7059	0.4951
670	0.6721	0.4687
671	0.6665	0.4651
578	0.6786	0.4694
672	0.6844	0.481
579	0.6825	0.4698
673	0.6689	0.4677
580	0.6708	0.4635
674	0.6634	0.4601
581	0.6733	0.4624
675	0.6641	0.462
582	0.6822	0.478
676	0.6591	0.4591
583	0.6847	0.4795
677	0.6628	0.462
584	0.6718	0.4624
678	0.6674	0.4651
679	0.6735	0.4693
585	0.6943	0.4885
680	0.6602	0.4588
586	0.6629	0.4544
681	0.67	0.465
587	0.6671	0.4601
682	0.655	0.454
588	0.6715	0.4646
683	0.717	0.516
589	0.6692	0.4666
684	0.6668	0.4669
685	0.6582	0.4593
590	0.6825	0.4768
686	0.6546	0.4578
591	0.7053	0.5018
687	0.669	0.4684
592	0.6633	0.4606
688	0.6714	0.469
689	0.6538	0.4558
593	0.6618	0.4562
690	0.6559	0.4555
594	0.679	0.473
691	0.6632	0.4646
595	0.6694	0.4634
692	0.6641	0.4613
596	0.6721	0.4644
693	0.6599	0.4593
597	0.6724	0.4691
694	0.651	0.4511
598	0.6652	0.4606
695	0.6511	0.4511
599	0.6639	0.4587
696	0.6561	0.4601
600	0.6579	0.4519
697	0.6586	0.4581
601	0.6684	0.4658
698	0.6823	0.4817
602	0.662	0.4561
699	0.657	0.4594
700	0.6511	0.4528
603	0.7037	0.4954
701	0.6507	0.454
604	0.7333	0.5275
702	0.6507	0.4498
605	0.6937	0.4923
703	0.6507	0.4514
606	0.6631	0.4564
704	0.6576	0.4598
705	0.6738	0.4795
607	0.6671	0.4622
706	0.6664	0.4673
608	0.6677	0.4661
707	0.6515	0.4529
609	0.6682	0.4686
708	0.6809	0.4831
610	0.6565	0.4531
709	0.6602	0.4648
611	0.6528	0.4508
710	0.6902	0.4923
612	0.6567	0.4552
711	0.6511	0.4548
613	0.6588	0.4561
712	0.6461	0.4527
614	0.651	0.4488
713	0.6555	0.462
615	0.6639	0.46
714	0.6492	0.453
616	0.675	0.4701
715	0.691	0.4942
617	0.6771	0.4789
716	0.6514	0.4555
717	0.6731	0.4758
618	0.692	0.4909
619	0.7104	0.5087
718	0.6949	0.4983
719	0.6565	0.462
620	0.6895	0.4875
720	0.6573	0.4638
621	0.679	0.4749
721	0.6644	0.4665
622	0.6604	0.4609
722	0.646	0.4491
623	0.6496	0.4481
723	0.649	0.4545
624	0.6516	0.4511
724	0.6588	0.4616
625	0.6662	0.4674
725	0.6496	0.4559
626	0.6478	0.4472
726	0.645	0.4508
627	0.6816	0.4845
727	0.6389	0.4461
628	0.6516	0.4558
728	0.6742	0.478
629	0.6527	0.4555
729	0.636	0.4426
630	0.661	0.4684
730	0.641	0.4518
731	0.6438	0.4485
631	0.6574	0.4646
732	0.6406	0.4481
632	0.6815	0.4808
733	0.6396	0.4487
633	0.6568	0.4606
734	0.6405	0.4454
735	0.6493	0.4579
634	0.6431	0.445
736	0.6379	0.4428
635	0.656	0.4552
737	0.638	0.4481
636	0.6534	0.4583
738	0.6402	0.4475
637	0.6517	0.4525
739	0.6331	0.4422
638	0.647	0.448
740	0.6346	0.443
639	0.65	0.4519
741	0.6326	0.4427
742	0.6331	0.4428
640	0.6711	0.4759
743	0.6732	0.4822
641	0.6726	0.4765
744	0.6502	0.458
642	0.6658	0.4687
745	0.6368	0.4437
643	0.6536	0.4555
746	0.6429	0.4489
644	0.6541	0.4541
747	0.656	0.4649
645	0.6496	0.4505
748	0.641	0.4523
749	0.641	0.4526
646	0.6394	0.4418
750	0.6284	0.4375
647	0.6443	0.4464
751	0.6361	0.4463
648	0.6356	0.4409
752	0.6318	0.4418
753	0.6463	0.4542
649	0.6392	0.4435
754	0.6718	0.4775
650	0.6382	0.4405
755	0.6377	0.4447
651	0.6601	0.4642
756	0.6498	0.4615
652	0.6633	0.4635
757	0.6304	0.4409
758	0.6303	0.4396
653	0.6398	0.4425
759	0.6511	0.4616
654	0.6427	0.4446
760	0.6819	0.4904
655	0.6519	0.4582
761	0.6322	0.4416
656	0.653	0.4606
762	0.64	0.4499
657	0.6549	0.4591
763	0.6333	0.4436
764	0.6843	0.4884
658	0.6472	0.4507
765	0.7432	0.5461
659	0.6408	0.4461
766	0.6867	0.4951
660	0.6369	0.445
767	0.6439	0.455
661	0.6392	0.4429
768	0.6294	0.4396
662	0.6392	0.4476
769	0.624	0.4355
663	0.665	0.4694
770	0.6371	0.45
771	0.6254	0.4364
664	0.6382	0.4503
772	0.6227	0.4372
665	0.6343	0.438
773	0.6356	0.4458
666	0.6334	0.4402
774	0.6554	0.4662
667	0.6376	0.4416
775	0.6215	0.4345
668	0.6366	0.4409
776	0.6172	0.429
669	0.6298	0.4402
777	0.6209	0.4319
670	0.6267	0.4332
778	0.6255	0.4347
779	0.6302	0.4418
671	0.6316	0.4356
780	0.6182	0.4301
672	0.6635	0.4673
781	0.6526	0.4605
673	0.705	0.5127
782	0.6695	0.4803
674	0.6358	0.44
783	0.6235	0.4365
675	0.6379	0.4436
784	0.623	0.4333
676	0.6278	0.4328
785	0.6394	0.4528
677	0.6262	0.4333
786	0.6354	0.4445
787	0.6329	0.4487
678	0.6267	0.4366
788	0.6319	0.4472
679	0.6279	0.435
789	0.6402	0.4532
680	0.6281	0.4381
790	0.625	0.4397
681	0.6355	0.4402
791	0.6128	0.4261
792	0.6225	0.4363
682	0.6343	0.4402
793	0.6171	0.4298
683	0.6825	0.4881
794	0.6144	0.4283
684	0.6235	0.4311
795	0.6173	0.4317
685	0.6236	0.4297
796	0.6256	0.4395
686	0.6287	0.438
797	0.6322	0.4415
687	0.6253	0.4356
798	0.6243	0.4375
799	0.652	0.468
688	0.6265	0.435
800	0.6162	0.4291
689	0.6514	0.4583
801	0.6166	0.4305
690	0.6238	0.4308
802	0.619	0.4329
803	0.6169	0.4319
691	0.6184	0.4278
804	0.6103	0.4243
692	0.6169	0.4274
693	0.6191	0.4287
805	0.6158	0.429
806	0.61	0.4255
694	0.6191	0.4276
807	0.6289	0.4437
695	0.6188	0.4273
808	0.6174	0.4347
809	0.6239	0.4391
696	0.6205	0.4303
810	0.623	0.439
697	0.6201	0.4276
811	0.6132	0.4249
698	0.6531	0.4649
812	0.6351	0.4473
699	0.62	0.4316
813	0.609	0.4261
814	0.6605	0.471
700	0.6162	0.4249
815	0.6252	0.4417
701	0.6294	0.4394
816	0.6117	0.4267
702	0.6296	0.4456
817	0.6166	0.4339
703	0.6201	0.4282
818	0.6352	0.4569
704	0.6177	0.4302
819	0.6192	0.4351
705	0.6328	0.4439
820	0.628	0.441
706	0.6293	0.4366
821	0.6297	0.4453
707	0.628	0.4374
822	0.6244	0.4398
708	0.6294	0.4391
823	0.6305	0.4475
709	0.6131	0.4276
824	0.609	0.4261
710	0.6182	0.4286
825	0.614	0.4296
711	0.6669	0.4762
826	0.6082	0.4236
712	0.6797	0.4976
827	0.611	0.426
713	0.6187	0.4319
828	0.6184	0.4369
714	0.6207	0.4306
829	0.6244	0.4434
715	0.6458	0.4531
830	0.6241	0.4388
716	0.6174	0.4279
831	0.6257	0.4374
717	0.6355	0.4443
832	0.6041	0.4212
833	0.6124	0.431
718	0.6804	0.4901
834	0.6099	0.4276
719	0.646	0.4557
835	0.6026	0.4202
720	0.6144	0.4286
836	0.6065	0.4219
837	0.6275	0.4385
721	0.6139	0.4268
838	0.6088	0.4236
722	0.6145	0.4274
839	0.6024	0.4205
840	0.6065	0.422
723	0.6191	0.4311
841	0.6107	0.4311
724	0.6265	0.4381
842	0.6055	0.4233
725	0.6126	0.4225
843	0.6001	0.4171
844	0.6055	0.4228
726	0.6127	0.4256
845	0.6033	0.421
727	0.6126	0.4265
846	0.6019	0.4183
728	0.634	0.4535
847	0.6094	0.4271
729	0.6436	0.4564
848	0.6093	0.4254
849	0.6399	0.4583
730	0.6328	0.4481
850	0.6292	0.4451
731	0.6608	0.4818
851	0.6288	0.4429
732	0.6304	0.447
852	0.607	0.4277
733	0.6281	0.4434
853	0.6005	0.42
734	0.6103	0.4217
854	0.6121	0.4287
735	0.6042	0.4182
855	0.6081	0.4278
736	0.6159	0.4287
856	0.595	0.4139
737	0.6045	0.4185
857	0.6218	0.4386
738	0.6087	0.4217
858	0.6321	0.4507
739	0.6217	0.4368
859	0.5989	0.4167
740	0.6088	0.4231
860	0.598	0.4189
741	0.6	0.4142
861	0.6122	0.4342
742	0.6053	0.421
862	0.6215	0.4463
743	0.6211	0.4351
863	0.6281	0.4531
744	0.6261	0.4373
864	0.6058	0.4272
745	0.6066	0.4205
865	0.5908	0.4125
746	0.613	0.4266
866	0.5983	0.4168
747	0.6017	0.4165
867	0.5976	0.4178
748	0.6033	0.4179
868	0.5987	0.4174
749	0.6071	0.4231
869	0.5952	0.4139
750	0.6048	0.4191
870	0.5935	0.4118
751	0.608	0.4207
871	0.5933	0.4143
872	0.5935	0.4169
752	0.6076	0.4223
873	0.5948	0.4168
753	0.6105	0.4272
874	0.5954	0.4177
754	0.6117	0.4275
875	0.5973	0.4142
755	0.601	0.4184
876	0.611	0.429
756	0.6226	0.4428
877	0.5961	0.4135
878	0.6036	0.423
757	0.6077	0.422
879	0.59	0.4119
758	0.6359	0.45
880	0.5919	0.4114
759	0.6272	0.4406
881	0.5905	0.4117
760	0.6198	0.4337
882	0.5922	0.414
761	0.5968	0.4143
883	0.5908	0.412
762	0.6236	0.4407
884	0.5984	0.4191
763	0.6101	0.4294
885	0.6344	0.4543
764	0.633	0.4482
886	0.6155	0.4372
765	0.659	0.4711
887	0.598	0.417
888	0.5841	0.405
766	0.6805	0.4977
889	0.586	0.4076
767	0.6241	0.4427
890	0.591	0.414
768	0.6079	0.4265
891	0.5843	0.4055
769	0.6013	0.4203
892	0.6086	0.436
893	0.6627	0.4904
770	0.6123	0.4301
894	0.6182	0.4441
771	0.6008	0.4193
895	0.6242	0.4512
772	0.5961	0.4146
896	0.5896	0.4099
773	0.5992	0.417
897	0.6055	0.4242
774	0.6361	0.4527
898	0.5924	0.4138
899	0.5954	0.4163
775	0.5928	0.4088
900	0.5838	0.4087
776	0.6087	0.423
901	0.6209	0.4413
777	0.5983	0.4155
902	0.5896	0.4111
778	0.612	0.4268
903	0.5828	0.407
779	0.6007	0.4179
904	0.5984	0.4237
780	0.6225	0.4414
905	0.5892	0.4107
781	0.6284	0.4439
906	0.5932	0.4184
782	0.6633	0.4852
907	0.6065	0.4258
908	0.5866	0.4086
783	0.6015	0.4187
784	0.6039	0.4236
909	0.5983	0.4196
785	0.6349	0.4501
910	0.5927	0.4159
911	0.5862	0.4106
786	0.6173	0.4311
912	0.6056	0.4315
787	0.5959	0.4126
913	0.605	0.4218
788	0.5911	0.4104
914	0.606	0.4259
915	0.6104	0.4352
789	0.6383	0.4551
916	0.5856	0.4098
790	0.6167	0.436
917	0.5933	0.4131
791	0.5987	0.4147
918	0.5815	0.4046
792	0.5972	0.4168
919	0.5889	0.4161
793	0.5922	0.4108
920	0.5836	0.4092
794	0.591	0.4122
921	0.5788	0.4054
795	0.5873	0.4095
922	0.5794	0.4069
796	0.5978	0.4157
923	0.5893	0.4133
797	0.5969	0.4136
924	0.6308	0.4537
925	0.5966	0.4205
798	0.6031	0.4228
799	0.6337	0.4501
926	0.5973	0.4198
800	0.5863	0.406
927	0.6	0.4225
928	0.6076	0.4286
801	0.5925	0.4115
929	0.59	0.4127
802	0.5952	0.4121
930	0.588	0.4133
803	0.5898	0.4108
931	0.5951	0.4209
804	0.5899	0.4094
932	0.5912	0.4195
805	0.6103	0.4272
933	0.5871	0.4151
934	0.5897	0.4128
806	0.6006	0.4178
935	0.5802	0.4054
807	0.5919	0.4114
936	0.5819	0.4068
808	0.6146	0.4324
937	0.6194	0.4471
809	0.617	0.4381
938	0.6249	0.4531
810	0.5879	0.4084
939	0.5984	0.4244
940	0.5905	0.414
811	0.5927	0.4121
941	0.5837	0.4109
812	0.6158	0.4334
942	0.5781	0.403
813	0.6008	0.4198
943	0.5811	0.406
814	0.6346	0.4501
944	0.593	0.4195
815	0.6029	0.419
945	0.5748	0.4029
816	0.5874	0.4067
946	0.5798	0.4053
817	0.587	0.4053
947	0.5754	0.4021
948	0.6069	0.4293
818	0.6019	0.4292
949	0.5937	0.4205
819	0.5945	0.4146
950	0.5766	0.4031
951	0.5796	0.406
820	0.5996	0.4216
952	0.5895	0.4142
821	0.6069	0.4229
953	0.5988	0.4229
822	0.5976	0.4184
954	0.5809	0.4083
823	0.6232	0.4488
955	0.5841	0.4082
956	0.5886	0.4118
824	0.6009	0.4228
957	0.5757	0.4043
825	0.5881	0.4077
958	0.5676	0.3981
826	0.5854	0.4042
959	0.5726	0.3997
827	0.585	0.4053
960	0.5659	0.3946
828	0.5788	0.3997
961	0.5821	0.4078
962	0.5842	0.4107
829	0.6198	0.4468
963	0.621	0.4449
830	0.5829	0.4039
964	0.5931	0.423
831	0.5897	0.4099
965	0.5656	0.3944
832	0.5957	0.4165
966	0.5911	0.4231
967	0.5741	0.3997
833	0.5819	0.4047
834	0.5872	0.4102
968	0.5697	0.3984
969	0.5787	0.4056
835	0.5844	0.4049
970	0.5708	0.399
836	0.5942	0.4153
971	0.5869	0.4154
837	0.6011	0.4207
972	0.5895	0.4156
838	0.5877	0.4071
973	0.5787	0.4051
839	0.5769	0.3992
974	0.5686	0.3982
840	0.5823	0.406
975	0.5633	0.3918
841	0.5937	0.4196
976	0.5722	0.4015
977	0.5929	0.4233
842	0.5829	0.4027
978	0.5832	0.411
843	0.5817	0.4028
979	0.591	0.4158
844	0.585	0.4075
980	0.5691	0.3971
981	0.569	0.4002
845	0.5904	0.4104
982	0.5674	0.3966
846	0.6049	0.4291
983	0.576	0.4023
847	0.5815	0.4013
984	0.5733	0.4002
848	0.5812	0.4035
985	0.5683	0.3959
986	0.5644	0.395
849	0.5826	0.4037
987	0.5955	0.4226
850	0.5895	0.4111
988	0.5722	0.3991
851	0.5821	0.4048
989	0.5673	0.3978
852	0.5943	0.411
990	0.589	0.4182
853	0.5763	0.3992
991	0.5707	0.402
854	0.5967	0.4227
992	0.5872	0.4171
993	0.5783	0.4073
855	0.5955	0.4179
994	0.5658	0.3985
856	0.5809	0.4054
995	0.5657	0.3949
857	0.5758	0.3979
996	0.5788	0.4104
858	0.6067	0.4292
997	0.5732	0.4031
859	0.5868	0.4114
998	0.5986	0.426
999	0.6164	0.4502
860	0.5732	0.3987
1000	0.5859	0.4167
861	0.5809	0.4042
1001	0.5749	0.4067
862	0.6176	0.4391
1002	0.5699	0.4
863	0.5918	0.4214
1003	0.5609	0.3901
864	0.5817	0.4097
1004	0.5615	0.3912
865	0.5755	0.399
1005	0.5566	0.3871
866	0.5855	0.4056
1006	0.5582	0.3884
867	0.5807	0.4018
1007	0.5574	0.3871
868	0.5812	0.403
1008	0.5592	0.392
869	0.5719	0.3943
1009	0.5739	0.4039
870	0.5776	0.3991
1010	0.5586	0.3889
871	0.5758	0.3991
1011	0.562	0.3923
872	0.5714	0.3971
1012	0.5562	0.3871
1013	0.5817	0.4148
873	0.5951	0.4218
1014	0.5648	0.3963
874	0.5723	0.3971
1015	0.5653	0.3933
875	0.5906	0.4116
1016	0.5584	0.3876
876	0.5824	0.4039
1017	0.5551	0.3873
1018	0.5742	0.411
877	0.5757	0.3984
1019	0.5573	0.3896
878	0.5647	0.389
1020	0.5715	0.4054
879	0.5881	0.4151
1021	0.6057	0.4321
880	0.5823	0.4093
1022	0.6078	0.4364
881	0.5713	0.3964
1023	0.5581	0.3889
1024	0.5704	0.4002
882	0.5781	0.4032
1025	0.5574	0.3887
883	0.5713	0.3976
1026	0.5569	0.3876
884	0.5675	0.3935
1027	0.5529	0.384
1028	0.5547	0.3875
885	0.5689	0.3929
886	0.569	0.3939
1029	0.5583	0.3898
887	0.5631	0.3871
1030	0.5884	0.417
888	0.5699	0.3953
1031	0.5686	0.4001
1032	0.5709	0.4018
889	0.5665	0.3929
1033	0.5838	0.416
890	0.5849	0.41
1034	0.5724	0.4028
891	0.5868	0.4107
1035	0.5746	0.4049
1036	0.6174	0.4466
892	0.6082	0.4364
1037	0.6066	0.4327
893	0.6451	0.4685
1038	0.576	0.4051
894	0.5875	0.417
1039	0.5628	0.3945
895	0.5855	0.4165
1040	0.6023	0.4316
1041	0.5666	0.3965
896	0.5784	0.4003
1042	0.6064	0.4324
897	0.6001	0.4216
1043	0.61	0.4348
898	0.57	0.3927
1044	0.5918	0.4171
899	0.5901	0.419
1045	0.5902	0.4232
900	0.5751	0.4013
1046	0.5578	0.3916
901	0.6146	0.4322
1047	0.5629	0.3939
902	0.5704	0.3975
1048	0.5588	0.3942
903	0.5701	0.3986
1049	0.5513	0.3817
904	0.5691	0.3955
905	0.5868	0.4102
1050	0.5506	0.3828
906	0.5998	0.4271
1051	0.5493	0.3827
907	0.577	0.4047
1052	0.5615	0.393
908	0.5694	0.395
1053	0.5468	0.3809
1054	0.5555	0.3908
909	0.5698	0.3951
1055	0.5575	0.3923
910	0.5656	0.3917
1056	0.5652	0.4001
911	0.5703	0.3983
1057	0.5973	0.4348
912	0.5765	0.4035
1058	0.5492	0.3807
1059	0.5493	0.3841
913	0.5981	0.4221
1060	0.5458	0.3777
914	0.6034	0.4255
1061	0.5582	0.3908
915	0.5831	0.4089
1062	0.5525	0.3842
1063	0.5747	0.4071
916	0.5624	0.391
1064	0.5751	0.4087
917	0.5772	0.3997
1065	0.6123	0.4433
918	0.563	0.3908
1066	0.5532	0.3867
1067	0.5678	0.399
919	0.5712	0.3999
1068	0.5621	0.3994
920	0.5675	0.3965
1069	0.5718	0.4057
921	0.5593	0.387
1070	0.551	0.3869
922	0.5804	0.4041
1071	0.5429	0.3761
923	0.5748	0.3997
1072	0.5573	0.3899
924	0.5959	0.4246
1073	0.5546	0.3877
925	0.5696	0.3962
1074	0.5572	0.3891
926	0.5606	0.3879
1075	0.5606	0.3921
927	0.5681	0.3963
1076	0.5752	0.4064
1077	0.5635	0.3995
928	0.5768	0.4066
1078	0.5914	0.4217
929	0.5632	0.392
1079	0.5691	0.4019
930	0.5694	0.3984
1080	0.5602	0.3908
1081	0.5655	0.3958
931	0.5691	0.398
1082	0.5494	0.382
932	0.5609	0.3896
1083	0.5575	0.3921
933	0.5584	0.3883
1084	0.5487	0.3838
934	0.5545	0.3812
1085	0.5454	0.3791
935	0.5716	0.4013
1086	0.5506	0.3857
936	0.5634	0.3916
1087	0.5429	0.376
937	0.5808	0.411
1088	0.5619	0.3959
938	0.5898	0.4191
1089	0.5459	0.3809
939	0.5826	0.4155
1090	0.5563	0.389
940	0.5724	0.4008
1091	0.5467	0.3801
1092	0.542	0.3782
941	0.5653	0.3938
1093	0.5458	0.3812
942	0.5626	0.3874
1094	0.5504	0.3854
943	0.5545	0.383
1095	0.5643	0.3995
944	0.5711	0.404
1096	0.5437	0.38
1097	0.5517	0.3845
945	0.5465	0.3764
1098	0.5455	0.3819
946	0.5555	0.3855
1099	0.5567	0.3878
947	0.5567	0.3842
1100	0.5503	0.3842
948	0.5623	0.3932
1101	0.5459	0.3814
949	0.5712	0.4031
1102	0.5491	0.3846
950	0.5622	0.3947
1103	0.5372	0.373
951	0.5689	0.395
1104	0.5712	0.4095
952	0.5858	0.4142
1105	0.5414	0.3773
953	0.5697	0.3981
1106	0.5579	0.3887
1107	0.5533	0.3898
954	0.5563	0.3883
1108	0.5453	0.3802
955	0.5569	0.3849
1109	0.5525	0.3903
956	0.5566	0.3851
1110	0.5497	0.3825
957	0.554	0.3838
1111	0.549	0.3837
1112	0.5455	0.3809
958	0.5696	0.3996
1113	0.5486	0.3848
959	0.5502	0.379
1114	0.5417	0.378
1115	0.5523	0.3844
960	0.5547	0.3849
961	0.5548	0.3813
1116	0.5447	0.3809
1117	0.5416	0.378
962	0.5637	0.3912
1118	0.5384	0.3757
963	0.5889	0.4156
1119	0.5546	0.3913
964	0.576	0.4046
1120	0.5412	0.3769
965	0.577	0.4015
1121	0.5438	0.3796
1122	0.5401	0.377
966	0.5732	0.4088
1123	0.562	0.3935
967	0.5704	0.4007
1124	0.5533	0.3896
968	0.5741	0.402
1125	0.5434	0.3785
969	0.5806	0.407
1126	0.5679	0.3995
1127	0.5342	0.373
970	0.5548	0.3842
1128	0.5353	0.3733
971	0.592	0.4219
1129	0.5415	0.3785
972	0.5576	0.3861
1130	0.5721	0.406
973	0.5465	0.3779
1131	0.532	0.3681
974	0.5557	0.3892
1132	0.5364	0.3724
975	0.5537	0.3857
1133	0.5365	0.3727
976	0.5595	0.3882
1134	0.5353	0.3731
977	0.5605	0.3944
1135	0.5313	0.3677
978	0.5572	0.3849
1136	0.5441	0.3801
979	0.5539	0.3851
1137	0.5381	0.3716
980	0.5541	0.3843
1138	0.5399	0.3765
1139	0.5305	0.3689
981	0.5488	0.3809
1140	0.5395	0.3805
982	0.555	0.3856
983	0.5559	0.3848
1141	0.5324	0.3709
1142	0.5371	0.3727
984	0.5578	0.3897
1143	0.5372	0.3768
985	0.5674	0.3954
1144	0.5444	0.3832
986	0.5494	0.38
1145	0.5528	0.3859
987	0.564	0.3963
1146	0.5391	0.3781
988	0.5452	0.3762
1147	0.5353	0.3738
989	0.5607	0.3929
1148	0.5299	0.3656
990	0.5536	0.3857
1149	0.529	0.3662
991	0.5447	0.378
1150	0.5426	0.3802
1151	0.5564	0.3917
992	0.5694	0.4023
1152	0.565	0.402
993	0.557	0.3906
1153	0.5323	0.37
994	0.5542	0.3879
1154	0.5372	0.374
995	0.5613	0.3909
1155	0.5323	0.3689
996	0.5658	0.393
1156	0.5448	0.3837
997	0.5882	0.4178
998	0.5565	0.3892
1157	0.5739	0.3979
1158	0.5657	0.4009
999	0.5639	0.3957
1159	0.5364	0.3749
1000	0.5619	0.3934
1160	0.54	0.3746
1001	0.5551	0.3898
1161	0.5322	0.3713
1002	0.5484	0.382
1162	0.5383	0.3759
1003	0.5563	0.3844
1163	0.5357	0.3753
1004	0.5532	0.3867
1005	0.5694	0.4011
1164	0.5409	0.3817
1006	0.5567	0.3844
1165	0.5497	0.3901
1007	0.5515	0.3821
1166	0.5371	0.3733
1008	0.5462	0.3812
1167	0.5339	0.3723
1009	0.5604	0.397
1168	0.5529	0.3876
1010	0.5522	0.3867
1169	0.5322	0.3714
1011	0.5511	0.3846
1170	0.53	0.3675
1012	0.5514	0.3868
1171	0.5275	0.3656
1013	0.5645	0.3939
1172	0.5324	0.3728
1014	0.5823	0.4078
1173	0.5451	0.3823
1174	0.5879	0.4241
1015	0.5887	0.4201
1175	0.541	0.3794
1016	0.5737	0.4042
1017	0.5557	0.3862
1176	0.5515	0.3879
1177	0.532	0.3704
1018	0.5503	0.3817
1178	0.5345	0.3721
1019	0.5381	0.3711
1179	0.5363	0.3741
1020	0.5416	0.3763
1180	0.5307	0.3683
1021	0.5425	0.3742
1181	0.5342	0.3696
1022	0.5546	0.3867
1182	0.5257	0.3637
1023	0.5416	0.3747
1183	0.5591	0.395
1024	0.5474	0.3808
1184	0.5372	0.3788
1025	0.5479	0.3829
1185	0.5362	0.3758
1026	0.5436	0.3758
1186	0.5294	0.3673
1027	0.5434	0.3773
1187	0.5241	0.3621
1028	0.5462	0.3783
1188	0.543	0.384
1029	0.5399	0.3747
1189	0.5388	0.377
1030	0.5874	0.4157
1190	0.5844	0.4246
1031	0.5442	0.3779
1191	0.6095	0.4477
1032	0.5559	0.3883
1192	0.6149	0.4484
1033	0.5475	0.3804
1193	0.5464	0.3827
1034	0.5406	0.3728
1194	0.5309	0.3702
1035	0.6007	0.435
1195	0.5312	0.3713
1036	0.608	0.4373
1196	0.5274	0.3643
1037	0.5624	0.3951
1197	0.5397	0.3788
1038	0.5458	0.3768
1198	0.5278	0.3668
1039	0.5404	0.3773
1199	0.5342	0.3722
1040	0.5804	0.4134
1200	0.5233	0.363
1041	0.5465	0.3775
1201	0.5244	0.3663
1042	0.5892	0.4239
1202	0.5231	0.3632
1043	0.6151	0.4448
1044	0.5545	0.3879
1203	0.5422	0.3844
1045	0.5392	0.3736
1204	0.5204	0.3605
1205	0.5359	0.374
1046	0.5594	0.3992
1206	0.5197	0.3592
1047	0.5624	0.3997
1207	0.5332	0.3733
1048	0.5578	0.3971
1049	0.5413	0.3774
1208	0.5355	0.3804
1050	0.5324	0.3662
1209	0.5244	0.3661
1210	0.539	0.3799
1051	0.5356	0.3686
1052	0.5359	0.3704
1211	0.5338	0.3734
1053	0.54	0.3771
1212	0.5548	0.393
1054	0.5541	0.3945
1213	0.5597	0.3992
1055	0.5584	0.3988
1214	0.5366	0.3743
1056	0.5683	0.4109
1215	0.5497	0.3849
1057	0.5856	0.4259
1216	0.5323	0.371
1058	0.546	0.3806
1217	0.5379	0.3784
1059	0.5386	0.3709
1218	0.5316	0.3706
1060	0.5373	0.3724
1219	0.5266	0.37
1061	0.5379	0.3716
1220	0.5179	0.3593
1062	0.5264	0.3624
1221	0.5359	0.3768
1063	0.5329	0.3666
1222	0.5517	0.3903
1064	0.5401	0.3779
1223	0.5229	0.3615
1065	0.5487	0.3853
1066	0.543	0.3779
1224	0.5197	0.3609
1225	0.5158	0.3572
1067	0.5326	0.3689
1226	0.5194	0.3601
1068	0.5402	0.3821
1069	0.5704	0.412
1227	0.5292	0.3715
1228	0.5495	0.3905
1070	0.5428	0.3824
1229	0.5441	0.3856
1071	0.5307	0.3654
1230	0.5409	0.3794
1072	0.538	0.3731
1231	0.5383	0.3782
1073	0.5378	0.3746
1232	0.5242	0.3663
1074	0.5455	0.3822
1233	0.5371	0.3791
1075	0.5392	0.3743
1234	0.5293	0.3706
1076	0.5401	0.3742
1235	0.5246	0.3668
1077	0.5411	0.3777
1236	0.525	0.3665
1078	0.56	0.3909
1237	0.5558	0.3979
1079	0.5424	0.3765
1238	0.5377	0.3774
1080	0.5466	0.3827
1239	0.5298	0.3702
1081	0.5381	0.3732
1240	0.5213	0.3646
1241	0.5278	0.3693
1082	0.5291	0.3646
1242	0.5191	0.3631
1083	0.5316	0.3658
1243	0.5183	0.3606
1084	0.5311	0.3693
1244	0.5343	0.3762
1085	0.5304	0.3658
1245	0.5312	0.3764
1086	0.5415	0.3766
1246	0.5323	0.3751
1087	0.5261	0.3617
1088	0.555	0.387
1247	0.5253	0.3665
1089	0.5485	0.3828
1248	0.5208	0.3637
1090	0.5473	0.3825
1249	0.5153	0.3565
1091	0.566	0.4019
1250	0.5138	0.3563
1092	0.5404	0.3773
1251	0.5262	0.3691
1093	0.5362	0.3732
1252	0.5494	0.3892
1094	0.5235	0.3618
1253	0.5385	0.3792
1095	0.5512	0.392
1254	0.5278	0.367
1096	0.5243	0.3621
1255	0.5379	0.3778
1097	0.5318	0.3691
1256	0.5175	0.3603
1098	0.5272	0.3646
1257	0.5391	0.3794
1099	0.5394	0.3773
1258	0.5155	0.3577
1100	0.5394	0.3737
1259	0.5324	0.371
1101	0.5345	0.3728
1260	0.5336	0.3768
1102	0.5562	0.3941
1261	0.5291	0.3705
1103	0.5349	0.3747
1262	0.5325	0.378
1104	0.6191	0.4641
1263	0.5162	0.358
1105	0.5438	0.3832
1264	0.5197	0.3611
1106	0.5511	0.3854
1265	0.5286	0.3723
1107	0.5251	0.3613
1266	0.5342	0.3749
1108	0.5568	0.3966
1109	0.584	0.4216
1267	0.5306	0.3709
1110	0.5452	0.3847
1268	0.5162	0.3588
1111	0.5282	0.3642
1269	0.5154	0.3555
1112	0.526	0.3626
1270	0.5411	0.3839
1271	0.5243	0.3672
1113	0.5311	0.3707
1114	0.5277	0.3637
1272	0.5212	0.3642
1273	0.5148	0.359
1115	0.5354	0.3737
1274	0.5153	0.3583
1116	0.5274	0.3664
1117	0.527	0.3674
1275	0.5089	0.3515
1276	0.5105	0.3516
1118	0.5281	0.3684
1277	0.5129	0.355
1119	0.5313	0.3701
1278	0.5173	0.3626
1120	0.5235	0.3621
1279	0.5099	0.3518
1121	0.5475	0.3807
1280	0.531	0.3778
1122	0.5266	0.3643
1281	0.5187	0.36
1123	0.5203	0.3603
1282	0.5134	0.3586
1124	0.5236	0.3626
1283	0.5517	0.3941
1125	0.5158	0.3548
1284	0.5155	0.36
1126	0.533	0.3704
1285	0.5139	0.3575
1127	0.5167	0.3563
1286	0.5165	0.3578
1287	0.5251	0.3673
1128	0.5299	0.3679
1288	0.5243	0.3691
1129	0.5279	0.3719
1289	0.5148	0.3567
1130	0.5267	0.3632
1290	0.546	0.3891
1131	0.52	0.359
1291	0.5217	0.3671
1132	0.5271	0.3657
1292	0.52	0.3648
1133	0.5506	0.3899
1134	0.5247	0.3636
1293	0.5193	0.3594
1135	0.5142	0.3532
1294	0.5278	0.372
1136	0.5266	0.3664
1295	0.5285	0.3737
1296	0.5174	0.362
1137	0.5282	0.3665
1297	0.5216	0.3649
1138	0.5195	0.3567
1298	0.5167	0.3579
1139	0.5192	0.358
1299	0.511	0.353
1140	0.5248	0.364
1300	0.523	0.3666
1141	0.5234	0.3619
1301	0.5152	0.3585
1142	0.5217	0.3593
1302	0.5176	0.3601
1143	0.532	0.3706
1303	0.5177	0.3609
1304	0.5296	0.3739
1144	0.5317	0.3729
1305	0.5212	0.3677
1145	0.5256	0.3652
1306	0.5204	0.3652
1307	0.507	0.352
1146	0.5249	0.3626
1308	0.5147	0.3603
1147	0.5242	0.3685
1309	0.5072	0.3533
1148	0.5196	0.3619
1310	0.5142	0.3579
1149	0.5244	0.3638
1311	0.516	0.3609
1150	0.5176	0.3585
1312	0.5101	0.3534
1151	0.5366	0.3767
1313	0.5209	0.3682
1152	0.5272	0.3668
1314	0.5119	0.3579
1153	0.52	0.3607
1315	0.5104	0.3576
1154	0.5204	0.3599
1316	0.511	0.3568
1155	0.5267	0.367
1317	0.5306	0.3755
1156	0.5333	0.377
1318	0.5171	0.365
1157	0.5593	0.3972
1319	0.5136	0.3598
1158	0.5695	0.4152
1320	0.5072	0.3516
1159	0.522	0.3639
1321	0.5171	0.3636
1160	0.5315	0.3731
1161	0.5206	0.3654
1322	0.5765	0.4243
1162	0.5217	0.3635
1323	0.5629	0.4091
1163	0.5249	0.3637
1324	0.5262	0.3711
1164	0.5135	0.3541
1325	0.5282	0.3756
1165	0.5376	0.3739
1326	0.5218	0.3693
1166	0.5459	0.3856
1327	0.5172	0.3647
1167	0.5301	0.3727
1328	0.5052	0.351
1168	0.5593	0.3952
1329	0.507	0.3546
1169	0.5199	0.3606
1330	0.512	0.3548
1170	0.5248	0.3672
1331	0.5002	0.3454
1171	0.5201	0.3642
1332	0.5003	0.3453
1172	0.5129	0.3561
1333	0.4996	0.3453
1173	0.5109	0.3539
1334	0.4993	0.3461
1174	0.5163	0.3558
1335	0.5039	0.3492
1175	0.5166	0.3593
1336	0.5063	0.3536
1176	0.5243	0.3642
1337	0.5031	0.3485
1177	0.5132	0.3552
1338	0.4963	0.3433
1178	0.5157	0.3582
1339	0.5017	0.3477
1179	0.5139	0.3581
1340	0.5089	0.3576
1180	0.512	0.3516
1341	0.5117	0.3571
1181	0.5151	0.3582
1342	0.5066	0.3527
1182	0.5195	0.3637
1343	0.5052	0.3521
1183	0.5228	0.3655
1184	0.5076	0.3492
1344	0.5045	0.3499
1185	0.5271	0.3689
1345	0.4985	0.3427
1186	0.5156	0.357
1346	0.5175	0.366
1347	0.5104	0.3567
1187	0.513	0.3545
1348	0.5116	0.3581
1188	0.5255	0.3668
1349	0.5057	0.3524
1189	0.5209	0.3634
1350	0.5023	0.3468
1190	0.5424	0.3848
1351	0.5061	0.3541
1191	0.5408	0.3831
1352	0.5056	0.3516
1192	0.5279	0.3693
1353	0.498	0.3434
1193	0.517	0.3592
1194	0.5511	0.3951
1354	0.4982	0.3457
1195	0.5383	0.3817
1355	0.4936	0.3412
1196	0.5127	0.3569
1356	0.5044	0.3517
1197	0.5211	0.3627
1357	0.5023	0.3494
1358	0.5202	0.3682
1198	0.5093	0.3511
1199	0.5176	0.361
1359	0.52	0.3672
1200	0.5106	0.3539
1360	0.5076	0.3548
1201	0.5085	0.3524
1361	0.4974	0.3452
1202	0.5161	0.3604
1362	0.4976	0.3453
1203	0.5146	0.3569
1363	0.5055	0.353
1204	0.5224	0.3636
1364	0.5257	0.3762
1205	0.5245	0.3689
1365	0.4964	0.3461
1206	0.5086	0.3492
1366	0.4966	0.3438
1207	0.5102	0.356
1367	0.5187	0.3629
1208	0.5284	0.3781
1368	0.4958	0.3433
1369	0.5026	0.3477
1209	0.5182	0.3637
1370	0.5016	0.3474
1210	0.5247	0.3669
1371	0.5371	0.3914
1211	0.5192	0.3622
1372	0.5097	0.3605
1212	0.5065	0.35
1373	0.5216	0.3729
1213	0.5085	0.3533
1374	0.502	0.3506
1214	0.5106	0.3528
1375	0.4994	0.3484
1215	0.5375	0.3773
1376	0.4954	0.3448
1216	0.5115	0.3558
1377	0.5063	0.3526
1217	0.5079	0.3497
1378	0.5071	0.3536
1218	0.5043	0.3481
1379	0.5172	0.364
1219	0.5234	0.3696
1380	0.5196	0.3652
1220	0.5238	0.3714
1381	0.499	0.3478
1221	0.5129	0.3578
1382	0.5139	0.3599
1222	0.5176	0.3599
1383	0.5164	0.3609
1223	0.5085	0.3518
1384	0.4922	0.3411
1224	0.5108	0.3554
1385	0.4971	0.3431
1225	0.5144	0.3609
1386	0.4908	0.338
1226	0.5164	0.3604
1387	0.506	0.3551
1227	0.5088	0.3556
1388	0.5003	0.3499
1228	0.5382	0.3819
1389	0.491	0.3416
1229	0.5127	0.3562
1390	0.4979	0.345
1230	0.5092	0.3528
1391	0.4994	0.3494
1231	0.5186	0.3615
1392	0.5856	0.438
1232	0.5156	0.3597
1393	0.5273	0.3784
1233	0.5137	0.3598
1394	0.5132	0.3643
1234	0.5075	0.3521
1395	0.5066	0.356
1396	0.5044	0.3524
1235	0.5068	0.3533
1397	0.5102	0.3561
1236	0.51	0.3542
1398	0.4968	0.3484
1237	0.5147	0.3618
1399	0.5021	0.3492
1238	0.508	0.3565
1400	0.5267	0.3754
1239	0.5239	0.3659
1401	0.5109	0.3616
1240	0.5032	0.348
1402	0.5017	0.3495
1241	0.5081	0.3536
1403	0.4954	0.3442
1242	0.5047	0.3491
1404	0.4997	0.3487
1243	0.5065	0.3509
1405	0.4994	0.3483
1244	0.5028	0.3482
1406	0.4998	0.3478
1245	0.5022	0.348
1407	0.4964	0.346
1246	0.5147	0.3596
1408	0.5125	0.3639
1247	0.505	0.3483
1409	0.5081	0.3572
1248	0.507	0.3515
1410	0.5032	0.3503
1249	0.5063	0.3521
1411	0.5148	0.3642
1250	0.508	0.3497
1412	0.515	0.3682
1251	0.5163	0.361
1413	0.508	0.358
1252	0.5216	0.3705
1414	0.491	0.338
1253	0.505	0.3493
1415	0.4911	0.3388
1254	0.5252	0.3707
1416	0.487	0.3373
1255	0.5027	0.3472
1417	0.5097	0.3595
1256	0.5049	0.3533
1418	0.4969	0.3458
1257	0.5141	0.3626
1419	0.5207	0.368
1258	0.5018	0.3472
1420	0.5329	0.3788
1259	0.5091	0.3556
1421	0.5086	0.357
1260	0.5117	0.3551
1422	0.4949	0.3446
1261	0.5012	0.3478
1262	0.5267	0.3739
1423	0.4949	0.343
1263	0.498	0.3445
1424	0.4982	0.3472
1264	0.5114	0.3547
1425	0.5032	0.3513
1265	0.5243	0.3732
1426	0.4932	0.343
1427	0.504	0.3511
1266	0.5115	0.3557
1267	0.5036	0.3495
1428	0.5191	0.3699
1268	0.4979	0.3446
1429	0.5172	0.3667
1269	0.5206	0.3674
1430	0.5011	0.3511
1431	0.4888	0.3399
1270	0.5101	0.3557
1432	0.489	0.3376
1271	0.5045	0.3533
1433	0.4937	0.3402
1272	0.5045	0.352
1434	0.4859	0.3369
1273	0.5023	0.348
1435	0.4943	0.3452
1274	0.5196	0.3663
1436	0.498	0.3463
1275	0.5053	0.3513
1437	0.4858	0.3369
1276	0.5135	0.3574
1438	0.4883	0.3406
1277	0.5167	0.3618
1439	0.4862	0.336
1278	0.5066	0.353
1440	0.4872	0.3384
1441	0.4944	0.347
1279	0.5097	0.3613
1442	0.4871	0.3389
1280	0.527	0.3779
1443	0.5244	0.3758
1281	0.5115	0.3584
1444	0.5115	0.3628
1282	0.5094	0.3576
1445	0.516	0.3636
1283	0.5012	0.3477
1446	0.4895	0.3392
1284	0.5084	0.3554
1447	0.4902	0.342
1285	0.4987	0.3458
1448	0.485	0.3376
1286	0.4946	0.3409
1449	0.4971	0.3498
1287	0.5375	0.3853
1450	0.4928	0.3438
1288	0.5111	0.3597
1451	0.4914	0.3428
1289	0.5076	0.3546
1452	0.4873	0.3406
1290	0.5446	0.3902
1453	0.4961	0.3499
1291	0.511	0.3559
1454	0.4818	0.3304
1292	0.5105	0.3581
1293	0.4983	0.3439
1455	0.4817	0.3348
1456	0.4819	0.3349
1294	0.5132	0.364
1457	0.4915	0.3422
1295	0.4969	0.3459
1458	0.4926	0.3455
1296	0.5092	0.3615
1459	0.5029	0.3559
1297	0.5058	0.3552
1460	0.5419	0.3978
1298	0.5095	0.3604
1461	0.4933	0.3448
1299	0.4926	0.339
1462	0.4881	0.3418
1300	0.511	0.3584
1463	0.4911	0.3434
1301	0.5115	0.3597
1464	0.4895	0.3409
1302	0.5137	0.3632
1465	0.4949	0.3485
1303	0.5183	0.3692
1466	0.4863	0.3414
1304	0.5018	0.3508
1467	0.4819	0.3368
1305	0.524	0.3725
1468	0.4908	0.3444
1306	0.4996	0.3449
1469	0.5138	0.3682
1307	0.4988	0.3444
1470	0.4879	0.3368
1308	0.498	0.3454
1471	0.4894	0.3389
1309	0.4956	0.3444
1472	0.4899	0.3399
1310	0.4961	0.3443
1473	0.4925	0.3404
1311	0.4997	0.3462
1312	0.4941	0.3418
1474	0.497	0.3459
1313	0.4984	0.348
1475	0.4816	0.334
1314	0.5216	0.3749
1476	0.4895	0.3419
1315	0.5033	0.3536
1477	0.504	0.3545
1316	0.4988	0.3481
1478	0.4931	0.3463
1317	0.5047	0.3563
1479	0.4842	0.3378
1318	0.5056	0.3564
1480	0.4847	0.3367
1319	0.5024	0.3518
1481	0.4905	0.3451
1320	0.4906	0.3378
1482	0.5017	0.3555
1321	0.5277	0.3732
1483	0.5225	0.372
1322	0.5443	0.3979
1484	0.5027	0.3554
1323	0.5547	0.4129
1485	0.4971	0.3504
1324	0.5081	0.3587
1486	0.4794	0.3328
1325	0.495	0.3489
1487	0.4828	0.3337
1326	0.5198	0.3708
1488	0.4904	0.3427
1327	0.4986	0.3494
1489	0.486	0.339
1328	0.4915	0.3376
1490	0.4797	0.3327
1491	0.4934	0.343
1329	0.5001	0.3513
1492	0.4864	0.3408
1330	0.4922	0.3382
1493	0.4861	0.3401
1331	0.4969	0.3454
1494	0.489	0.3418
1332	0.4861	0.3347
1333	0.4849	0.3342
1495	0.485	0.3342
1334	0.4881	0.3387
1496	0.4977	0.3504
1335	0.5043	0.3501
1497	0.5072	0.3611
1336	0.5079	0.3556
1498	0.4902	0.3436
1337	0.4911	0.3414
1499	0.4981	0.3535
1338	0.4952	0.3472
1500	0.4705	0.3237
1339	0.504	0.3544
1501	0.4672	0.319
1502	0.4652	0.3181
1340	0.5068	0.3548
1503	0.4648	0.3178
1341	0.5011	0.3529
1504	0.4648	0.3171
1342	0.5044	0.3577
1343	0.5122	0.3656
1505	0.4621	0.3145
1344	0.5277	0.3744
1506	0.4627	0.3149
1345	0.493	0.3443
1507	0.4617	0.3144
1346	0.4921	0.3426
1508	0.4612	0.3146
1347	0.4963	0.3455
1509	0.4609	0.3141
1348	0.4893	0.3388
1510	0.4632	0.3165
1349	0.4928	0.3418
1511	0.4604	0.3132
1350	0.497	0.3458
1512	0.4625	0.316
1351	0.492	0.3436
1513	0.4613	0.3141
1352	0.5181	0.3698
1514	0.4609	0.3136
1353	0.49	0.3405
1515	0.4607	0.3138
1354	0.4828	0.334
1355	0.4923	0.343
1516	0.4629	0.3153
1356	0.4876	0.3378
1517	0.4609	0.3134
1357	0.4908	0.341
1518	0.4606	0.3137
1358	0.4919	0.3423
1519	0.4595	0.3121
1359	0.5039	0.3546
1520	0.4591	0.3119
1521	0.4585	0.3115
1360	0.4859	0.3355
1522	0.4611	0.3151
1361	0.4863	0.3375
1362	0.4883	0.3382
1523	0.461	0.3145
1363	0.49	0.3414
1524	0.4608	0.3151
1364	0.5051	0.3587
1525	0.4599	0.3131
1365	0.4897	0.3409
1526	0.4586	0.3117
1366	0.4842	0.334
1527	0.4593	0.3123
1367	0.4926	0.3422
1528	0.4595	0.3117
1368	0.4894	0.3413
1529	0.4584	0.31
1369	0.498	0.3452
1530	0.4586	0.3106
1370	0.493	0.3411
1531	0.4602	0.3128
1371	0.4972	0.3481
1372	0.502	0.3552
1532	0.4582	0.311
1373	0.49	0.3405
1533	0.4575	0.31
1374	0.4867	0.339
1534	0.4574	0.3109
1375	0.4859	0.3359
1535	0.4581	0.3105
1376	0.4879	0.3408
1536	0.458	0.3101
1377	0.4817	0.3337
1537	0.4581	0.3109
1378	0.4869	0.3367
1538	0.4578	0.3106
1379	0.5042	0.3537
1539	0.4577	0.3103
1380	0.5091	0.3602
1540	0.4586	0.3109
1381	0.4896	0.3436
1541	0.457	0.3096
1382	0.4918	0.343
1542	0.4597	0.3126
1383	0.4923	0.3436
1543	0.4588	0.3122
1384	0.4923	0.3429
1385	0.5039	0.3541
1544	0.4588	0.312
1386	0.4831	0.3334
1545	0.4573	0.3105
1387	0.4933	0.3469
1546	0.4581	0.3114
1547	0.4563	0.3085
1388	0.4969	0.3523
1548	0.4593	0.3135
1389	0.4832	0.3358
1549	0.459	0.3125
1390	0.4916	0.3422
1391	0.5085	0.3665
1550	0.4617	0.3161
1551	0.4578	0.3108
1392	0.5669	0.4142
1552	0.4581	0.3116
1393	0.5074	0.3588
1394	0.4909	0.346
1553	0.4578	0.3104
1395	0.489	0.3405
1554	0.4579	0.31
1396	0.4945	0.3449
1555	0.4582	0.3111
1397	0.516	0.3634
1556	0.4565	0.3096
1398	0.4905	0.3397
1557	0.4566	0.3102
1558	0.4591	0.3122
1399	0.5149	0.3686
1559	0.4612	0.3151
1400	0.4984	0.3511
1560	0.4563	0.3096
1401	0.4918	0.3444
1561	0.4565	0.3092
1402	0.4842	0.3356
1562	0.4558	0.3086
1403	0.4792	0.3278
1563	0.4562	0.3092
1404	0.4865	0.3393
1564	0.4561	0.3087
1405	0.4902	0.3422
1565	0.4558	0.309
1406	0.4783	0.329
1566	0.4546	0.3075
1407	0.4768	0.3293
1567	0.4566	0.3099
1408	0.5184	0.3771
1568	0.4565	0.3101
1409	0.5021	0.3574
1569	0.4545	0.3076
1410	0.4872	0.3412
1570	0.4566	0.31
1571	0.4571	0.3121
1411	0.4895	0.3415
1572	0.4626	0.3179
1412	0.4883	0.3438
1573	0.4565	0.3098
1413	0.5073	0.366
1574	0.4561	0.3103
1414	0.4981	0.3507
1575	0.4553	0.308
1415	0.4864	0.3365
1576	0.4547	0.3072
1416	0.4851	0.3363
1577	0.4546	0.3076
1417	0.4852	0.3398
1578	0.4548	0.307
1418	0.4822	0.3348
1579	0.4543	0.3067
1419	0.498	0.3485
1580	0.4543	0.3068
1420	0.5213	0.3687
1581	0.4556	0.3087
1421	0.5052	0.3565
1582	0.4547	0.3083
1422	0.4958	0.3467
1583	0.4587	0.3137
1423	0.504	0.353
1584	0.4551	0.3085
1424	0.4889	0.3396
1585	0.4554	0.309
1425	0.4873	0.3379
1586	0.4541	0.3075
1426	0.4773	0.3303
1587	0.4565	0.3102
1427	0.4872	0.34
1588	0.4584	0.3108
1428	0.482	0.3339
1589	0.4548	0.308
1429	0.488	0.3393
1590	0.4531	0.3061
1430	0.4768	0.331
1591	0.4533	0.3068
1431	0.4898	0.3422
1592	0.4536	0.3074
1432	0.4811	0.3351
1593	0.4545	0.3084
1433	0.4787	0.3324
1594	0.4546	0.3077
1595	0.4558	0.3092
1434	0.4883	0.3449
1596	0.4558	0.3112
1435	0.4834	0.3374
1597	0.4544	0.3076
1436	0.4781	0.3307
1598	0.4547	0.3085
1437	0.4819	0.3351
1599	0.4551	0.3095
1438	0.4808	0.3356
1600	0.4542	0.3083
1439	0.4901	0.3441
1601	0.4544	0.3078
1602	0.4565	0.311
1440	0.4798	0.3346
1441	0.4824	0.3364
1603	0.4536	0.3068
1442	0.4787	0.3317
1604	0.4547	0.308
1443	0.508	0.3579
1605	0.4533	0.3064
1444	0.484	0.3379
1606	0.4545	0.308
1445	0.4858	0.3404
1607	0.4538	0.3072
1608	0.4548	0.3077
1446	0.4913	0.347
1609	0.4537	0.3071
1447	0.4816	0.3374
1610	0.4527	0.3065
1448	0.5198	0.3695
1611	0.453	0.307
1449	0.4914	0.3464
1612	0.4531	0.3062
1450	0.5164	0.3719
1613	0.4555	0.3106
1451	0.483	0.3359
1614	0.4536	0.3069
1452	0.4815	0.3358
1615	0.4539	0.3067
1453	0.4802	0.3306
1616	0.4524	0.3059
1454	0.4785	0.3313
1617	0.4532	0.3059
1455	0.4798	0.3331
1456	0.4835	0.3413
1618	0.454	0.3072
1619	0.4523	0.3059
1457	0.4733	0.3289
1620	0.4519	0.3057
1458	0.5048	0.3543
1459	0.5238	0.3795
1621	0.457	0.3101
1460	0.5275	0.3871
1622	0.4582	0.3118
1623	0.4538	0.3071
1461	0.4886	0.3451
1624	0.453	0.3063
1462	0.4762	0.3327
1625	0.4521	0.3054
1463	0.4798	0.3343
1626	0.4522	0.3052
1464	0.4778	0.3312
1627	0.4531	0.307
1465	0.4731	0.3283
1628	0.4539	0.3081
1466	0.4784	0.3343
1629	0.4553	0.3105
1467	0.47	0.3246
1630	0.4524	0.3061
1468	0.4693	0.3257
1631	0.4526	0.3055
1469	0.4786	0.3333
1632	0.4547	0.3085
1470	0.4722	0.3263
1633	0.4522	0.3056
1471	0.48	0.337
1634	0.4529	0.3065
1472	0.4872	0.3409
1635	0.4533	0.3064
1473	0.4789	0.3318
1474	0.4837	0.3381
1636	0.454	0.3081
1475	0.4775	0.3321
1637	0.4518	0.3048
1476	0.4793	0.3337
1638	0.4538	0.3073
1477	0.4922	0.348
1639	0.4519	0.3057
1478	0.4768	0.3341
1640	0.4516	0.3049
1479	0.4702	0.3252
1641	0.4547	0.3094
1480	0.4742	0.3332
1642	0.4518	0.3061
1481	0.4764	0.3329
1643	0.453	0.3056
1482	0.4759	0.3327
1644	0.4528	0.3068
1645	0.4527	0.3061
1483	0.4821	0.3373
1484	0.4812	0.3412
1646	0.4523	0.3066
1485	0.4727	0.327
1647	0.4538	0.3076
1486	0.4742	0.3283
1648	0.4524	0.3056
1487	0.4775	0.3298
1649	0.4544	0.3083
1488	0.4865	0.3392
1650	0.4547	0.3079
1489	0.4804	0.337
1651	0.4543	0.3087
1490	0.4768	0.3314
1652	0.4546	0.3076
1653	0.454	0.3081
1491	0.4721	0.3284
1654	0.4525	0.3066
1492	0.4626	0.3178
1655	0.4559	0.3109
1493	0.4948	0.349
1656	0.454	0.3082
1494	0.4789	0.3324
1657	0.4524	0.3058
1495	0.4768	0.3364
1658	0.457	0.3101
1496	0.4904	0.3483
1659	0.4524	0.3056
1497	0.4843	0.3418
1660	0.4518	0.3055
1498	0.4805	0.3392
1661	0.452	0.3055
1499	0.4704	0.3258
1662	0.4515	0.3054
1500	0.4586	0.3137
1663	0.4512	0.3043
1501	0.4558	0.3105
1664	0.45	0.3031
1502	0.4565	0.3118
1665	0.4513	0.3045
1503	0.4542	0.3089
1666	0.4527	0.3058
1504	0.4544	0.3091
1667	0.4507	0.3033
1505	0.4531	0.3079
1668	0.4508	0.3039
1506	0.4519	0.3072
1669	0.4513	0.3044
1507	0.4515	0.3071
1670	0.4543	0.307
1508	0.4521	0.3078
1671	0.4511	0.3041
1509	0.4521	0.3073
1672	0.452	0.3063
1510	0.4516	0.3073
1511	0.4504	0.3058
1673	0.4519	0.3057
1512	0.4523	0.3089
1674	0.4512	0.3055
1513	0.4507	0.3062
1675	0.4515	0.3048
1514	0.4505	0.3059
1676	0.4513	0.3045
1515	0.4506	0.3061
1677	0.4502	0.304
1516	0.453	0.3084
1678	0.4503	0.3036
1517	0.454	0.3095
1679	0.4509	0.3041
1518	0.4503	0.3058
1680	0.4511	0.3042
1519	0.4511	0.3062
1681	0.4512	0.3046
1520	0.4498	0.3053
1682	0.4506	0.3041
1683	0.4536	0.3077
1521	0.4521	0.3087
1684	0.4527	0.3073
1522	0.4506	0.3069
1685	0.4533	0.3075
1523	0.4503	0.3071
1686	0.4499	0.3036
1524	0.449	0.3059
1525	0.4507	0.3066
1687	0.4497	0.3036
1526	0.4481	0.304
1688	0.4494	0.3033
1527	0.4518	0.309
1689	0.4513	0.3052
1528	0.4491	0.3066
1690	0.4502	0.3036
1529	0.4483	0.305
1691	0.4506	0.3049
1530	0.4488	0.3036
1692	0.4505	0.3046
1531	0.4503	0.3053
1693	0.4507	0.3051
1532	0.4476	0.3039
1694	0.4517	0.3063
1533	0.4481	0.3043
1695	0.4506	0.3042
1534	0.4479	0.3043
1696	0.4509	0.3049
1697	0.4502	0.3041
1535	0.45	0.3056
1536	0.4473	0.3039
1698	0.4505	0.3042
1537	0.4476	0.3039
1699	0.451	0.3039
1538	0.4477	0.3038
1700	0.4504	0.3027
1539	0.4486	0.3042
1701	0.4526	0.3054
1540	0.4479	0.3041
1541	0.4467	0.303
1702	0.4517	0.3044
1542	0.4476	0.3034
1703	0.4505	0.3029
1543	0.448	0.3049
1704	0.4507	0.3036
1705	0.4499	0.3028
1544	0.4469	0.3036
1545	0.4474	0.3032
1706	0.4511	0.3043
1546	0.448	0.3051
1707	0.4505	0.3037
1547	0.4466	0.3031
1708	0.4523	0.3068
1709	0.4508	0.3048
1548	0.4479	0.3043
1710	0.4497	0.3025
1549	0.4476	0.3047
1711	0.4514	0.3053
1550	0.4491	0.3065
1712	0.4498	0.3037
1551	0.4466	0.3025
1713	0.4496	0.3037
1552	0.4474	0.3038
1553	0.4476	0.3041
1714	0.4513	0.3066
1554	0.4461	0.3026
1715	0.4508	0.3045
1716	0.4497	0.3033
1555	0.4475	0.304
1717	0.45	0.303
1556	0.4468	0.3029
1718	0.4491	0.3023
1557	0.4459	0.3023
1719	0.4483	0.3017
1720	0.4493	0.3025
1558	0.4477	0.3041
1721	0.4529	0.3066
1559	0.4465	0.3027
1722	0.4506	0.3037
1560	0.447	0.3025
1723	0.4494	0.303
1561	0.4468	0.3025
1724	0.4499	0.3036
1562	0.4453	0.3015
1725	0.4519	0.3076
1563	0.4458	0.3026
1726	0.4535	0.3087
1727	0.4507	0.3057
1564	0.4462	0.303
1728	0.4503	0.3052
1565	0.448	0.3056
1729	0.4491	0.3028
1566	0.4452	0.3019
1730	0.4496	0.3032
1567	0.4458	0.302
1731	0.4497	0.3038
1732	0.4492	0.3032
1568	0.4454	0.3019
1733	0.4507	0.3054
1569	0.4454	0.3013
1734	0.4491	0.303
1570	0.4466	0.3026
1735	0.4518	0.3059
1571	0.4507	0.3094
1736	0.4491	0.3026
1572	0.4505	0.309
1737	0.4516	0.306
1573	0.4445	0.3012
1738	0.4486	0.3025
1574	0.4453	0.3021
1739	0.4496	0.3039
1740	0.4481	0.3019
1575	0.4462	0.3025
1741	0.4497	0.3037
1576	0.4458	0.302
1742	0.4487	0.3027
1577	0.4451	0.3023
1743	0.45	0.3047
1578	0.4447	0.3012
1744	0.4501	0.3038
1579	0.4441	0.3003
1580	0.4458	0.3015
1745	0.4487	0.3025
1581	0.4451	0.3022
1746	0.4495	0.3046
1747	0.4502	0.3056
1582	0.4446	0.3022
1748	0.4487	0.3029
1583	0.4473	0.3064
1749	0.4517	0.306
1584	0.4452	0.3031
1750	0.4485	0.3022
1585	0.4454	0.3033
1751	0.4481	0.3022
1586	0.4453	0.3032
1752	0.4477	0.3021
1587	0.4471	0.3043
1753	0.4487	0.303
1588	0.4444	0.3008
1754	0.448	0.3019
1589	0.4433	0.3
1755	0.4494	0.3032
1590	0.4435	0.3003
1756	0.4475	0.3023
1591	0.4454	0.3029
1757	0.4487	0.3034
1592	0.4464	0.3037
1758	0.4475	0.3017
1759	0.4477	0.3017
1593	0.4441	0.301
1760	0.4486	0.3028
1594	0.4446	0.3008
1761	0.4497	0.3043
1595	0.4448	0.3012
1762	0.4496	0.3042
1596	0.4455	0.3032
1763	0.4483	0.302
1597	0.4461	0.3028
1764	0.4492	0.3043
1765	0.4477	0.3016
1598	0.4441	0.3016
1766	0.45	0.3048
1599	0.4478	0.3067
1767	0.4478	0.3021
1600	0.4509	0.3096
1768	0.4494	0.3034
1601	0.4447	0.3025
1769	0.4483	0.3024
1602	0.4465	0.3044
1770	0.4478	0.3021
1603	0.4439	0.3002
1771	0.45	0.3044
1772	0.4495	0.3046
1604	0.4469	0.3037
1605	0.4434	0.3003
1773	0.4522	0.3077
1774	0.4485	0.3039
1606	0.4441	0.3014
1775	0.447	0.3017
1607	0.4444	0.3018
1776	0.4479	0.3031
1608	0.4432	0.3002
1777	0.4477	0.3016
1609	0.4448	0.3035
1778	0.4474	0.3021
1779	0.4477	0.3019
1610	0.4464	0.305
1780	0.4484	0.3023
1611	0.4442	0.3014
1781	0.4474	0.3023
1612	0.4435	0.3003
1782	0.452	0.3062
1613	0.4452	0.303
1783	0.4499	0.3044
1614	0.4433	0.3006
1784	0.4557	0.3105
1615	0.4427	0.3001
1785	0.4507	0.3051
1616	0.4436	0.3006
1786	0.4498	0.3036
1787	0.4478	0.3025
1617	0.4432	0.3009
1788	0.4479	0.303
1618	0.4431	0.3007
1789	0.4496	0.3047
1619	0.4439	0.3015
1790	0.4497	0.304
1791	0.4468	0.3011
1620	0.444	0.3014
1792	0.4461	0.3008
1621	0.4438	0.3008
1793	0.4469	0.3005
1622	0.4447	0.3012
1794	0.4467	0.3014
1623	0.4421	0.2994
1795	0.4468	0.3002
1796	0.4481	0.3022
1624	0.4432	0.2999
1797	0.4469	0.3009
1625	0.4426	0.2995
1798	0.4458	0.2999
1799	0.4485	0.302
1626	0.4428	0.3
1800	0.4486	0.3033
1627	0.4439	0.3012
1628	0.4429	0.2996
1801	0.4472	0.3012
1629	0.443	0.2997
1802	0.4493	0.3044
1630	0.4433	0.3005
1803	0.4473	0.3015
1631	0.4417	0.2986
1804	0.4505	0.3064
1805	0.4471	0.3018
1632	0.4445	0.3019
1806	0.4502	0.3058
1633	0.4442	0.3013
1807	0.4485	0.3035
1634	0.442	0.2988
1808	0.4475	0.3017
1635	0.4424	0.2991
1809	0.4479	0.3022
1636	0.4429	0.2996
1810	0.4465	0.3007
1811	0.4464	0.301
1637	0.4424	0.2994
1812	0.4517	0.3085
1638	0.4438	0.2999
1813	0.4467	0.3016
1639	0.442	0.2989
1814	0.4481	0.3039
1640	0.4418	0.2989
1815	0.4476	0.3029
1641	0.4439	0.3012
1816	0.4468	0.302
1817	0.4475	0.3026
1642	0.4426	0.2998
1818	0.4471	0.3009
1643	0.4431	0.2993
1819	0.4475	0.3021
1644	0.4426	0.2997
1820	0.4465	0.3011
1645	0.4426	0.3006
1821	0.4467	0.3011
1646	0.4428	0.301
1822	0.4455	0.3
1647	0.441	0.298
1823	0.446	0.3007
1648	0.4423	0.3
1824	0.4493	0.3042
1649	0.4436	0.3008
1825	0.4482	0.3029
1650	0.4424	0.2999
1826	0.4458	0.3007
1827	0.4466	0.3016
1651	0.4443	0.3026
1828	0.4466	0.3018
1652	0.442	0.2993
1829	0.4464	0.3016
1653	0.4427	0.3005
1830	0.4468	0.3021
1654	0.4427	0.3005
1831	0.4459	0.301
1655	0.4424	0.3013
1832	0.4459	0.3018
1656	0.4421	0.3005
1833	0.4474	0.3027
1657	0.4413	0.2994
1834	0.4483	0.3042
1658	0.4415	0.2992
1835	0.4479	0.3041
1659	0.4419	0.2996
1836	0.4459	0.3012
1660	0.443	0.3
1837	0.4465	0.3013
1661	0.4416	0.2996
1838	0.4452	0.2999
1839	0.445	0.2999
1662	0.4409	0.2985
1840	0.4452	0.2992
1663	0.4426	0.301
1841	0.4477	0.3015
1664	0.4411	0.2992
1842	0.4474	0.3023
1665	0.4431	0.3019
1843	0.4464	0.3014
1666	0.4432	0.3011
1844	0.4468	0.3018
1845	0.4456	0.3
1667	0.4408	0.2977
1668	0.441	0.2994
1846	0.4461	0.3004
1847	0.4463	0.3005
1669	0.4416	0.299
1848	0.4467	0.3021
1849	0.4486	0.3048
1670	0.4434	0.3009
1850	0.4484	0.3052
1671	0.4433	0.3008
1851	0.4483	0.3037
1672	0.4406	0.2988
1852	0.4472	0.303
1673	0.4404	0.2981
1853	0.4467	0.3021
1854	0.4465	0.3015
1674	0.4409	0.2994
1855	0.4464	0.3014
1675	0.4427	0.3003
1856	0.4453	0.2998
1676	0.4431	0.3004
1857	0.4457	0.3005
1677	0.4419	0.2995
1858	0.4522	0.3082
1678	0.4413	0.2983
1859	0.446	0.2999
1679	0.4434	0.3015
1860	0.448	0.3031
1680	0.4409	0.2995
1861	0.4467	0.3027
1681	0.4407	0.2986
1862	0.446	0.302
1682	0.4409	0.2984
1863	0.4452	0.2998
1864	0.4449	0.3008
1683	0.4431	0.301
1865	0.4448	0.3002
1684	0.4432	0.2997
1866	0.447	0.3014
1867	0.4467	0.3007
1685	0.4425	0.3004
1868	0.4448	0.3002
1686	0.4416	0.3
1869	0.4461	0.3024
1687	0.441	0.299
1870	0.4477	0.3039
1688	0.4408	0.2986
1871	0.4471	0.3011
1872	0.4457	0.301
1689	0.4415	0.2991
1873	0.4442	0.3001
1690	0.4396	0.2973
1874	0.4445	0.2995
1691	0.4401	0.2977
1875	0.4457	0.3006
1692	0.4415	0.2999
1876	0.4469	0.302
1693	0.443	0.3008
1877	0.448	0.3045
1878	0.4487	0.305
1694	0.4415	0.2991
1879	0.4444	0.299
1695	0.4409	0.2988
1880	0.4521	0.3077
1696	0.4479	0.308
1881	0.4655	0.3235
1697	0.4448	0.3034
1882	0.4524	0.3078
1698	0.4418	0.2994
1883	0.446	0.3021
1699	0.4401	0.2972
1884	0.4443	0.2993
1700	0.4402	0.2978
1885	0.4449	0.3004
1701	0.441	0.2981
1886	0.4442	0.2992
1887	0.4446	0.3005
1702	0.4404	0.2974
1703	0.441	0.298
1888	0.4453	0.3006
1889	0.4441	0.299
1704	0.4422	0.3
1890	0.4456	0.302
1705	0.4434	0.301
1891	0.4446	0.3
1706	0.4445	0.3013
1892	0.4452	0.3005
1707	0.4398	0.2974
1893	0.4437	0.2985
1708	0.4411	0.2993
1894	0.4443	0.2991
1709	0.4398	0.2968
1895	0.4472	0.3035
1710	0.4417	0.2983
1896	0.4478	0.3035
1711	0.4413	0.2988
1897	0.4444	0.3
1712	0.4411	0.2981
1898	0.4445	0.2998
1713	0.4418	0.2989
1899	0.4441	0.2995
1714	0.4411	0.2992
1900	0.445	0.3011
1901	0.4463	0.3034
1715	0.4405	0.2975
1902	0.4474	0.3048
1716	0.4412	0.2993
1903	0.4469	0.3029
1717	0.4399	0.2979
1904	0.445	0.3006
1718	0.4415	0.2984
1905	0.4454	0.2994
1719	0.4404	0.2977
1906	0.4453	0.3006
1907	0.4442	0.2986
1720	0.4417	0.2995
1908	0.4445	0.2998
1721	0.4464	0.3046
1909	0.4438	0.2991
1722	0.4419	0.2984
1910	0.4437	0.299
1723	0.441	0.2988
1911	0.4454	0.2998
1912	0.445	0.2996
1724	0.4398	0.2975
1913	0.4438	0.2985
1725	0.4412	0.2993
1914	0.4444	0.2998
1726	0.4415	0.3006
1915	0.444	0.2995
1727	0.4401	0.2988
1916	0.4456	0.3016
1728	0.4405	0.2996
1917	0.4449	0.301
1729	0.4397	0.2974
1918	0.4451	0.3009
1919	0.4453	0.3001
1730	0.4388	0.2961
1920	0.446	0.302
1731	0.4388	0.2963
1921	0.4441	0.2992
1732	0.4428	0.3018
1922	0.444	0.2991
1733	0.4397	0.2979
1923	0.4435	0.2978
1924	0.444	0.2992
1734	0.4401	0.2982
1925	0.4442	0.2991
1735	0.4415	0.2993
1926	0.444	0.298
1927	0.4435	0.2985
1736	0.4402	0.2975
1928	0.4464	0.3028
1737	0.4391	0.296
1929	0.4453	0.3003
1738	0.4397	0.2962
1930	0.444	0.2986
1739	0.4409	0.2984
1931	0.4445	0.2994
1740	0.4407	0.2981
1932	0.4439	0.2993
1741	0.4427	0.3013
1933	0.4439	0.2989
1742	0.44	0.299
1934	0.4434	0.2979
1743	0.4403	0.298
1935	0.4452	0.2998
1744	0.4429	0.3004
1936	0.4433	0.2975
1745	0.4395	0.2965
1937	0.4434	0.2979
1746	0.4397	0.298
1938	0.4441	0.2994
1747	0.44	0.2983
1939	0.4436	0.2979
1748	0.4394	0.2976
1940	0.4454	0.2998
1749	0.4477	0.3058
1941	0.4437	0.2982
1750	0.4406	0.2978
1942	0.4438	0.2985
1943	0.4442	0.2986
1751	0.439	0.2977
1944	0.4454	0.3003
1752	0.4407	0.2997
1945	0.4459	0.3
1753	0.4403	0.2991
1946	0.4461	0.3004
1754	0.4402	0.2972
1947	0.4436	0.2984
1755	0.4397	0.2972
1948	0.4427	0.2971
1756	0.4384	0.2964
1949	0.4422	0.2967
1757	0.4381	0.2963
1950	0.4433	0.2981
1951	0.4448	0.3005
1758	0.4387	0.2969
1952	0.4431	0.2983
1759	0.4403	0.2981
1953	0.4464	0.3016
1760	0.443	0.3013
1954	0.4458	0.3011
1955	0.4443	0.2998
1761	0.44	0.2975
1762	0.439	0.2966
1956	0.444	0.2993
1763	0.4391	0.2974
1957	0.4433	0.2989
1764	0.4386	0.2965
1958	0.4431	0.2987
1765	0.4392	0.297
1959	0.443	0.298
1766	0.442	0.3001
1960	0.4455	0.3004
1961	0.4451	0.3007
1767	0.4389	0.2963
1962	0.4444	0.2996
1768	0.4396	0.2966
1963	0.4427	0.2977
1769	0.4402	0.2978
1770	0.4388	0.2967
1964	0.4419	0.297
1771	0.4416	0.2999
1965	0.443	0.299
1772	0.4396	0.2981
1966	0.442	0.2975
1773	0.4416	0.3004
1967	0.4434	0.2975
1774	0.4399	0.2979
1968	0.4426	0.2974
1969	0.4441	0.2999
1775	0.4388	0.2966
1970	0.4473	0.3048
1776	0.4388	0.2968
1971	0.4457	0.3016
1777	0.4391	0.2968
1972	0.4432	0.2987
1778	0.4373	0.2948
1973	0.4432	0.2982
1779	0.4372	0.2947
1974	0.4425	0.2981
1975	0.443	0.2981
1780	0.4375	0.2953
1781	0.4381	0.2958
1976	0.4428	0.2976
1782	0.4417	0.2983
1977	0.4471	0.3024
1783	0.4396	0.297
1978	0.4419	0.2971
1784	0.4411	0.2986
1979	0.4424	0.2975
1785	0.4392	0.2961
1980	0.4425	0.2978
1786	0.4385	0.2958
1787	0.439	0.2973
1981	0.4435	0.2989
1788	0.4382	0.2962
1982	0.4459	0.3014
1789	0.4383	0.2962
1790	0.4378	0.2953
1983	0.4431	0.2989
1791	0.4375	0.295
1984	0.4414	0.2972
1792	0.4384	0.2953
1985	0.4415	0.2974
1986	0.4421	0.2976
1793	0.4375	0.2949
1987	0.4425	0.2986
1794	0.4397	0.2984
1988	0.4423	0.2976
1795	0.4389	0.2962
1989	0.4407	0.296
1796	0.4386	0.2968
1990	0.4413	0.2965
1797	0.4379	0.2959
1991	0.4418	0.2971
1798	0.4397	0.2973
1992	0.4416	0.2973
1799	0.4384	0.295
1993	0.4423	0.2978
1800	0.4382	0.296
1994	0.4427	0.2984
1995	0.4441	0.2997
1801	0.4378	0.2956
1996	0.4419	0.2978
1802	0.4379	0.2952
1803	0.437	0.2945
1997	0.4425	0.2982
1804	0.4387	0.2968
1998	0.4431	0.2996
1805	0.4379	0.297
1999	0.4417	0.298
1806	0.4408	0.299
1807	0.4385	0.2974
1808	0.4382	0.296
1809	0.437	0.2944
1810	0.4377	0.2957
1811	0.4377	0.2963
1812	0.4376	0.2955
1813	0.4368	0.295
1814	0.4371	0.2962
1815	0.4378	0.2968
1816	0.4377	0.2963
1817	0.4359	0.2941
1818	0.4371	0.2952
1819	0.4376	0.296
1820	0.4372	0.2959
1821	0.4367	0.2944
1822	0.4364	0.295
1823	0.4366	0.2945
1824	0.436	0.2939
1825	0.4405	0.2985
1826	0.4376	0.2955
1827	0.4371	0.2948
1828	0.4366	0.2945
1829	0.4364	0.2944
1830	0.4373	0.2953
1831	0.4363	0.2948
1832	0.4361	0.2946
1833	0.437	0.2947
1834	0.4384	0.297
1835	0.44	0.2998
1836	0.4413	0.3009
1837	0.4388	0.2989
1838	0.4379	0.2962
1839	0.4358	0.2947
1840	0.4372	0.2953
1841	0.4389	0.297
1842	0.438	0.2963
1843	0.4384	0.2988
1844	0.4391	0.2974
1845	0.4367	0.2953
1846	0.4429	0.3015
1847	0.4368	0.2948
1848	0.4384	0.2969
1849	0.4372	0.2962
1850	0.4393	0.2996
1851	0.4425	0.3014
1852	0.4412	0.3014
1853	0.4384	0.2969
1854	0.4368	0.2951
1855	0.4373	0.2958
1856	0.4359	0.2946
1857	0.4375	0.297
1858	0.4387	0.2977
1859	0.4412	0.2997
1860	0.4374	0.2957
1861	0.4367	0.2953
1862	0.4376	0.2965
1863	0.4354	0.2938
1864	0.4366	0.2962
1865	0.436	0.2948
1866	0.4375	0.2949
1867	0.4387	0.2959
1868	0.436	0.2942
1869	0.4381	0.297
1870	0.4386	0.2989
1871	0.4365	0.2942
1872	0.4371	0.2955
1873	0.4355	0.2945
1874	0.4359	0.2942
1875	0.4357	0.2939
1876	0.436	0.2941
1877	0.4368	0.296
1878	0.4368	0.2951
1879	0.4355	0.2937
1880	0.4415	0.3
1881	0.444	0.3026
1882	0.4407	0.3001
1883	0.4349	0.2941
1884	0.4358	0.2947
1885	0.4369	0.2958
1886	0.4352	0.2938
1887	0.436	0.2945
1888	0.4369	0.2953
1889	0.4354	0.2938
1890	0.4354	0.2953
1891	0.4341	0.2932
1892	0.4349	0.2926
1893	0.4342	0.2927
1894	0.4371	0.2949
1895	0.4364	0.2952
1896	0.4376	0.2966
1897	0.4354	0.2938
1898	0.4344	0.293
1899	0.4343	0.2932
1900	0.4345	0.2935
1901	0.4363	0.2967
1902	0.4377	0.2976
1903	0.4372	0.297
1904	0.4368	0.2967
1905	0.4342	0.2928
1906	0.435	0.2931
1907	0.4359	0.2939
1908	0.4368	0.2946
1909	0.4347	0.2929
1910	0.4352	0.2929
1911	0.4359	0.2938
1912	0.436	0.2935
1913	0.4356	0.2935
1914	0.4346	0.2932
1915	0.4338	0.2922
1916	0.4358	0.2949
1917	0.4351	0.2934
1918	0.4358	0.2946
1919	0.4363	0.2943
1920	0.4359	0.2949
1921	0.4367	0.2965
1922	0.4358	0.295
1923	0.4365	0.2953
1924	0.435	0.2933
1925	0.4352	0.2945
1926	0.4357	0.2936
1927	0.4345	0.2931
1928	0.4347	0.2932
1929	0.4371	0.2956
1930	0.4359	0.2938
1931	0.436	0.2948
1932	0.4342	0.2936
1933	0.4357	0.2949
1934	0.4349	0.2945
1935	0.4352	0.2949
1936	0.4337	0.2934
1937	0.4355	0.295
1938	0.4355	0.2946
1939	0.4347	0.2941
1940	0.4352	0.295
1941	0.4336	0.2926
1942	0.434	0.2927
1943	0.4341	0.2925
1944	0.4346	0.2934
1945	0.4386	0.2974
1946	0.4366	0.2957
1947	0.4334	0.2923
1948	0.4338	0.2928
1949	0.4343	0.2934
1950	0.4349	0.2938
1951	0.4352	0.2944
1952	0.4345	0.2942
1953	0.4366	0.2951
1954	0.4362	0.2949
1955	0.4336	0.2925
1956	0.4348	0.2942
1957	0.4349	0.2944
1958	0.4338	0.294
1959	0.4335	0.2928
1960	0.4345	0.2933
1961	0.4422	0.3018
1962	0.4346	0.2936
1963	0.4334	0.2922
1964	0.4334	0.2925
1965	0.4327	0.2919
1966	0.4339	0.293
1967	0.4331	0.2914
1968	0.4331	0.2923
1969	0.4349	0.2935
1970	0.4364	0.297
1971	0.4343	0.2925
1972	0.4336	0.2923
1973	0.4338	0.2927
1974	0.4325	0.2917
1975	0.4331	0.2925
1976	0.4329	0.2929
1977	0.4339	0.2933
1978	0.4345	0.2939
1979	0.437	0.2967
1980	0.4335	0.2935
1981	0.4335	0.2924
1982	0.4349	0.2946
1983	0.4324	0.2921
1984	0.4329	0.2921
1985	0.435	0.2956
1986	0.4344	0.2938
1987	0.4334	0.2929
1988	0.4329	0.2923
1989	0.4323	0.2916
1990	0.4344	0.2932
1991	0.4335	0.2931
1992	0.4331	0.2932
1993	0.4342	0.2941
1994	0.4356	0.2964
1995	0.4338	0.293
1996	0.4338	0.2936
1997	0.432	0.2909
1998	0.4334	0.2928
1999	0.4333	0.293
