epoch:	train_RMSD:	train_MAE:
0	6.9227	6.3043
1	6.5571	5.925
2	4.9385	4.2855
3	4.0379	3.4454
4	3.758	3.1989
5	3.5754	3.0409
6	3.4318	2.9148
7	3.3184	2.8122
8	3.2332	2.7292
9	3.1799	2.6704
10	3.1521	2.6322
11	3.1402	2.6096
12	3.1361	2.5973
13	3.135	2.5914
14	3.1348	2.5895
15	3.1348	2.5892
16	3.1348	2.5896
17	3.1349	2.5908
18	3.1349	2.5914
19	3.1351	2.5925
20	3.135	2.5925
21	3.1349	2.5927
22	3.1344	2.591
23	3.1339	2.5907
24	3.1331	2.591
25	3.1313	2.5888
26	3.1282	2.587
27	3.1224	2.5827
28	3.1121	2.5726
29	3.0977	2.5596
30	3.0813	2.5422
31	3.064	2.529
32	3.0394	2.5039
33	3.0081	2.4746
34	2.9665	2.4338
35	2.9156	2.3866
36	2.8545	2.3249
37	2.7987	2.2675
38	2.7161	2.1958
39	2.6197	2.1022
40	2.4844	1.9814
41	2.3697	1.8671
42	2.2938	1.7685
43	2.2379	1.7163
44	2.2043	1.657
45	2.1755	1.6465
46	2.151	1.6237
47	2.1308	1.6034
48	2.1292	1.6092
49	2.1059	1.5789
50	2.0978	1.5708
51	2.0903	1.568
52	2.0813	1.5542
53	2.0841	1.5654
54	2.0723	1.5501
55	2.0741	1.5549
56	2.067	1.5468
57	2.0657	1.549
58	2.0575	1.5366
59	2.0539	1.5263
60	2.0445	1.5213
61	2.0328	1.5188
62	2.0237	1.5103
63	2.0101	1.4834
64	2.0405	1.5344
65	1.9748	1.4605
66	1.9449	1.4218
67	1.8782	1.3836
68	1.8551	1.3521
69	1.8464	1.379
70	1.8885	1.4206
71	1.7838	1.3143
72	1.7634	1.302
73	1.819	1.3673
74	1.7262	1.2675
75	1.7131	1.2578
76	1.6938	1.2423
77	1.7141	1.252
78	1.6811	1.2294
79	1.6628	1.2164
80	1.6824	1.2273
81	1.659	1.2186
82	1.6364	1.2012
83	1.6232	1.1902
84	1.631	1.1987
85	1.6082	1.1784
86	1.597	1.1718
87	1.5768	1.1538
88	1.5738	1.1529
89	1.5648	1.1461
90	1.6025	1.1822
91	1.5542	1.1397
92	1.5708	1.1493
93	1.5414	1.136
94	1.5287	1.1169
95	1.5342	1.1257
96	1.5158	1.1127
97	1.5324	1.1337
98	1.506	1.1023
99	1.4974	1.0937
100	1.5609	1.1483
101	1.5031	1.1099
102	1.4909	1.0883
103	1.4896	1.0861
104	1.4862	1.0946
105	1.4766	1.0814
106	1.4678	1.0729
107	1.4667	1.0743
108	1.5023	1.1083
109	1.4617	1.065
110	1.4613	1.067
111	1.5139	1.1111
112	1.4803	1.085
113	1.4985	1.0938
114	1.4451	1.0555
115	1.4778	1.083
116	1.4522	1.0594
117	1.4411	1.0499
118	1.4505	1.06
119	1.4255	1.04
120	1.5004	1.1008
121	1.4327	1.0534
122	1.4534	1.0676
123	1.4172	1.0313
124	1.4475	1.0624
125	1.4206	1.0368
126	1.4362	1.0576
127	1.4046	1.0217
128	1.4014	1.0186
129	1.4576	1.0705
130	1.3932	1.013
131	1.401	1.02
132	1.3954	1.0169
133	1.3807	1.0024
134	1.3882	1.0146
135	1.3751	0.9969
136	1.3695	0.9919
137	1.3683	0.9898
138	1.3716	0.9957
139	1.4131	1.0364
140	1.3586	0.9842
141	1.3689	0.9916
142	1.361	0.9864
143	1.3547	0.9813
144	1.3554	0.9882
145	1.3387	0.9657
146	1.37	0.9919
147	1.3668	0.9908
148	1.3859	1.0099
149	1.3465	0.9761
150	1.3372	0.969
151	1.325	0.9562
152	1.3195	0.9503
153	1.328	0.957
154	1.3084	0.9425
155	1.3154	0.9477
156	1.3343	0.9654
157	1.3146	0.9458
158	1.308	0.9397
159	1.3326	0.9706
160	1.2966	0.9304
161	1.3488	0.9826
162	1.2844	0.9201
163	1.2936	0.9267
164	1.2906	0.9225
165	1.2697	0.9038
166	1.3068	0.9426
167	1.2717	0.9077
168	1.2629	0.8968
169	1.2587	0.8943
170	1.2511	0.8878
171	1.256	0.8908
172	1.2577	0.8964
173	1.2428	0.8795
174	1.2518	0.8884
175	1.2629	0.8993
176	1.237	0.8765
177	1.245	0.8845
178	1.3128	0.9492
179	1.2348	0.8728
180	1.2302	0.8696
181	1.2219	0.8611
182	1.2579	0.8945
183	1.222	0.863
184	1.2516	0.8975
185	1.2279	0.8706
186	1.2143	0.8583
187	1.2079	0.8513
188	1.2077	0.8511
189	1.2038	0.8474
190	1.1985	0.8428
191	1.1958	0.841
192	1.2089	0.8541
193	1.1913	0.8383
194	1.2423	0.8881
195	1.1986	0.8464
196	1.1852	0.8349
197	1.1819	0.832
198	1.1834	0.8328
199	1.1759	0.827
200	1.1796	0.8316
201	1.18	0.8333
202	1.1874	0.838
203	1.1682	0.8235
204	1.1635	0.8183
205	1.187	0.8377
206	1.2469	0.8927
207	1.2141	0.8774
208	1.1737	0.8312
209	1.2007	0.8638
210	1.1579	0.8158
211	1.1537	0.8141
212	1.1504	0.8094
213	1.145	0.8059
214	1.1616	0.825
215	1.1625	0.8248
216	1.1337	0.7975
217	1.1309	0.7971
218	1.1264	0.7902
219	1.1229	0.7898
220	1.1229	0.7889
221	1.1311	0.7984
222	1.1203	0.794
223	1.1184	0.7916
224	1.1089	0.7809
225	1.1085	0.7819
226	1.1284	0.7988
227	1.1048	0.7777
228	1.0986	0.7773
229	1.0951	0.7727
230	1.0961	0.7732
231	1.0984	0.7758
232	1.1131	0.794
233	1.1311	0.8112
234	1.0806	0.7618
235	1.0736	0.7552
236	1.0856	0.7671
237	1.0717	0.7555
238	1.0724	0.7578
239	1.0622	0.7473
240	1.0568	0.7424
241	1.0686	0.754
242	1.0666	0.7541
243	1.07	0.7593
244	1.0731	0.7686
245	1.0482	0.7387
246	1.0533	0.7475
247	1.0488	0.7422
248	1.0419	0.7344
249	1.0377	0.7282
250	1.0336	0.7255
251	1.0285	0.7253
252	1.0255	0.7195
253	1.0334	0.7279
254	1.0647	0.7547
255	1.0485	0.7461
256	1.0272	0.7246
257	1.026	0.7218
258	1.0708	0.7737
259	1.024	0.7208
260	1.0361	0.7319
261	1.0107	0.7094
262	1.0065	0.7068
263	1.0021	0.7021
264	1.1077	0.7971
265	1.0059	0.71
266	1.0316	0.7308
267	1.0423	0.7418
268	0.9934	0.6945
269	1.0138	0.7173
270	0.9907	0.6938
271	0.9998	0.7018
272	1.0068	0.7124
273	0.9852	0.6904
274	0.9883	0.6912
275	0.9764	0.6814
276	0.9787	0.6844
277	0.9742	0.6806
278	0.988	0.6986
279	0.9689	0.6735
280	0.9866	0.69
281	0.9684	0.6723
282	0.9732	0.6795
283	0.9711	0.6783
284	0.9593	0.6674
285	0.9574	0.6676
286	0.9563	0.664
287	0.9533	0.6631
288	0.9609	0.6695
289	0.9546	0.6637
290	0.9525	0.6619
291	0.9584	0.6651
292	0.9508	0.6607
293	0.9515	0.6614
294	0.944	0.654
295	0.9564	0.6676
296	0.9444	0.6547
297	0.9645	0.6789
298	0.9455	0.6634
299	0.9414	0.654
300	0.9336	0.6461
301	0.933	0.6463
302	0.9298	0.6434
303	0.9407	0.6573
304	0.9284	0.6426
305	0.9419	0.6585
306	0.9574	0.6812
307	0.9408	0.6597
308	0.9313	0.6509
309	0.9303	0.6467
310	0.9256	0.6421
311	0.9262	0.6408
312	0.9488	0.6619
313	0.9229	0.6409
314	0.9182	0.6332
315	0.9214	0.6428
316	0.9161	0.6347
317	0.9562	0.6834
318	0.9819	0.7091
319	0.9224	0.6435
320	0.9519	0.666
321	0.9311	0.6492
322	0.9101	0.6297
323	0.9138	0.6331
324	0.9095	0.6292
325	0.9429	0.6603
326	0.9041	0.6251
327	0.9258	0.648
328	0.8999	0.622
329	0.9071	0.6262
330	0.8996	0.6206
331	0.8978	0.6198
332	0.9004	0.6221
333	0.9027	0.6242
334	0.9003	0.6208
335	0.9064	0.6283
336	0.8937	0.6182
337	0.8903	0.6134
338	0.8939	0.6209
339	0.894	0.6159
340	0.8892	0.6146
341	0.8961	0.6212
342	0.9021	0.6284
343	0.9126	0.6365
344	0.8876	0.6127
345	0.8809	0.6059
346	0.8797	0.6043
347	0.8772	0.603
348	0.8824	0.607
349	0.8765	0.6044
350	0.8774	0.6038
351	0.8823	0.6096
352	0.8786	0.6067
353	0.8846	0.615
354	0.8793	0.6108
355	0.8748	0.6042
356	0.8754	0.6035
357	0.8783	0.6109
358	0.8847	0.6161
359	0.87	0.6011
360	0.8704	0.6008
361	0.8707	0.6034
362	0.8633	0.5945
363	0.8692	0.5972
364	0.8614	0.5938
365	0.864	0.5962
366	0.8683	0.6006
367	0.8586	0.5893
368	0.8704	0.6042
369	0.8702	0.6003
370	0.8647	0.5976
371	0.8596	0.5902
372	0.8689	0.6032
373	0.8524	0.5835
374	0.8522	0.5868
375	0.8529	0.5844
376	0.8515	0.5852
377	0.8461	0.582
378	0.8456	0.5791
379	0.8483	0.5859
380	0.8522	0.5885
381	0.846	0.5804
382	0.8728	0.6105
383	0.8712	0.6052
384	0.8713	0.6085
385	0.8455	0.5812
386	0.8461	0.5833
387	0.8397	0.577
388	0.8426	0.5757
389	0.8426	0.5794
390	0.8385	0.5756
391	0.8452	0.5816
392	0.835	0.5732
393	0.8332	0.5704
394	0.8367	0.5735
395	0.8446	0.5838
396	0.8365	0.5755
397	0.8336	0.5685
398	0.8344	0.5719
399	0.8357	0.5726
400	0.8395	0.5791
401	0.8367	0.5779
402	0.8305	0.5696
403	0.8319	0.5675
404	0.8338	0.5778
405	0.8305	0.5683
406	0.8244	0.5648
407	0.8263	0.5666
408	0.8362	0.5774
409	0.8718	0.6171
410	0.8668	0.6067
411	0.8759	0.6219
412	0.846	0.5884
413	0.8214	0.5614
414	0.8263	0.5721
415	0.8201	0.5601
416	0.8206	0.5621
417	0.827	0.5693
418	0.8259	0.5659
419	0.8193	0.5601
420	0.8226	0.5682
421	0.8367	0.5836
422	0.8204	0.5674
423	0.8185	0.5647
424	0.8316	0.5807
425	0.8299	0.5773
426	0.8154	0.5636
427	0.8213	0.5635
428	0.8423	0.593
429	0.84	0.5845
430	0.8337	0.5804
431	0.8424	0.5846
432	0.8345	0.5798
433	0.8104	0.5579
434	0.8241	0.5705
435	0.8086	0.5568
436	0.8078	0.554
437	0.8089	0.5557
438	0.807	0.5553
439	0.801	0.5456
440	0.8048	0.5495
441	0.7993	0.5475
442	0.8077	0.5518
443	0.8049	0.5503
444	0.799	0.5461
445	0.7963	0.5421
446	0.8074	0.5586
447	0.8034	0.5567
448	0.7982	0.5452
449	0.7948	0.5458
450	0.8444	0.5981
451	0.8204	0.5716
452	0.795	0.5441
453	0.8048	0.5538
454	0.797	0.5465
455	0.7913	0.539
456	0.811	0.5664
457	0.7909	0.5402
458	0.7891	0.5363
459	0.7944	0.5429
460	0.7953	0.5457
461	0.8073	0.5633
462	0.7912	0.5417
463	0.7926	0.5432
464	0.7899	0.5398
465	0.7859	0.5378
466	0.7994	0.5516
467	0.8524	0.603
468	0.8424	0.6
469	0.7863	0.5406
470	0.7887	0.5444
471	0.7863	0.5406
472	0.8268	0.583
473	0.8083	0.5623
474	0.7852	0.5365
475	0.7792	0.5332
476	0.782	0.5331
477	0.802	0.5543
478	0.8031	0.5549
479	0.7864	0.5406
480	0.777	0.529
481	0.7869	0.5378
482	0.7803	0.5341
483	0.7763	0.5334
484	0.7749	0.5264
485	0.7973	0.5556
486	0.8004	0.558
487	0.8162	0.5767
488	0.785	0.5423
489	0.7718	0.5269
490	0.7721	0.5244
491	0.768	0.524
492	0.7807	0.5391
493	0.769	0.5234
494	0.7728	0.5294
495	0.7692	0.5297
496	0.7738	0.5297
497	0.7998	0.5545
498	0.778	0.5358
499	0.7742	0.5334
500	0.7656	0.5264
501	0.7636	0.521
502	0.7657	0.5234
503	0.7634	0.5252
504	0.7665	0.5264
505	0.7713	0.5353
506	0.7811	0.5419
507	0.7571	0.5192
508	0.767	0.5255
509	0.7553	0.5163
510	0.7538	0.5171
511	0.7572	0.5154
512	0.7654	0.5281
513	0.7728	0.5332
514	0.7878	0.547
515	0.757	0.5145
516	0.7507	0.5119
517	0.758	0.5215
518	0.7496	0.5112
519	0.7502	0.5136
520	0.7584	0.5232
521	0.748	0.5115
522	0.7489	0.5111
523	0.7521	0.5198
524	0.7741	0.5447
525	0.7444	0.5072
526	0.7463	0.5092
527	0.7468	0.5074
528	0.7606	0.5278
529	0.7542	0.5219
530	0.7556	0.5216
531	0.7618	0.5283
532	0.7393	0.5052
533	0.7475	0.5138
534	0.7427	0.5129
535	0.7372	0.5031
536	0.7379	0.5029
537	0.7405	0.5098
538	0.741	0.5042
539	0.7461	0.5169
540	0.7539	0.5244
541	0.7568	0.5296
542	0.7302	0.4962
543	0.7313	0.4987
544	0.7366	0.5077
545	0.7319	0.5023
546	0.7407	0.5065
547	0.7818	0.5473
548	0.729	0.496
549	0.7356	0.5044
550	0.7534	0.5294
551	0.7406	0.5105
552	0.7298	0.4982
553	0.7344	0.5035
554	0.7601	0.5404
555	0.7655	0.5431
556	0.7419	0.518
557	0.7274	0.498
558	0.7246	0.4959
559	0.7233	0.4971
560	0.7455	0.5163
561	0.7415	0.5169
562	0.7201	0.4924
563	0.7219	0.4932
564	0.7207	0.4928
565	0.7695	0.5465
566	0.7648	0.5407
567	0.7207	0.4914
568	0.7393	0.5095
569	0.7206	0.494
570	0.7102	0.4845
571	0.7438	0.5248
572	0.7454	0.5213
573	0.7396	0.5204
574	0.7219	0.4965
575	0.7136	0.4928
576	0.7229	0.4971
577	0.7244	0.5017
578	0.7138	0.4903
579	0.7078	0.4832
580	0.7112	0.4867
581	0.7037	0.4805
582	0.7073	0.4885
583	0.7049	0.4819
584	0.7106	0.4904
585	0.7131	0.491
586	0.706	0.4842
587	0.7023	0.4809
588	0.7015	0.4818
589	0.6988	0.4779
590	0.7014	0.482
591	0.7104	0.4903
592	0.709	0.4942
593	0.6985	0.479
594	0.7	0.4823
595	0.7041	0.484
596	0.6972	0.4813
597	0.7035	0.4869
598	0.6985	0.4758
599	0.6944	0.4808
600	0.6967	0.4809
601	0.6968	0.4776
602	0.692	0.4748
603	0.6949	0.4771
604	0.7098	0.4963
605	0.7041	0.4857
606	0.691	0.4736
607	0.6929	0.4761
608	0.7038	0.489
609	0.6919	0.4729
610	0.6857	0.4677
611	0.6846	0.4695
612	0.6914	0.475
613	0.6857	0.4677
614	0.7115	0.4957
615	0.6834	0.4686
616	0.6989	0.4855
617	0.6907	0.4803
618	0.7042	0.493
619	0.7078	0.4935
620	0.6847	0.4719
621	0.6808	0.4691
622	0.6886	0.4733
623	0.686	0.4723
624	0.6879	0.4775
625	0.6838	0.469
626	0.7106	0.497
627	0.6856	0.4712
628	0.6788	0.4697
629	0.6835	0.4688
630	0.6794	0.4674
631	0.6953	0.4873
632	0.6783	0.4658
633	0.68	0.4696
634	0.6776	0.4651
635	0.6814	0.4698
636	0.7163	0.5098
637	0.6916	0.4829
638	0.6835	0.476
639	0.6805	0.471
640	0.6719	0.4615
641	0.6755	0.4672
642	0.6824	0.474
643	0.7166	0.5121
644	0.6733	0.4647
645	0.6693	0.4636
646	0.672	0.4656
647	0.6829	0.4757
648	0.6673	0.4616
649	0.6676	0.4617
650	0.6709	0.4667
651	0.6752	0.4665
652	0.7012	0.4976
653	0.6833	0.4766
654	0.6902	0.4837
655	0.6669	0.4594
656	0.6613	0.454
657	0.6708	0.4618
658	0.6843	0.4783
659	0.6639	0.46
660	0.6947	0.4958
661	0.6793	0.4777
662	0.6688	0.4643
663	0.6723	0.463
664	0.6709	0.4659
665	0.6787	0.4694
666	0.7025	0.5023
667	0.6695	0.464
668	0.6755	0.4717
669	0.6574	0.4505
670	0.6615	0.4569
671	0.6707	0.4721
672	0.6536	0.4487
673	0.6662	0.4597
674	0.6729	0.4697
675	0.6585	0.4563
676	0.6517	0.4496
677	0.6587	0.4564
678	0.6507	0.4485
679	0.6479	0.4438
680	0.6598	0.4597
681	0.6503	0.4468
682	0.6495	0.4486
683	0.6554	0.4525
684	0.6497	0.4473
685	0.6525	0.4521
686	0.6631	0.4628
687	0.6594	0.4561
688	0.6725	0.4749
689	0.6895	0.4892
690	0.7254	0.5276
691	0.6561	0.4562
692	0.6491	0.4442
693	0.6521	0.4491
694	0.6471	0.4464
695	0.647	0.4455
696	0.6464	0.4472
697	0.6551	0.4524
698	0.6437	0.4392
699	0.6583	0.4578
700	0.6683	0.4713
701	0.6563	0.4563
702	0.6401	0.4373
703	0.6421	0.4419
704	0.6497	0.4486
705	0.659	0.4615
706	0.6498	0.4494
707	0.6453	0.4451
708	0.6524	0.454
709	0.6576	0.4587
710	0.6376	0.436
711	0.6417	0.444
712	0.6332	0.4345
713	0.6395	0.4407
714	0.638	0.4374
715	0.6396	0.4411
716	0.6444	0.4503
717	0.641	0.4405
718	0.6386	0.4426
719	0.6363	0.4364
720	0.6618	0.4696
721	0.6451	0.4507
722	0.637	0.4376
723	0.6357	0.4371
724	0.6436	0.4424
725	0.6342	0.4338
726	0.6345	0.4375
727	0.6367	0.4398
728	0.6556	0.4559
729	0.6351	0.4356
730	0.6435	0.4455
731	0.6376	0.4424
732	0.6393	0.4449
733	0.6326	0.4373
734	0.634	0.4341
735	0.6337	0.4352
736	0.6288	0.4351
737	0.6313	0.4316
738	0.6246	0.4273
739	0.63	0.4347
740	0.6319	0.4406
741	0.6392	0.4464
742	0.6572	0.4679
743	0.6582	0.4671
744	0.6256	0.4321
745	0.6285	0.431
746	0.624	0.4263
747	0.6275	0.4294
748	0.6168	0.4227
749	0.6327	0.441
750	0.6487	0.4596
751	0.6518	0.4596
752	0.6425	0.4499
753	0.6427	0.4523
754	0.6279	0.4324
755	0.6836	0.4981
756	0.6521	0.4604
757	0.6263	0.4308
758	0.6248	0.4309
759	0.6202	0.4275
760	0.6169	0.4219
761	0.6228	0.4272
762	0.6181	0.4235
763	0.6345	0.4444
764	0.6207	0.4273
765	0.6178	0.4269
766	0.6242	0.4324
767	0.6187	0.4247
768	0.6266	0.4339
769	0.6264	0.4369
770	0.6149	0.4224
771	0.6177	0.4246
772	0.6219	0.429
773	0.6189	0.4259
774	0.6104	0.4168
775	0.611	0.4194
776	0.6198	0.4259
777	0.615	0.4228
778	0.6108	0.4193
779	0.6087	0.418
780	0.615	0.4227
781	0.6137	0.4247
782	0.6128	0.4241
783	0.6149	0.4249
784	0.6085	0.4149
785	0.612	0.4218
786	0.6186	0.4296
787	0.6207	0.4338
788	0.6183	0.4287
789	0.6332	0.444
790	0.6612	0.4722
791	0.6328	0.4444
792	0.6116	0.4232
793	0.635	0.4442
794	0.6168	0.4293
795	0.6057	0.416
796	0.6069	0.4166
797	0.6017	0.4128
798	0.6049	0.415
799	0.6073	0.4169
800	0.5997	0.4121
801	0.6174	0.4336
802	0.6181	0.4284
803	0.6115	0.4196
804	0.6274	0.4362
805	0.6056	0.4143
806	0.6021	0.4144
807	0.603	0.4116
808	0.6135	0.421
809	0.6012	0.4112
810	0.6098	0.4218
811	0.6195	0.4289
812	0.6054	0.418
813	0.6091	0.4228
814	0.6085	0.419
815	0.6007	0.4139
816	0.6099	0.4276
817	0.5974	0.4095
818	0.5991	0.4104
819	0.5949	0.4057
820	0.6076	0.4186
821	0.5975	0.4104
822	0.5984	0.4117
823	0.6107	0.4278
824	0.601	0.4122
825	0.6124	0.4264
826	0.5984	0.4092
827	0.5946	0.4074
828	0.5947	0.406
829	0.603	0.4184
830	0.5969	0.4138
831	0.6073	0.4215
832	0.6074	0.42
833	0.5979	0.4138
834	0.5957	0.4121
835	0.5883	0.4023
836	0.59	0.4034
837	0.6092	0.4222
838	0.6192	0.4345
839	0.5912	0.4037
840	0.613	0.4335
841	0.595	0.4083
842	0.5963	0.4101
843	0.6123	0.4289
844	0.6041	0.4217
845	0.6095	0.4272
846	0.6187	0.4395
847	0.621	0.4405
848	0.605	0.4244
849	0.6193	0.4377
850	0.59	0.4036
851	0.5902	0.4059
852	0.5859	0.401
853	0.594	0.4108
854	0.6017	0.4181
855	0.6019	0.418
856	0.5952	0.4147
857	0.5881	0.4039
858	0.615	0.4371
859	0.5857	0.3984
860	0.5835	0.3979
861	0.5885	0.4066
862	0.589	0.4047
863	0.5926	0.409
864	0.5821	0.3962
865	0.5941	0.4138
866	0.5838	0.3992
867	0.5908	0.4119
868	0.5883	0.4054
869	0.5886	0.403
870	0.5974	0.4161
871	0.5946	0.4159
872	0.587	0.4074
873	0.579	0.3972
874	0.5883	0.4029
875	0.5787	0.3937
876	0.5968	0.4196
877	0.5873	0.409
878	0.575	0.3919
879	0.5778	0.3947
880	0.5782	0.3946
881	0.5813	0.4007
882	0.5825	0.3988
883	0.5777	0.3981
884	0.584	0.4036
885	0.578	0.3993
886	0.5771	0.397
887	0.6044	0.4286
888	0.6015	0.4232
889	0.5765	0.3951
890	0.5772	0.3969
891	0.5818	0.4017
892	0.5955	0.4176
893	0.5843	0.3999
894	0.6232	0.4465
895	0.5873	0.4095
896	0.5711	0.3905
897	0.5746	0.3941
898	0.5767	0.3999
899	0.5735	0.3927
900	0.5709	0.3889
901	0.5724	0.3906
902	0.5742	0.3979
903	0.5793	0.3992
904	0.5756	0.3956
905	0.5731	0.3914
906	0.5767	0.3941
907	0.5832	0.407
908	0.5794	0.4038
909	0.5734	0.395
910	0.5783	0.3985
911	0.583	0.4026
912	0.5678	0.3883
913	0.5735	0.3962
914	0.5688	0.3873
915	0.5749	0.3962
916	0.575	0.394
917	0.5687	0.3939
918	0.5697	0.3914
919	0.588	0.4109
920	0.57	0.3925
921	0.5703	0.3932
922	0.5769	0.4007
923	0.565	0.3865
924	0.5689	0.3914
925	0.5759	0.3983
926	0.5668	0.3879
927	0.5759	0.3962
928	0.5732	0.3961
929	0.5964	0.4272
930	0.5616	0.3817
931	0.6017	0.4234
932	0.5876	0.4117
933	0.5891	0.4166
934	0.5749	0.3966
935	0.581	0.4077
936	0.5763	0.4014
937	0.5665	0.3882
938	0.5573	0.3808
939	0.5612	0.3835
940	0.5712	0.3974
941	0.5729	0.3981
942	0.5616	0.3818
943	0.5718	0.394
944	0.5605	0.3856
945	0.5628	0.3856
946	0.5746	0.396
947	0.5602	0.3836
948	0.5667	0.3931
949	0.5639	0.391
950	0.5594	0.3828
951	0.5624	0.3842
952	0.5595	0.3852
953	0.561	0.3882
954	0.575	0.4022
955	0.5571	0.3785
956	0.5533	0.3768
957	0.5783	0.4059
958	0.5612	0.3835
959	0.5754	0.3989
960	0.5643	0.3896
961	0.5691	0.3924
962	0.6012	0.4327
963	0.5716	0.3942
964	0.5599	0.3807
965	0.5558	0.3822
966	0.563	0.3914
967	0.5567	0.382
968	0.5612	0.3856
969	0.5531	0.3778
970	0.5535	0.3786
971	0.5574	0.3845
972	0.5576	0.388
973	0.558	0.3811
974	0.5488	0.3751
975	0.553	0.3797
976	0.5509	0.3763
977	0.5644	0.3908
978	0.5515	0.3781
979	0.5471	0.3755
980	0.5527	0.3811
981	0.5608	0.3884
982	0.5648	0.3932
983	0.5521	0.3773
984	0.5622	0.3876
985	0.5659	0.3934
986	0.5749	0.4042
987	0.5431	0.3682
988	0.5477	0.3759
989	0.5556	0.3865
990	0.5827	0.4147
991	0.5623	0.3873
992	0.5499	0.3769
993	0.5534	0.3799
994	0.5575	0.3857
995	0.5506	0.3794
996	0.5468	0.3752
997	0.5637	0.395
998	0.5467	0.375
999	0.547	0.3756
1000	0.5414	0.3677
1001	0.5464	0.3722
1002	0.5506	0.3768
1003	0.5508	0.3795
1004	0.5472	0.3758
1005	0.5403	0.3695
1006	0.5481	0.3755
1007	0.5464	0.3769
1008	0.5882	0.4197
1009	0.5853	0.4183
1010	0.5535	0.3809
1011	0.5466	0.3746
1012	0.5398	0.3691
1013	0.544	0.3761
1014	0.5717	0.4048
1015	0.5472	0.3776
1016	0.5592	0.3879
1017	0.5548	0.3865
1018	0.5521	0.3832
1019	0.565	0.3966
1020	0.5546	0.3888
1021	0.5486	0.378
1022	0.5375	0.3674
1023	0.5424	0.3731
1024	0.5401	0.3703
1025	0.5439	0.3717
1026	0.5547	0.3897
1027	0.5349	0.3665
1028	0.5366	0.3667
1029	0.5501	0.3804
1030	0.5588	0.3931
1031	0.5504	0.3847
1032	0.5369	0.3695
1033	0.5532	0.3843
1034	0.535	0.3664
1035	0.5317	0.3599
1036	0.5387	0.3701
1037	0.544	0.3776
1038	0.5423	0.3731
1039	0.5604	0.397
1040	0.559	0.3943
1041	0.5294	0.3605
1042	0.5636	0.3968
1043	0.5498	0.3814
1044	0.5365	0.3696
1045	0.5353	0.3665
1046	0.5351	0.3659
1047	0.5563	0.3892
1048	0.5625	0.394
1049	0.5519	0.3867
1050	0.5357	0.367
1051	0.5416	0.3738
1052	0.5328	0.3646
1053	0.5332	0.368
1054	0.5301	0.3619
1055	0.5379	0.3707
1056	0.5321	0.3694
1057	0.5401	0.3738
1058	0.528	0.3596
1059	0.5447	0.3757
1060	0.5602	0.3869
1061	0.5486	0.3782
1062	0.5403	0.371
1063	0.556	0.389
1064	0.5335	0.3648
1065	0.5305	0.364
1066	0.5285	0.3592
1067	0.535	0.3681
1068	0.529	0.3619
1069	0.5468	0.3815
1070	0.5359	0.3699
1071	0.5329	0.3661
1072	0.5255	0.359
1073	0.5442	0.38
1074	0.5592	0.3959
1075	0.5569	0.3935
1076	0.5441	0.3793
1077	0.5303	0.3643
1078	0.5332	0.3681
1079	0.5227	0.3577
1080	0.5227	0.3583
1081	0.5271	0.3631
1082	0.5333	0.368
1083	0.5414	0.3766
1084	0.5352	0.373
1085	0.5404	0.3777
1086	0.5246	0.3598
1087	0.5247	0.3606
1088	0.5296	0.3647
1089	0.5271	0.3639
1090	0.5229	0.3589
1091	0.5387	0.3782
1092	0.5274	0.3637
1093	0.522	0.3574
1094	0.5494	0.393
1095	0.5435	0.3839
1096	0.5172	0.3535
1097	0.5178	0.3539
1098	0.5182	0.3555
1099	0.5176	0.352
1100	0.5231	0.3584
1101	0.5212	0.3576
1102	0.5336	0.3692
1103	0.5251	0.3615
1104	0.5212	0.357
1105	0.5292	0.3663
1106	0.5617	0.4018
1107	0.5513	0.3911
1108	0.5349	0.3713
1109	0.5259	0.3676
1110	0.5244	0.361
1111	0.5241	0.3608
1112	0.517	0.3551
1113	0.5469	0.3885
1114	0.5312	0.3717
1115	0.5148	0.3523
1116	0.5207	0.3582
1117	0.5352	0.3759
1118	0.5314	0.3698
1119	0.5274	0.3672
1120	0.5167	0.3523
1121	0.5218	0.3608
1122	0.5383	0.3781
1123	0.5306	0.3695
1124	0.5142	0.352
1125	0.5219	0.3615
1126	0.5152	0.3552
1127	0.5578	0.4033
1128	0.5548	0.3959
1129	0.5329	0.3737
1130	0.5167	0.3575
1131	0.5135	0.3514
1132	0.5162	0.3569
1133	0.5256	0.3698
1134	0.5189	0.357
1135	0.5278	0.3691
1136	0.5528	0.3973
1137	0.5523	0.3986
1138	0.5538	0.3993
1139	0.5202	0.3591
1140	0.5126	0.3528
1141	0.516	0.359
1142	0.5199	0.3616
1143	0.5529	0.3993
1144	0.5113	0.3509
1145	0.5071	0.3467
1146	0.5194	0.362
1147	0.5342	0.3797
1148	0.5213	0.3637
1149	0.5376	0.3838
1150	0.5133	0.3524
1151	0.5363	0.3819
1152	0.5246	0.368
1153	0.513	0.3531
1154	0.5095	0.3515
1155	0.5123	0.3534
1156	0.5063	0.3468
1157	0.5182	0.3605
1158	0.5202	0.362
1159	0.5094	0.349
1160	0.5133	0.3543
1161	0.5106	0.3504
1162	0.5516	0.3939
1163	0.5111	0.3535
1164	0.5129	0.3531
1165	0.5176	0.3593
1166	0.5074	0.3482
1167	0.5097	0.3516
1168	0.5024	0.3433
1169	0.5083	0.3489
1170	0.5071	0.3489
1171	0.5021	0.3438
1172	0.5271	0.3731
1173	0.5347	0.385
1174	0.5045	0.3455
1175	0.5142	0.3553
1176	0.5035	0.3465
1177	0.5118	0.3528
1178	0.5006	0.3416
1179	0.5211	0.3691
1180	0.4958	0.3382
1181	0.5018	0.3437
1182	0.5031	0.3472
1183	0.5257	0.3726
1184	0.5044	0.3463
1185	0.5293	0.3719
1186	0.4991	0.341
1187	0.5045	0.3463
1188	0.5112	0.3565
1189	0.5092	0.3545
1190	0.5037	0.3456
1191	0.508	0.3527
1192	0.5654	0.4161
1193	0.5232	0.3718
1194	0.4991	0.3433
1195	0.4964	0.3384
1196	0.5103	0.3546
1197	0.5101	0.352
1198	0.5157	0.3593
1199	0.5199	0.3681
1200	0.5115	0.355
1201	0.5	0.3435
1202	0.5022	0.3482
1203	0.4974	0.3409
1204	0.5016	0.3451
1205	0.5106	0.3584
1206	0.5096	0.3604
1207	0.4996	0.3447
1208	0.4972	0.3432
1209	0.4942	0.3395
1210	0.498	0.343
1211	0.514	0.365
1212	0.4986	0.3406
1213	0.4997	0.3434
1214	0.4957	0.3417
1215	0.5182	0.3657
1216	0.4961	0.3409
1217	0.5029	0.3499
1218	0.4994	0.3461
1219	0.5078	0.3536
1220	0.5023	0.3488
1221	0.4918	0.3381
1222	0.52	0.3673
1223	0.4969	0.3423
1224	0.5062	0.3556
1225	0.4956	0.3437
1226	0.4948	0.3407
1227	0.5023	0.3492
1228	0.4979	0.3456
1229	0.5027	0.3526
1230	0.5136	0.3611
1231	0.5341	0.3826
1232	0.5274	0.3748
1233	0.5574	0.4026
1234	0.6061	0.4668
1235	0.5589	0.4117
1236	0.5278	0.3768
1237	0.5183	0.3655
1238	0.525	0.3734
1239	0.514	0.3627
1240	0.4899	0.3353
1241	0.4862	0.3342
1242	0.5052	0.3541
1243	0.5077	0.3555
1244	0.488	0.3348
1245	0.4957	0.3417
1246	0.5053	0.3534
1247	0.5025	0.3516
1248	0.4963	0.34
1249	0.5029	0.3499
1250	0.4896	0.3382
1251	0.5324	0.3845
1252	0.5085	0.3582
1253	0.4994	0.3483
1254	0.4856	0.3338
1255	0.506	0.354
1256	0.5021	0.3534
1257	0.4891	0.337
1258	0.4951	0.3434
1259	0.4926	0.3428
1260	0.4853	0.336
1261	0.4896	0.3376
1262	0.508	0.3612
1263	0.4896	0.3411
1264	0.4933	0.3415
1265	0.4894	0.3394
1266	0.484	0.3313
1267	0.4833	0.3313
1268	0.4941	0.3415
1269	0.5125	0.3682
1270	0.4963	0.3474
1271	0.4952	0.3487
1272	0.5158	0.3738
1273	0.5057	0.3575
1274	0.4814	0.3302
1275	0.4871	0.3351
1276	0.5019	0.3533
1277	0.4993	0.3493
1278	0.4798	0.3291
1279	0.4804	0.3309
1280	0.4841	0.3324
1281	0.4814	0.3301
1282	0.4973	0.3509
1283	0.4834	0.3317
1284	0.4825	0.3337
1285	0.485	0.3345
1286	0.4935	0.3435
1287	0.4902	0.3433
1288	0.486	0.3385
1289	0.4925	0.3427
1290	0.4979	0.35
1291	0.4927	0.3408
1292	0.4863	0.3407
1293	0.482	0.3329
1294	0.4929	0.3439
1295	0.5046	0.3582
1296	0.4856	0.3377
1297	0.4967	0.3504
1298	0.4999	0.3562
1299	0.4967	0.3528
1300	0.4857	0.3391
1301	0.4829	0.3346
1302	0.5338	0.3948
1303	0.514	0.3724
1304	0.497	0.3531
1305	0.4771	0.3304
1306	0.4776	0.3289
1307	0.4771	0.3289
1308	0.4739	0.3252
1309	0.4746	0.3258
1310	0.4796	0.3319
1311	0.5015	0.3602
1312	0.478	0.3295
1313	0.4902	0.3414
1314	0.4993	0.3529
1315	0.4795	0.3325
1316	0.4896	0.3415
1317	0.4844	0.3389
1318	0.497	0.3548
1319	0.4977	0.3562
1320	0.4773	0.3302
1321	0.4699	0.3219
1322	0.501	0.3573
1323	0.5535	0.4081
1324	0.5355	0.3947
1325	0.5007	0.3552
1326	0.4847	0.3359
1327	0.4782	0.3331
1328	0.4736	0.3288
1329	0.4889	0.3432
1330	0.4707	0.3238
1331	0.4783	0.3338
1332	0.4732	0.3283
1333	0.4992	0.3566
1334	0.4924	0.3488
1335	0.4868	0.3429
1336	0.472	0.326
1337	0.4858	0.3407
1338	0.4826	0.3364
1339	0.472	0.3258
1340	0.4754	0.3299
1341	0.4678	0.3224
1342	0.478	0.3322
1343	0.4729	0.3285
1344	0.4778	0.3345
1345	0.4836	0.3438
1346	0.4671	0.3198
1347	0.4931	0.3549
1348	0.5047	0.3652
1349	0.4816	0.3408
1350	0.4777	0.3341
1351	0.4724	0.3267
1352	0.4622	0.3162
1353	0.474	0.3285
1354	0.4686	0.3233
1355	0.4748	0.3299
1356	0.5199	0.3822
1357	0.5092	0.3678
1358	0.47	0.3256
1359	0.471	0.3266
1360	0.4667	0.3231
1361	0.4631	0.3171
1362	0.4693	0.3248
1363	0.4881	0.3467
1364	0.4965	0.3543
1365	0.4871	0.3438
1366	0.4743	0.329
1367	0.4709	0.3312
1368	0.4827	0.343
1369	0.4998	0.3603
1370	0.4713	0.3297
1371	0.4694	0.3257
1372	0.4764	0.3353
1373	0.4682	0.3238
1374	0.4621	0.3182
1375	0.4761	0.3341
1376	0.4708	0.3281
1377	0.4666	0.3234
1378	0.4639	0.3212
1379	0.477	0.3323
1380	0.4683	0.3254
1381	0.4569	0.3124
1382	0.4606	0.3177
1383	0.4614	0.3168
1384	0.4688	0.3266
1385	0.4808	0.3442
1386	0.4823	0.3406
1387	0.4657	0.3244
1388	0.4588	0.3158
1389	0.4608	0.3164
1390	0.4622	0.3198
1391	0.4727	0.3333
1392	0.5208	0.3869
1393	0.508	0.3716
1394	0.5016	0.363
1395	0.4935	0.357
1396	0.465	0.3225
1397	0.4627	0.3217
1398	0.4653	0.3268
1399	0.472	0.3311
1400	0.4627	0.319
1401	0.4643	0.3218
1402	0.4571	0.3164
1403	0.4627	0.3223
1404	0.4669	0.3252
1405	0.462	0.3211
1406	0.4687	0.3259
1407	0.4549	0.3107
1408	0.4589	0.3163
1409	0.4654	0.3239
1410	0.4615	0.3197
1411	0.4534	0.3123
1412	0.4618	0.3198
1413	0.4672	0.3263
1414	0.4583	0.3153
1415	0.4608	0.3174
1416	0.4525	0.311
1417	0.4555	0.3122
1418	0.4642	0.3233
1419	0.4807	0.3382
1420	0.4625	0.3209
1421	0.4627	0.3219
1422	0.4648	0.3216
1423	0.4741	0.3354
1424	0.4669	0.3264
1425	0.4588	0.3176
1426	0.4517	0.3101
1427	0.4516	0.3106
1428	0.4587	0.3195
1429	0.4576	0.3168
1430	0.4631	0.3234
1431	0.4654	0.3263
1432	0.4589	0.3191
1433	0.4594	0.3208
1434	0.4498	0.3084
1435	0.4691	0.331
1436	0.4917	0.357
1437	0.4514	0.3096
1438	0.4479	0.3065
1439	0.4503	0.3101
1440	0.4642	0.3257
1441	0.4534	0.3146
1442	0.4496	0.3089
1443	0.4703	0.3312
1444	0.4703	0.3338
1445	0.4601	0.323
1446	0.4532	0.3149
1447	0.4512	0.3111
1448	0.453	0.3144
1449	0.4627	0.3232
1450	0.4608	0.3198
1451	0.4561	0.3183
1452	0.4851	0.3488
1453	0.4743	0.3349
1454	0.4638	0.3253
1455	0.4664	0.3308
1456	0.4594	0.322
1457	0.454	0.3176
1458	0.4538	0.3135
1459	0.452	0.3109
1460	0.4625	0.3239
1461	0.462	0.3227
1462	0.4601	0.3196
1463	0.4714	0.3333
1464	0.4697	0.3313
1465	0.4504	0.3111
1466	0.4512	0.3107
1467	0.4673	0.3327
1468	0.4471	0.3089
1469	0.4429	0.302
1470	0.4577	0.3195
1471	0.465	0.3276
1472	0.467	0.3294
1473	0.4535	0.3121
1474	0.4548	0.3174
1475	0.4625	0.3241
1476	0.4522	0.3135
1477	0.4439	0.3049
1478	0.4477	0.3114
1479	0.4429	0.3042
1480	0.4486	0.3112
1481	0.4658	0.3326
1482	0.4516	0.3132
1483	0.4634	0.3241
1484	0.4494	0.311
1485	0.4517	0.3161
1486	0.462	0.3226
1487	0.4677	0.3282
1488	0.4511	0.3132
1489	0.4483	0.31
1490	0.477	0.3415
1491	0.4685	0.332
1492	0.46	0.3228
1493	0.4561	0.3175
1494	0.4464	0.3091
1495	0.4713	0.3361
1496	0.4449	0.3056
1497	0.4514	0.3156
1498	0.4432	0.3041
1499	0.4519	0.3167
1500	0.439	0.3017
1501	0.4349	0.2958
1502	0.4387	0.3016
1503	0.4324	0.2933
1504	0.432	0.2927
1505	0.4317	0.2919
1506	0.4329	0.2948
1507	0.431	0.2922
1508	0.4289	0.29
1509	0.43	0.2922
1510	0.4285	0.2898
1511	0.4309	0.2929
1512	0.4294	0.2911
1513	0.4277	0.289
1514	0.4291	0.2905
1515	0.4291	0.2906
1516	0.4291	0.2902
1517	0.4289	0.2908
1518	0.4275	0.2893
1519	0.4271	0.2894
1520	0.4289	0.2908
1521	0.4276	0.2896
1522	0.4289	0.2911
1523	0.4271	0.2888
1524	0.4286	0.2912
1525	0.4268	0.2883
1526	0.4263	0.2872
1527	0.4262	0.2875
1528	0.4268	0.2886
1529	0.4267	0.2885
1530	0.4254	0.2871
1531	0.425	0.2864
1532	0.4297	0.292
1533	0.4261	0.2882
1534	0.4258	0.2876
1535	0.4248	0.2867
1536	0.4261	0.2885
1537	0.4271	0.2898
1538	0.4269	0.289
1539	0.4267	0.2897
1540	0.4258	0.2877
1541	0.4264	0.2887
1542	0.4261	0.2888
1543	0.4252	0.2872
1544	0.4314	0.2945
1545	0.4259	0.2879
1546	0.4269	0.2894
1547	0.43	0.294
1548	0.4297	0.2936
1549	0.4265	0.2906
1550	0.4248	0.2883
1551	0.4254	0.2887
1552	0.4237	0.2857
1553	0.4279	0.2914
1554	0.4263	0.2893
1555	0.4238	0.2869
1556	0.4242	0.2873
1557	0.4241	0.2872
1558	0.424	0.2871
1559	0.4263	0.2896
1560	0.4248	0.2881
1561	0.4239	0.287
1562	0.4237	0.2867
1563	0.4234	0.2859
1564	0.4229	0.2861
1565	0.4227	0.286
1566	0.4239	0.2867
1567	0.4232	0.2862
1568	0.4227	0.2848
1569	0.4237	0.2863
1570	0.4247	0.2882
1571	0.4236	0.2863
1572	0.4235	0.2858
1573	0.4258	0.2898
1574	0.4245	0.2867
1575	0.425	0.2881
1576	0.4229	0.2854
1577	0.4223	0.2857
1578	0.4223	0.2848
1579	0.4224	0.2849
1580	0.4227	0.2856
1581	0.4225	0.2852
1582	0.4245	0.287
1583	0.4234	0.2868
1584	0.4217	0.2845
1585	0.4268	0.2909
1586	0.4246	0.2884
1587	0.4222	0.2853
1588	0.4217	0.2851
1589	0.4228	0.2857
1590	0.4244	0.2879
1591	0.4223	0.285
1592	0.4228	0.2858
1593	0.423	0.2858
1594	0.4299	0.2946
1595	0.4221	0.2848
1596	0.422	0.2848
1597	0.4232	0.2867
1598	0.4234	0.2865
1599	0.422	0.2847
1600	0.4236	0.2869
1601	0.4216	0.2846
1602	0.4217	0.2849
1603	0.4236	0.2871
1604	0.4215	0.2843
1605	0.423	0.2865
1606	0.4237	0.288
1607	0.4222	0.2865
1608	0.4214	0.2844
1609	0.4234	0.2871
1610	0.4216	0.2844
1611	0.4225	0.2862
1612	0.422	0.2855
1613	0.4278	0.2931
1614	0.4267	0.2903
1615	0.4237	0.2873
1616	0.4225	0.286
1617	0.4231	0.287
1618	0.4208	0.2846
1619	0.422	0.2861
1620	0.4269	0.2917
1621	0.4217	0.285
1622	0.4207	0.2835
1623	0.4213	0.2845
1624	0.4209	0.2838
1625	0.4202	0.283
1626	0.4226	0.2863
1627	0.4203	0.2833
1628	0.4218	0.2856
1629	0.4202	0.2837
1630	0.4219	0.286
1631	0.4207	0.2842
1632	0.4196	0.2831
1633	0.4206	0.2843
1634	0.4218	0.2859
1635	0.4231	0.2867
1636	0.4206	0.2843
1637	0.4196	0.2825
1638	0.4202	0.2836
1639	0.4209	0.2848
1640	0.4212	0.2847
1641	0.4204	0.2842
1642	0.4192	0.2827
1643	0.4203	0.2847
1644	0.4215	0.2855
1645	0.4202	0.284
1646	0.4194	0.2837
1647	0.4192	0.283
1648	0.4205	0.284
1649	0.421	0.2846
1650	0.4202	0.2836
1651	0.4208	0.2849
1652	0.4214	0.2841
1653	0.4242	0.289
1654	0.4198	0.2829
1655	0.4201	0.2837
1656	0.4245	0.2887
1657	0.4192	0.2821
1658	0.4189	0.2825
1659	0.4203	0.2844
1660	0.4198	0.2832
1661	0.4194	0.2822
1662	0.4207	0.2848
1663	0.4209	0.2848
1664	0.4192	0.2831
1665	0.4178	0.2813
1666	0.4184	0.2816
1667	0.4198	0.2827
1668	0.4183	0.2814
1669	0.4211	0.2844
1670	0.42	0.2833
1671	0.4195	0.2828
1672	0.4189	0.2828
1673	0.4216	0.286
1674	0.4177	0.2811
1675	0.4181	0.2814
1676	0.4195	0.2828
1677	0.4205	0.2842
1678	0.4189	0.282
1679	0.4185	0.2823
1680	0.4176	0.2806
1681	0.4178	0.2813
1682	0.4194	0.2836
1683	0.4177	0.2811
1684	0.4174	0.2803
1685	0.4233	0.2885
1686	0.4194	0.2828
1687	0.4245	0.2901
1688	0.4175	0.2806
1689	0.4211	0.2858
1690	0.4224	0.287
1691	0.4209	0.2858
1692	0.4177	0.2811
1693	0.4194	0.2836
1694	0.4194	0.2836
1695	0.4182	0.2819
1696	0.4183	0.2816
1697	0.4181	0.2815
1698	0.4193	0.2831
1699	0.4181	0.2821
1700	0.4187	0.2825
1701	0.4174	0.2811
1702	0.4193	0.283
1703	0.4191	0.2833
1704	0.4193	0.2836
1705	0.4186	0.2831
1706	0.4172	0.2809
1707	0.418	0.282
1708	0.4185	0.2822
1709	0.4203	0.2842
1710	0.4184	0.2818
1711	0.4175	0.281
1712	0.4172	0.2807
1713	0.4168	0.2805
1714	0.417	0.2811
1715	0.4169	0.2809
1716	0.4172	0.2808
1717	0.4185	0.2827
1718	0.4166	0.2796
1719	0.4178	0.2814
1720	0.4188	0.2827
1721	0.4172	0.2818
1722	0.417	0.2816
1723	0.4177	0.2834
1724	0.4187	0.2834
1725	0.419	0.2839
1726	0.4172	0.2816
1727	0.422	0.2871
1728	0.4159	0.2795
1729	0.4168	0.2807
1730	0.4158	0.2796
1731	0.4175	0.2826
1732	0.4197	0.2854
1733	0.4182	0.2835
1734	0.416	0.2798
1735	0.4168	0.2804
1736	0.4167	0.2803
1737	0.4157	0.2798
1738	0.4166	0.2811
1739	0.4176	0.2823
1740	0.4172	0.2819
1741	0.4158	0.28
1742	0.4193	0.2844
1743	0.4172	0.2825
1744	0.4161	0.2806
1745	0.417	0.2824
1746	0.4191	0.2842
1747	0.4177	0.2824
1748	0.415	0.279
1749	0.4159	0.2805
1750	0.4171	0.2812
1751	0.4165	0.2808
1752	0.4158	0.2799
1753	0.4166	0.2802
1754	0.4164	0.2805
1755	0.4148	0.278
1756	0.4164	0.2806
1757	0.415	0.2786
1758	0.419	0.2836
1759	0.4161	0.2804
1760	0.4156	0.2797
1761	0.416	0.2807
1762	0.4155	0.2797
1763	0.4157	0.2798
1764	0.4171	0.282
1765	0.4174	0.2822
1766	0.416	0.2817
1767	0.4187	0.2836
1768	0.4161	0.2813
1769	0.4167	0.2819
1770	0.4161	0.2804
1771	0.4157	0.2801
1772	0.4152	0.2793
1773	0.415	0.2799
1774	0.4159	0.2806
1775	0.4163	0.2809
1776	0.416	0.28
1777	0.4153	0.2804
1778	0.4151	0.2794
1779	0.4189	0.2848
1780	0.4248	0.2925
1781	0.415	0.2799
1782	0.4151	0.279
1783	0.4162	0.2804
1784	0.4161	0.2811
1785	0.4146	0.2791
1786	0.415	0.2795
1787	0.4179	0.2835
1788	0.4157	0.2803
1789	0.4157	0.2805
1790	0.4175	0.2828
1791	0.4172	0.2823
1792	0.4145	0.2797
1793	0.4138	0.2784
1794	0.4155	0.2811
1795	0.4181	0.2842
1796	0.4171	0.2826
1797	0.4142	0.279
1798	0.4149	0.2791
1799	0.4165	0.2821
1800	0.4149	0.2793
1801	0.4156	0.2808
1802	0.4152	0.2806
1803	0.4142	0.2795
1804	0.4159	0.2814
1805	0.4155	0.2809
1806	0.4146	0.2797
1807	0.4162	0.282
1808	0.4164	0.2821
1809	0.4187	0.2842
1810	0.4166	0.2816
1811	0.4155	0.2811
1812	0.4143	0.2799
1813	0.4158	0.282
1814	0.4142	0.2797
1815	0.414	0.2785
1816	0.4151	0.2796
1817	0.4166	0.282
1818	0.416	0.2817
1819	0.4147	0.279
1820	0.4162	0.2812
1821	0.4143	0.2785
1822	0.4147	0.2792
1823	0.4168	0.2826
1824	0.413	0.2775
1825	0.416	0.2811
1826	0.4173	0.2824
1827	0.4178	0.2822
1828	0.4157	0.2811
1829	0.4128	0.2773
1830	0.4136	0.2792
1831	0.414	0.2786
1832	0.4129	0.278
1833	0.4143	0.279
1834	0.4125	0.2767
1835	0.4136	0.278
1836	0.4144	0.2791
1837	0.413	0.2779
1838	0.4132	0.2782
1839	0.4131	0.2777
1840	0.4138	0.2788
1841	0.4134	0.278
1842	0.416	0.2824
1843	0.4155	0.2813
1844	0.4172	0.2838
1845	0.4137	0.2789
1846	0.4134	0.278
1847	0.4143	0.2792
1848	0.4124	0.2771
1849	0.4131	0.2784
1850	0.4134	0.2783
1851	0.4151	0.2807
1852	0.4133	0.2781
1853	0.4152	0.281
1854	0.414	0.2791
1855	0.4152	0.28
1856	0.4143	0.2785
1857	0.4129	0.2778
1858	0.4128	0.2776
1859	0.4123	0.2771
1860	0.4145	0.2799
1861	0.4147	0.2803
1862	0.4138	0.2788
1863	0.4131	0.2782
1864	0.414	0.2798
1865	0.4153	0.2807
1866	0.416	0.2831
1867	0.4127	0.2782
1868	0.413	0.2791
1869	0.4127	0.2786
1870	0.4122	0.2777
1871	0.4132	0.2782
1872	0.4151	0.281
1873	0.4138	0.2798
1874	0.4127	0.2789
1875	0.4209	0.2876
1876	0.4155	0.2825
1877	0.4133	0.2778
1878	0.4128	0.278
1879	0.4138	0.2787
1880	0.4136	0.2787
1881	0.4128	0.2775
1882	0.4125	0.2775
1883	0.4131	0.2784
1884	0.4121	0.2774
1885	0.4143	0.2803
1886	0.4135	0.2793
1887	0.4158	0.2819
1888	0.4127	0.2781
1889	0.412	0.2775
1890	0.4151	0.2814
1891	0.4191	0.2865
1892	0.4137	0.2791
1893	0.4159	0.2823
1894	0.4135	0.2789
1895	0.4122	0.278
1896	0.4151	0.2806
1897	0.412	0.2772
1898	0.4114	0.276
1899	0.4115	0.2767
1900	0.4154	0.2809
1901	0.4118	0.2774
1902	0.4123	0.2774
1903	0.4132	0.2794
1904	0.4126	0.278
1905	0.4113	0.2763
1906	0.4119	0.2769
1907	0.4131	0.2788
1908	0.4112	0.2762
1909	0.4116	0.2764
1910	0.412	0.2776
1911	0.4127	0.2784
1912	0.4107	0.2759
1913	0.4102	0.2755
1914	0.4101	0.276
1915	0.4107	0.2764
1916	0.4113	0.2775
1917	0.4107	0.2763
1918	0.4107	0.2766
1919	0.4115	0.2764
1920	0.4124	0.2788
1921	0.4113	0.2761
1922	0.4123	0.278
1923	0.4117	0.2772
1924	0.4109	0.2767
1925	0.4127	0.2797
1926	0.4108	0.2759
1927	0.4112	0.2758
1928	0.411	0.2769
1929	0.417	0.2847
1930	0.4121	0.278
1931	0.411	0.2767
1932	0.411	0.2768
1933	0.4113	0.2767
1934	0.4102	0.2757
1935	0.4115	0.2767
1936	0.4126	0.2775
1937	0.4119	0.2778
1938	0.4114	0.2772
1939	0.411	0.2762
1940	0.4111	0.2769
1941	0.4111	0.2766
1942	0.4111	0.2767
1943	0.4121	0.2781
1944	0.4123	0.2779
1945	0.4098	0.2752
1946	0.412	0.2786
1947	0.4091	0.2751
1948	0.411	0.277
1949	0.4105	0.2771
1950	0.4096	0.2749
1951	0.4107	0.2774
1952	0.4103	0.2763
1953	0.4132	0.2809
1954	0.4141	0.2801
1955	0.4114	0.2779
1956	0.4117	0.2781
1957	0.4096	0.2756
1958	0.409	0.2755
1959	0.4098	0.2764
1960	0.4183	0.2861
1961	0.4106	0.277
1962	0.4099	0.276
1963	0.409	0.2749
1964	0.4088	0.2743
1965	0.4107	0.2768
1966	0.4098	0.2754
1967	0.4107	0.2769
1968	0.4099	0.2762
1969	0.4108	0.2771
1970	0.4117	0.2778
1971	0.4136	0.2805
1972	0.4108	0.2772
1973	0.4103	0.2765
1974	0.4103	0.2777
1975	0.4099	0.2765
1976	0.4102	0.2774
1977	0.4089	0.275
1978	0.41	0.2765
1979	0.4096	0.2759
1980	0.4089	0.2756
1981	0.4085	0.2744
1982	0.4108	0.2766
1983	0.4088	0.2749
1984	0.4087	0.2747
1985	0.4096	0.2757
1986	0.4085	0.2748
1987	0.4105	0.2767
1988	0.4086	0.2745
1989	0.4121	0.2787
1990	0.41	0.2762
1991	0.4086	0.2745
1992	0.4093	0.2757
1993	0.4084	0.2741
1994	0.4088	0.2747
1995	0.4099	0.2759
1996	0.4099	0.2754
1997	0.4112	0.2777
1998	0.41	0.2762
1999	0.4074	0.2739
