epoch:	train_RMSD:	train_MAE:
0	7.0257	6.1157
1	6.44	5.4419
2	4.6517	3.3953
3	4.1168	2.9531
4	3.9019	2.848
5	3.749	2.8109
6	3.6326	2.8046
7	3.5493	2.815
8	3.5008	2.8338
9	3.4804	2.853
10	3.4741	2.8686
11	3.4732	2.8786
12	3.4733	2.8827
13	3.4735	2.8847
14	3.4734	2.8838
15	3.4732	2.8819
16	3.4732	2.8802
17	3.4731	2.879
18	3.4731	2.88
19	3.4732	2.8823
20	3.4732	2.8815
21	3.473	2.8786
22	3.473	2.8806
23	3.4727	2.8808
24	3.4726	2.8818
25	3.4722	2.8803
26	3.4718	2.8803
27	3.4713	2.8778
28	3.4708	2.8773
29	3.47	2.8777
30	3.4685	2.874
31	3.466	2.8723
32	3.4617	2.867
33	3.4555	2.86
34	3.4464	2.8524
35	3.4336	2.8388
36	3.4134	2.8127
37	3.3825	2.78
38	3.3167	2.6992
39	3.2065	2.5486
40	3.0214	2.2939
41	2.8183	2.0014
42	2.6671	1.816
43	2.5836	1.7212
44	2.5331	1.6802
45	2.5	1.6356
46	2.4836	1.6207
47	2.4592	1.6087
48	2.4334	1.5869
49	2.3853	1.5517
50	2.3683	1.5463
51	2.3467	1.5314
52	2.334	1.5272
53	2.3218	1.5145
54	2.3003	1.4917
55	2.2906	1.4851
56	2.2792	1.4742
57	2.2696	1.4636
58	2.2593	1.4527
59	2.2508	1.4506
60	2.244	1.4435
61	2.2368	1.4307
62	2.2211	1.4133
63	2.2095	1.4092
64	2.199	1.4003
65	2.1908	1.3932
66	2.1721	1.3755
67	2.1642	1.3735
68	2.187	1.4452
69	2.0991	1.3305
70	2.0528	1.3101
71	2.0232	1.2856
72	2.009	1.2952
73	1.9714	1.2611
74	1.9644	1.261
75	1.9256	1.2169
76	1.9091	1.1957
77	1.9221	1.2142
78	1.8784	1.1834
79	1.9716	1.3016
80	1.8909	1.1929
81	1.8387	1.1524
82	1.8467	1.1824
83	1.8067	1.1343
84	1.7883	1.1174
85	1.7724	1.1075
86	1.7586	1.0994
87	1.7479	1.0938
88	1.752	1.1066
89	1.7289	1.0877
90	1.8256	1.1696
91	1.718	1.0772
92	1.7243	1.093
93	1.7108	1.0895
94	1.6841	1.0572
95	1.6751	1.0489
96	1.6657	1.041
97	1.6935	1.0907
98	1.7156	1.1132
99	1.677	1.0617
100	1.6748	1.0467
101	1.6422	1.0248
102	1.6292	1.0181
103	1.6187	1.0119
104	1.6161	1.0077
105	1.6047	1.0034
106	1.6423	1.0546
107	1.6017	1.0094
108	1.597	1.0099
109	1.5886	0.9871
110	1.6011	1.0013
111	1.584	0.985
112	1.5776	0.9819
113	1.5627	0.9721
114	1.5525	0.9694
115	1.5672	0.9757
116	1.5501	0.9718
117	1.5564	0.9736
118	1.5331	0.9606
119	1.5299	0.9603
120	1.5396	0.9705
121	1.5429	0.979
122	1.5117	0.9469
123	1.5163	0.9398
124	1.5001	0.9354
125	1.5022	0.9346
126	1.5411	0.9946
127	1.4895	0.93
128	1.4932	0.9263
129	1.487	0.927
130	1.4802	0.9231
131	1.4907	0.9421
132	1.4794	0.9313
133	1.4678	0.919
134	1.4568	0.9058
135	1.4699	0.9199
136	1.4564	0.9046
137	1.4494	0.905
138	1.4544	0.9181
139	1.4507	0.9153
140	1.4273	0.8902
141	1.4465	0.9054
142	1.4324	0.8943
143	1.4341	0.901
144	1.4493	0.9159
145	1.4143	0.8812
146	1.402	0.8689
147	1.4003	0.8652
148	1.418	0.8917
149	1.4003	0.8717
150	1.3868	0.8585
151	1.3868	0.8579
152	1.3832	0.855
153	1.3897	0.8592
154	1.3745	0.8552
155	1.3887	0.858
156	1.3666	0.8436
157	1.3837	0.857
158	1.3601	0.8408
159	1.3491	0.8335
160	1.3572	0.8525
161	1.3548	0.8429
162	1.3383	0.8257
163	1.3436	0.829
164	1.3415	0.8299
165	1.333	0.8273
166	1.3307	0.8256
167	1.3185	0.8144
168	1.3269	0.8302
169	1.3133	0.8165
170	1.3085	0.8078
171	1.3383	0.845
172	1.2982	0.8046
173	1.2938	0.797
174	1.3553	0.8616
175	1.2896	0.7961
176	1.2889	0.7961
177	1.303	0.8134
178	1.2746	0.7923
179	1.3355	0.8571
180	1.3061	0.8295
181	1.2766	0.7991
182	1.2767	0.8029
183	1.2576	0.7737
184	1.256	0.7833
185	1.2751	0.794
186	1.2668	0.785
187	1.2449	0.7704
188	1.2452	0.7723
189	1.2427	0.7675
190	1.2295	0.7614
191	1.2318	0.7636
192	1.2464	0.78
193	1.2575	0.7931
194	1.265	0.8045
195	1.2813	0.8169
196	1.2905	0.8251
197	1.2399	0.7765
198	1.2182	0.7639
199	1.2588	0.8023
200	1.2246	0.778
201	1.1979	0.7455
202	1.2059	0.7474
203	1.1979	0.7461
204	1.1848	0.735
205	1.1892	0.7442
206	1.2166	0.7726
207	1.2003	0.76
208	1.1798	0.7359
209	1.1953	0.7557
210	1.1697	0.7271
211	1.1708	0.7296
212	1.1636	0.7231
213	1.1707	0.7319
214	1.1605	0.7244
215	1.1543	0.7175
216	1.1668	0.732
217	1.1558	0.7181
218	1.1484	0.7169
219	1.1478	0.7156
220	1.1513	0.7267
221	1.1453	0.7175
222	1.1542	0.7299
223	1.1384	0.713
224	1.1358	0.7142
225	1.1285	0.7107
226	1.1352	0.7118
227	1.1228	0.7024
228	1.1211	0.698
229	1.1257	0.7076
230	1.1246	0.7106
231	1.1143	0.6999
232	1.1253	0.7134
233	1.1387	0.7335
234	1.1203	0.7096
235	1.1024	0.6907
236	1.1016	0.6912
237	1.1054	0.6963
238	1.1081	0.6977
239	1.1172	0.7149
240	1.106	0.703
241	1.094	0.6919
242	1.092	0.6896
243	1.0831	0.6763
244	1.0878	0.6812
245	1.081	0.6759
246	1.0773	0.6756
247	1.0729	0.6727
248	1.0723	0.6754
249	1.076	0.6787
250	1.0794	0.6846
251	1.0998	0.7039
252	1.0658	0.672
253	1.0639	0.6724
254	1.0846	0.6831
255	1.072	0.6782
256	1.0671	0.678
257	1.0736	0.6844
258	1.0712	0.6828
259	1.0526	0.6656
260	1.0542	0.6659
261	1.0616	0.6787
262	1.0539	0.6732
263	1.0507	0.6681
264	1.0448	0.6608
265	1.0459	0.6583
266	1.0614	0.6695
267	1.0779	0.688
268	1.0509	0.6662
269	1.052	0.6658
270	1.0262	0.6467
271	1.0358	0.6623
272	1.0383	0.6621
273	1.0441	0.6737
274	1.0361	0.6645
275	1.025	0.6525
276	1.0184	0.645
277	1.0387	0.6624
278	1.0295	0.6608
279	1.0115	0.637
280	1.0027	0.633
281	1.0136	0.6455
282	1.0127	0.6417
283	1.0339	0.6747
284	1.0044	0.6386
285	0.997	0.631
286	1.0371	0.6814
287	0.9997	0.6372
288	1.0355	0.6828
289	0.9968	0.6392
290	0.9957	0.6325
291	1.0014	0.6423
292	0.9842	0.6261
293	1.0047	0.6532
294	1.002	0.6493
295	0.9793	0.6258
296	0.976	0.62
297	0.9816	0.6218
298	0.9858	0.626
299	0.973	0.6156
300	0.9862	0.632
301	0.981	0.6304
302	0.9673	0.6177
303	0.9763	0.6237
304	0.9617	0.6116
305	0.9967	0.6519
306	0.9632	0.6138
307	1.0294	0.6748
308	1.0265	0.681
309	0.9793	0.631
310	0.9562	0.6128
311	0.9523	0.6065
312	0.9536	0.6117
313	0.97	0.6351
314	0.9488	0.6065
315	0.9472	0.6063
316	0.9623	0.6279
317	0.9645	0.6287
318	0.9487	0.611
319	0.9455	0.6077
320	0.9414	0.6038
321	0.9358	0.6011
322	0.9369	0.5983
323	0.9479	0.6096
324	0.9345	0.5999
325	0.9295	0.5936
326	0.9485	0.6199
327	1.016	0.6903
328	0.9459	0.6146
329	0.9472	0.621
330	0.9294	0.5977
331	0.9293	0.5993
332	0.9247	0.5953
333	0.9318	0.6053
334	0.9187	0.5922
335	0.9229	0.5993
336	0.965	0.6415
337	0.928	0.6065
338	0.9151	0.59
339	0.92	0.5927
340	0.9166	0.5963
341	0.9198	0.5973
342	0.9203	0.5963
343	0.9115	0.5889
344	0.9058	0.5821
345	0.9045	0.5821
346	0.9343	0.6227
347	1.025	0.7074
348	0.9625	0.6504
349	0.9122	0.5948
350	0.9024	0.5849
351	0.9011	0.5861
352	0.9074	0.5874
353	0.8998	0.5817
354	0.904	0.5872
355	0.8974	0.5823
356	0.9292	0.613
357	0.8966	0.5837
358	0.8899	0.575
359	0.8869	0.5757
360	0.8932	0.5812
361	0.8917	0.5805
362	0.9146	0.6049
363	0.9596	0.656
364	0.92	0.612
365	0.9071	0.603
366	0.9146	0.6077
367	0.8847	0.58
368	0.8808	0.5768
369	0.8776	0.5724
370	0.8719	0.5664
371	0.8721	0.5681
372	0.8776	0.5771
373	0.8749	0.5713
374	0.8682	0.5643
375	0.8714	0.5701
376	0.8778	0.5757
377	0.8747	0.577
378	0.867	0.5681
379	0.8649	0.565
380	0.8976	0.5938
381	0.877	0.578
382	0.8665	0.5665
383	0.873	0.5756
384	0.873	0.573
385	0.8582	0.5598
386	0.864	0.5679
387	0.8659	0.573
388	0.8684	0.5785
389	0.8569	0.562
390	0.9069	0.6202
391	0.926	0.6385
392	0.8658	0.5748
393	0.8526	0.5639
394	0.8437	0.5539
395	0.8489	0.5619
396	0.8457	0.5576
397	0.8457	0.5587
398	0.8436	0.5571
399	0.8429	0.5547
400	0.8413	0.5572
401	0.8385	0.5569
402	0.8639	0.5752
403	0.8401	0.5577
404	0.8461	0.5673
405	0.8438	0.5652
406	0.8425	0.5647
407	0.8576	0.5797
408	0.8776	0.5988
409	0.8411	0.5573
410	0.8356	0.5587
411	0.8335	0.5527
412	0.8278	0.5485
413	0.8372	0.56
414	0.8432	0.568
415	0.835	0.5611
416	0.8271	0.556
417	0.843	0.576
418	0.8411	0.5708
419	0.8178	0.5457
420	0.8183	0.5483
421	0.8155	0.5422
422	0.8257	0.5529
423	0.8215	0.5523
424	0.8228	0.5542
425	0.8149	0.5465
426	0.8269	0.5569
427	0.8386	0.5724
428	0.8125	0.5433
429	0.8116	0.5422
430	0.8045	0.5357
431	0.8051	0.537
432	0.8062	0.5399
433	0.8031	0.5347
434	0.807	0.5416
435	0.8024	0.5402
436	0.8021	0.5413
437	0.8189	0.5538
438	0.7984	0.5348
439	0.8061	0.544
440	0.8222	0.5612
441	0.8291	0.5696
442	0.8048	0.5443
443	0.7973	0.535
444	0.7904	0.5318
445	0.7917	0.534
446	0.8128	0.5571
447	0.7966	0.5396
448	0.7859	0.5294
449	0.8087	0.5534
450	0.7917	0.5361
451	0.8338	0.5819
452	0.8567	0.6022
453	0.7843	0.5276
454	0.7908	0.5373
455	0.8199	0.5673
456	0.7997	0.5416
457	0.783	0.5315
458	0.8104	0.5616
459	0.8019	0.5499
460	0.8009	0.5495
461	0.7794	0.5262
462	0.7812	0.5293
463	0.7798	0.5265
464	0.7821	0.5321
465	0.801	0.5467
466	0.7879	0.5376
467	0.7809	0.5323
468	0.8192	0.571
469	0.7741	0.5256
470	0.7843	0.536
471	0.7775	0.5327
472	0.7696	0.5223
473	0.7639	0.5171
474	0.7639	0.5196
475	0.7638	0.5181
476	0.7977	0.5512
477	0.7679	0.5251
478	0.7594	0.5127
479	0.7792	0.5352
480	0.7649	0.5212
481	0.7725	0.5262
482	0.76	0.5181
483	0.7587	0.5162
484	0.7646	0.5237
485	0.7798	0.5447
486	0.786	0.55
487	0.755	0.5164
488	0.7521	0.5129
489	0.7548	0.5171
490	0.7624	0.5223
491	0.7546	0.5193
492	0.7548	0.5168
493	0.7897	0.5478
494	0.7765	0.536
495	0.7513	0.5192
496	0.755	0.5183
497	0.754	0.5165
498	0.7592	0.5227
499	0.7455	0.5107
500	0.7488	0.5136
501	0.7413	0.507
502	0.7423	0.5096
503	0.7356	0.5015
504	0.768	0.535
505	0.7488	0.5183
506	0.7508	0.5204
507	0.739	0.5058
508	0.7436	0.5163
509	0.7874	0.5532
510	0.7438	0.5113
511	0.7655	0.533
512	0.7363	0.5109
513	0.7295	0.499
514	0.731	0.5007
515	0.7366	0.5104
516	0.7281	0.5016
517	0.7468	0.5159
518	0.7392	0.5072
519	0.7382	0.5104
520	0.7262	0.5017
521	0.728	0.5049
522	0.7971	0.5655
523	0.7245	0.499
524	0.7301	0.5038
525	0.7358	0.5124
526	0.7362	0.5107
527	0.7521	0.5257
528	0.7188	0.4949
529	0.7259	0.4977
530	0.7663	0.5492
531	0.7345	0.5134
532	0.7244	0.4997
533	0.7204	0.4987
534	0.7185	0.4959
535	0.7211	0.4953
536	0.7177	0.4948
537	0.715	0.4915
538	0.7225	0.4985
539	0.7297	0.5082
540	0.739	0.5185
541	0.7173	0.4979
542	0.7225	0.5042
543	0.722	0.5044
544	0.7304	0.5085
545	0.7337	0.5152
546	0.7084	0.4869
547	0.7064	0.4878
548	0.7097	0.4911
549	0.7021	0.4842
550	0.726	0.5059
551	0.7091	0.4911
552	0.7006	0.4849
553	0.7043	0.4892
554	0.7158	0.4985
555	0.71	0.497
556	0.7139	0.4999
557	0.7157	0.4992
558	0.7422	0.5291
559	0.7128	0.4978
560	0.7121	0.4949
561	0.7055	0.4905
562	0.7026	0.4883
563	0.7197	0.5073
564	0.6972	0.4829
565	0.7112	0.4973
566	0.6966	0.4819
567	0.7028	0.4862
568	0.7188	0.5118
569	0.7167	0.5031
570	0.6954	0.4835
571	0.7111	0.4968
572	0.7582	0.5439
573	0.7466	0.5327
574	0.7099	0.4965
575	0.6924	0.4788
576	0.6925	0.479
577	0.6899	0.4789
578	0.7095	0.4946
579	0.6966	0.4859
580	0.6918	0.4809
581	0.7005	0.4911
582	0.693	0.4849
583	0.7187	0.5075
584	0.7096	0.4997
585	0.6918	0.4827
586	0.7217	0.5087
587	0.7151	0.5043
588	0.7022	0.4899
589	0.6972	0.4895
590	0.6922	0.4823
591	0.6962	0.4852
592	0.6824	0.475
593	0.6928	0.4843
594	0.7012	0.4931
595	0.6907	0.482
596	0.6804	0.4722
597	0.707	0.5006
598	0.7266	0.5278
599	0.6836	0.4802
600	0.6843	0.4791
601	0.6759	0.4697
602	0.6818	0.4748
603	0.6764	0.4706
604	0.7039	0.4954
605	0.7173	0.5166
606	0.6777	0.4712
607	0.6795	0.4712
608	0.6887	0.4814
609	0.679	0.4751
610	0.68	0.4737
611	0.671	0.4641
612	0.7034	0.4962
613	0.702	0.4974
614	0.671	0.466
615	0.6775	0.4722
616	0.6922	0.4843
617	0.7032	0.5008
618	0.6997	0.4929
619	0.6986	0.4967
620	0.7229	0.5191
621	0.7103	0.5021
622	0.6702	0.4671
623	0.6783	0.4781
624	0.6704	0.4691
625	0.6632	0.4605
626	0.6662	0.4628
627	0.6885	0.4872
628	0.6643	0.4632
629	0.6734	0.4718
630	0.6761	0.4748
631	0.676	0.4783
632	0.6743	0.4703
633	0.6641	0.4627
634	0.6765	0.4751
635	0.6801	0.4791
636	0.6697	0.4672
637	0.6681	0.4641
638	0.6641	0.4624
639	0.6616	0.4607
640	0.679	0.4803
641	0.668	0.4714
642	0.6724	0.4747
643	0.6699	0.4757
644	0.6548	0.4554
645	0.6586	0.4595
646	0.6572	0.459
647	0.6583	0.4622
648	0.6511	0.4548
649	0.6588	0.4594
650	0.6588	0.4609
651	0.681	0.4824
652	0.6608	0.4574
653	0.6468	0.4494
654	0.649	0.4522
655	0.6684	0.4718
656	0.6492	0.4555
657	0.6524	0.4559
658	0.6587	0.4588
659	0.6577	0.4585
660	0.656	0.4608
661	0.6492	0.4541
662	0.6464	0.4512
663	0.6443	0.4492
664	0.648	0.4529
665	0.6535	0.4564
666	0.6533	0.4554
667	0.6691	0.4695
668	0.6551	0.4597
669	0.6678	0.4731
670	0.6516	0.4579
671	0.6509	0.4589
672	0.6679	0.4697
673	0.6502	0.4551
674	0.6561	0.4569
675	0.6501	0.4538
676	0.636	0.4439
677	0.6515	0.4604
678	0.641	0.4487
679	0.6717	0.4719
680	0.6419	0.4471
681	0.6467	0.4529
682	0.6445	0.4517
683	0.6789	0.4822
684	0.6458	0.455
685	0.6515	0.4565
686	0.642	0.4485
687	0.6438	0.4533
688	0.6665	0.4714
689	0.6652	0.4682
690	0.6397	0.4489
691	0.6515	0.4579
692	0.6302	0.4394
693	0.6423	0.4495
694	0.6338	0.4409
695	0.6422	0.4486
696	0.6363	0.4461
697	0.6372	0.4451
698	0.6427	0.4505
699	0.6279	0.4366
700	0.6295	0.4384
701	0.6408	0.4463
702	0.6475	0.4529
703	0.6381	0.4453
704	0.6349	0.4431
705	0.648	0.4599
706	0.6424	0.4496
707	0.6393	0.4465
708	0.6462	0.4549
709	0.6388	0.4488
710	0.6375	0.4462
711	0.6813	0.487
712	0.688	0.5017
713	0.6454	0.4578
714	0.6302	0.4423
715	0.6675	0.4757
716	0.6914	0.4989
717	0.7363	0.5401
718	0.7544	0.5569
719	0.6482	0.4587
720	0.6477	0.4619
721	0.6583	0.4664
722	0.6319	0.4422
723	0.6391	0.4495
724	0.6318	0.4413
725	0.63	0.4408
726	0.6412	0.4509
727	0.6332	0.4451
728	0.6241	0.4361
729	0.6286	0.4414
730	0.6211	0.4329
731	0.6455	0.4584
732	0.6219	0.4333
733	0.6223	0.4342
734	0.6232	0.4337
735	0.6325	0.4461
736	0.6334	0.4462
737	0.6229	0.4376
738	0.635	0.4485
739	0.6378	0.4481
740	0.6502	0.4612
741	0.6209	0.4322
742	0.6192	0.434
743	0.6673	0.4799
744	0.6386	0.4461
745	0.6449	0.4593
746	0.6232	0.437
747	0.6277	0.4382
748	0.623	0.4344
749	0.6378	0.4441
750	0.6265	0.4395
751	0.6387	0.4517
752	0.6288	0.4475
753	0.6304	0.4433
754	0.6278	0.4448
755	0.6156	0.4312
756	0.6383	0.4565
757	0.61	0.4268
758	0.6266	0.4393
759	0.6114	0.4274
760	0.6196	0.4341
761	0.6069	0.4235
762	0.6288	0.4462
763	0.611	0.4278
764	0.6352	0.4447
765	0.6614	0.474
766	0.6832	0.5001
767	0.6246	0.4437
768	0.6169	0.4339
769	0.6108	0.4286
770	0.6109	0.4265
771	0.6126	0.4289
772	0.6155	0.4337
773	0.623	0.4404
774	0.6663	0.4819
775	0.6128	0.4275
776	0.6174	0.4304
777	0.6072	0.4231
778	0.6153	0.4336
779	0.6166	0.4319
780	0.6051	0.4213
781	0.6551	0.4672
782	0.6695	0.4867
783	0.6196	0.4384
784	0.6178	0.4339
785	0.6345	0.4498
786	0.6197	0.4332
787	0.6234	0.4411
788	0.6279	0.4477
789	0.6423	0.4601
790	0.621	0.4403
791	0.6132	0.4316
792	0.6218	0.4392
793	0.6134	0.4292
794	0.6431	0.4553
795	0.6306	0.4458
796	0.6115	0.4294
797	0.6072	0.4252
798	0.6081	0.4266
799	0.6438	0.464
800	0.6027	0.4198
801	0.6049	0.4235
802	0.5993	0.4206
803	0.6056	0.427
804	0.5983	0.418
805	0.6053	0.4225
806	0.5981	0.418
807	0.6191	0.4418
808	0.603	0.4224
809	0.599	0.4204
810	0.6103	0.4294
811	0.6061	0.4235
812	0.5996	0.4192
813	0.5969	0.4178
814	0.6247	0.4434
815	0.6047	0.4246
816	0.5992	0.4199
817	0.5973	0.4195
818	0.6306	0.4572
819	0.6061	0.4288
820	0.6334	0.4578
821	0.6097	0.4289
822	0.6159	0.4374
823	0.6561	0.4806
824	0.5925	0.4155
825	0.5928	0.4159
826	0.5962	0.4187
827	0.5996	0.4243
828	0.5995	0.422
829	0.5978	0.4217
830	0.6063	0.4285
831	0.612	0.4341
832	0.6061	0.4263
833	0.5985	0.4234
834	0.5947	0.4179
835	0.5925	0.4162
836	0.6075	0.4295
837	0.6058	0.4242
838	0.5903	0.4101
839	0.59	0.4125
840	0.5913	0.4131
841	0.5921	0.4183
842	0.5878	0.4109
843	0.59	0.413
844	0.5871	0.4093
845	0.5923	0.4162
846	0.5961	0.421
847	0.6166	0.4343
848	0.5933	0.4154
849	0.6101	0.4368
850	0.6093	0.4335
851	0.5886	0.4102
852	0.5849	0.4089
853	0.5878	0.4137
854	0.5887	0.4135
855	0.5911	0.4141
856	0.6094	0.4342
857	0.594	0.4172
858	0.603	0.4283
859	0.5796	0.4033
860	0.5832	0.4105
861	0.5953	0.4227
862	0.5993	0.4278
863	0.5959	0.4271
864	0.5849	0.4115
865	0.5792	0.4033
866	0.5872	0.4144
867	0.5795	0.4029
868	0.5923	0.4163
869	0.5976	0.4232
870	0.5853	0.4071
871	0.5829	0.4096
872	0.5811	0.4088
873	0.5885	0.4149
874	0.5852	0.4129
875	0.5963	0.4174
876	0.6013	0.4233
877	0.5809	0.4045
878	0.5783	0.4031
879	0.5946	0.4212
880	0.58	0.405
881	0.5821	0.4091
882	0.5791	0.408
883	0.5894	0.4198
884	0.5841	0.4096
885	0.6127	0.4384
886	0.6013	0.4245
887	0.5928	0.4213
888	0.588	0.4122
889	0.5793	0.406
890	0.6104	0.4388
891	0.588	0.4158
892	0.6135	0.4445
893	0.6425	0.4696
894	0.5864	0.4174
895	0.5725	0.4015
896	0.5856	0.4083
897	0.5931	0.4162
898	0.6053	0.4304
899	0.5968	0.425
900	0.5789	0.405
901	0.5953	0.4197
902	0.5788	0.4062
903	0.5862	0.4136
904	0.5765	0.4056
905	0.5844	0.411
906	0.5847	0.4139
907	0.5842	0.4104
908	0.5771	0.4023
909	0.5717	0.3995
910	0.5809	0.4087
911	0.581	0.4091
912	0.5762	0.4076
913	0.5811	0.4061
914	0.6125	0.4403
915	0.5926	0.4214
916	0.5752	0.407
917	0.5777	0.4038
918	0.5662	0.3951
919	0.5652	0.3942
920	0.5666	0.3972
921	0.5687	0.3968
922	0.5655	0.3965
923	0.5678	0.3966
924	0.5908	0.4219
925	0.5762	0.4068
926	0.5904	0.4202
927	0.5649	0.3963
928	0.5836	0.4148
929	0.5702	0.4007
930	0.5627	0.394
931	0.5767	0.4072
932	0.5784	0.4136
933	0.5632	0.3936
934	0.574	0.4056
935	0.5866	0.4196
936	0.568	0.3968
937	0.5759	0.4068
938	0.5619	0.3938
939	0.567	0.3966
940	0.5737	0.4035
941	0.5837	0.4141
942	0.5701	0.4044
943	0.5627	0.3916
944	0.5681	0.403
945	0.5608	0.3919
946	0.5753	0.4052
947	0.5636	0.3936
948	0.5853	0.4179
949	0.597	0.4356
950	0.5607	0.3913
951	0.5746	0.4041
952	0.5588	0.3884
953	0.5563	0.3875
954	0.558	0.3902
955	0.5736	0.4071
956	0.5624	0.3933
957	0.5592	0.3916
958	0.5637	0.3953
959	0.5616	0.3937
960	0.5571	0.3914
961	0.5813	0.4097
962	0.5764	0.4083
963	0.5923	0.4215
964	0.5604	0.3934
965	0.5666	0.3991
966	0.581	0.4166
967	0.5553	0.3876
968	0.5775	0.4082
969	0.5743	0.4026
970	0.5664	0.3971
971	0.5788	0.4111
972	0.5865	0.4165
973	0.5672	0.398
974	0.5775	0.4112
975	0.5815	0.4194
976	0.5588	0.3927
977	0.5726	0.4041
978	0.5604	0.3931
979	0.5534	0.3891
980	0.5572	0.3897
981	0.5602	0.3902
982	0.5565	0.389
983	0.6068	0.4335
984	0.581	0.4076
985	0.5768	0.4093
986	0.5563	0.3879
987	0.5535	0.3872
988	0.5528	0.3873
989	0.55	0.3859
990	0.5839	0.419
991	0.5608	0.3972
992	0.6262	0.4598
993	0.5855	0.4149
994	0.56	0.3958
995	0.5489	0.3834
996	0.5693	0.4035
997	0.5619	0.3933
998	0.5557	0.3924
999	0.5791	0.4154
1000	0.5781	0.416
1001	0.565	0.4015
1002	0.5496	0.3859
1003	0.5577	0.3925
1004	0.5555	0.3879
1005	0.561	0.3966
1006	0.5616	0.3933
1007	0.5488	0.3853
1008	0.5566	0.391
1009	0.5514	0.386
1010	0.5549	0.3926
1011	0.5488	0.3831
1012	0.5507	0.3831
1013	0.568	0.405
1014	0.5672	0.4022
1015	0.5801	0.4142
1016	0.5705	0.4024
1017	0.5536	0.3906
1018	0.5449	0.3814
1019	0.5457	0.3829
1020	0.5499	0.3893
1021	0.5539	0.3863
1022	0.5919	0.4262
1023	0.5594	0.3947
1024	0.5491	0.3841
1025	0.5523	0.3896
1026	0.5502	0.388
1027	0.543	0.3801
1028	0.5451	0.3824
1029	0.5509	0.3892
1030	0.5487	0.3861
1031	0.5433	0.3791
1032	0.5517	0.3878
1033	0.5614	0.3966
1034	0.5523	0.3901
1035	0.5724	0.4087
1036	0.6156	0.4504
1037	0.5803	0.4142
1038	0.5744	0.4102
1039	0.5746	0.4129
1040	0.6039	0.441
1041	0.5703	0.4068
1042	0.6113	0.4493
1043	0.6008	0.433
1044	0.5585	0.3907
1045	0.5751	0.4114
1046	0.5455	0.3804
1047	0.5531	0.3907
1048	0.5407	0.3797
1049	0.5434	0.3826
1050	0.5365	0.3768
1051	0.5427	0.3793
1052	0.5364	0.3758
1053	0.5334	0.3725
1054	0.5433	0.3854
1055	0.5378	0.3786
1056	0.546	0.3867
1057	0.5791	0.4233
1058	0.5452	0.3864
1059	0.5461	0.3866
1060	0.5331	0.3721
1061	0.5402	0.3799
1062	0.5333	0.3731
1063	0.5305	0.3698
1064	0.5429	0.383
1065	0.5728	0.4139
1066	0.5476	0.3838
1067	0.5368	0.3744
1068	0.5428	0.3801
1069	0.5488	0.3867
1070	0.558	0.3939
1071	0.5421	0.3808
1072	0.5348	0.372
1073	0.5393	0.3815
1074	0.5307	0.3695
1075	0.5311	0.3709
1076	0.5327	0.3717
1077	0.5394	0.3809
1078	0.5634	0.3987
1079	0.556	0.3965
1080	0.5776	0.4116
1081	0.5486	0.3865
1082	0.5534	0.3904
1083	0.5398	0.3796
1084	0.5288	0.3693
1085	0.5351	0.3767
1086	0.5337	0.3759
1087	0.5253	0.3681
1088	0.5325	0.3732
1089	0.5329	0.3735
1090	0.5578	0.3988
1091	0.5615	0.405
1092	0.5367	0.3779
1093	0.5306	0.3734
1094	0.5317	0.3738
1095	0.5379	0.3801
1096	0.5228	0.3633
1097	0.5289	0.3708
1098	0.5287	0.3687
1099	0.5488	0.3884
1100	0.5327	0.3725
1101	0.5303	0.3723
1102	0.537	0.3802
1103	0.5315	0.3733
1104	0.5419	0.3826
1105	0.5251	0.3672
1106	0.5421	0.3818
1107	0.5309	0.3711
1108	0.5359	0.3785
1109	0.5302	0.3736
1110	0.5322	0.3727
1111	0.5267	0.3674
1112	0.5364	0.3748
1113	0.5402	0.3847
1114	0.5388	0.3843
1115	0.539	0.3806
1116	0.5296	0.372
1117	0.5306	0.3721
1118	0.537	0.3756
1119	0.5302	0.3732
1120	0.5323	0.377
1121	0.5361	0.3823
1122	0.5265	0.3719
1123	0.5517	0.3898
1124	0.5278	0.3694
1125	0.5283	0.3709
1126	0.5425	0.3829
1127	0.5257	0.3681
1128	0.5427	0.3874
1129	0.5437	0.3929
1130	0.5279	0.3678
1131	0.5219	0.3663
1132	0.5186	0.3619
1133	0.5236	0.3663
1134	0.5266	0.3699
1135	0.5216	0.3644
1136	0.532	0.3753
1137	0.527	0.3677
1138	0.5429	0.3825
1139	0.516	0.3581
1140	0.5269	0.3712
1141	0.5272	0.3702
1142	0.5237	0.3663
1143	0.5259	0.3691
1144	0.5221	0.3668
1145	0.5349	0.3761
1146	0.5266	0.3698
1147	0.5224	0.3672
1148	0.5335	0.382
1149	0.5185	0.364
1150	0.522	0.3648
1151	0.5609	0.4032
1152	0.5749	0.4162
1153	0.5645	0.4051
1154	0.5569	0.3955
1155	0.5276	0.3692
1156	0.5135	0.3581
1157	0.5533	0.3874
1158	0.5724	0.4189
1159	0.516	0.3605
1160	0.5297	0.377
1161	0.5267	0.3747
1162	0.5136	0.3565
1163	0.5357	0.3785
1164	0.5209	0.3663
1165	0.5276	0.3697
1166	0.5409	0.3878
1167	0.5243	0.3714
1168	0.5215	0.3659
1169	0.5199	0.3657
1170	0.5151	0.3615
1171	0.5147	0.3606
1172	0.5097	0.3555
1173	0.5191	0.3641
1174	0.5246	0.3687
1175	0.5286	0.372
1176	0.5178	0.3603
1177	0.5176	0.3624
1178	0.5212	0.365
1179	0.5095	0.3547
1180	0.5122	0.3564
1181	0.5173	0.3659
1182	0.5552	0.4056
1183	0.5316	0.376
1184	0.5192	0.364
1185	0.5265	0.3726
1186	0.5156	0.3589
1187	0.5102	0.3566
1188	0.5482	0.3949
1189	0.5339	0.3789
1190	0.5604	0.4056
1191	0.5557	0.4056
1192	0.5267	0.3713
1193	0.5128	0.3588
1194	0.5212	0.366
1195	0.5237	0.3693
1196	0.513	0.3566
1197	0.5102	0.3564
1198	0.5044	0.3494
1199	0.5351	0.3845
1200	0.5129	0.3575
1201	0.5289	0.3754
1202	0.5197	0.3675
1203	0.5101	0.3576
1204	0.5161	0.3619
1205	0.5081	0.3536
1206	0.5034	0.3493
1207	0.5156	0.3644
1208	0.5151	0.3652
1209	0.507	0.3547
1210	0.5175	0.366
1211	0.5151	0.3609
1212	0.515	0.3598
1213	0.514	0.3563
1214	0.5266	0.3726
1215	0.5611	0.4021
1216	0.5587	0.4057
1217	0.5559	0.4027
1218	0.5298	0.3777
1219	0.5133	0.3598
1220	0.5068	0.3536
1221	0.5229	0.3675
1222	0.5338	0.3798
1223	0.5059	0.3523
1224	0.501	0.349
1225	0.5115	0.3607
1226	0.5108	0.3585
1227	0.5182	0.3646
1228	0.5222	0.371
1229	0.5205	0.3688
1230	0.5332	0.3746
1231	0.5372	0.382
1232	0.5178	0.3678
1233	0.5046	0.3535
1234	0.5125	0.3604
1235	0.5086	0.3566
1236	0.4991	0.3468
1237	0.5253	0.3737
1238	0.5081	0.3572
1239	0.5201	0.3668
1240	0.5173	0.3645
1241	0.5268	0.3741
1242	0.505	0.3525
1243	0.5068	0.3541
1244	0.5097	0.3566
1245	0.5024	0.3511
1246	0.5101	0.3578
1247	0.516	0.3634
1248	0.5071	0.3536
1249	0.4985	0.3475
1250	0.516	0.3608
1251	0.5097	0.3623
1252	0.5204	0.3675
1253	0.5113	0.3611
1254	0.5434	0.3938
1255	0.5312	0.3804
1256	0.5085	0.3593
1257	0.5436	0.3904
1258	0.4974	0.3463
1259	0.5145	0.3617
1260	0.514	0.362
1261	0.5127	0.3615
1262	0.5108	0.3604
1263	0.5095	0.3592
1264	0.5126	0.3596
1265	0.5036	0.3523
1266	0.5151	0.3616
1267	0.5219	0.3673
1268	0.5027	0.3519
1269	0.4987	0.3463
1270	0.5008	0.3501
1271	0.5017	0.3525
1272	0.5029	0.3523
1273	0.4936	0.3425
1274	0.4988	0.3493
1275	0.4999	0.3507
1276	0.4972	0.3446
1277	0.5133	0.3636
1278	0.5291	0.3803
1279	0.4964	0.346
1280	0.5195	0.3684
1281	0.5171	0.3648
1282	0.5076	0.3568
1283	0.5077	0.3575
1284	0.5011	0.3504
1285	0.4995	0.3515
1286	0.5049	0.3556
1287	0.4967	0.3459
1288	0.4986	0.3494
1289	0.5026	0.3533
1290	0.5293	0.3764
1291	0.5021	0.3547
1292	0.503	0.3528
1293	0.5104	0.3559
1294	0.4973	0.3494
1295	0.4927	0.3415
1296	0.4932	0.346
1297	0.4943	0.342
1298	0.497	0.3453
1299	0.491	0.3416
1300	0.5085	0.3593
1301	0.5197	0.367
1302	0.5012	0.3527
1303	0.5065	0.3552
1304	0.4999	0.3498
1305	0.4953	0.3489
1306	0.4935	0.3427
1307	0.4971	0.3479
1308	0.4946	0.3451
1309	0.5021	0.3504
1310	0.4863	0.3386
1311	0.4914	0.3426
1312	0.4942	0.3451
1313	0.4976	0.3513
1314	0.5038	0.3548
1315	0.4994	0.3517
1316	0.5012	0.3517
1317	0.5097	0.3617
1318	0.5023	0.3534
1319	0.4914	0.3432
1320	0.4868	0.3403
1321	0.5146	0.3662
1322	0.5091	0.3644
1323	0.4899	0.342
1324	0.5078	0.3561
1325	0.5104	0.3624
1326	0.4947	0.3481
1327	0.4894	0.342
1328	0.5015	0.3511
1329	0.4976	0.3489
1330	0.5162	0.3611
1331	0.4877	0.3381
1332	0.491	0.3454
1333	0.4956	0.3457
1334	0.4856	0.3389
1335	0.4847	0.3353
1336	0.4964	0.3488
1337	0.4898	0.3433
1338	0.4903	0.3435
1339	0.4985	0.3519
1340	0.5236	0.374
1341	0.523	0.3702
1342	0.5169	0.367
1343	0.5312	0.3847
1344	0.5189	0.3695
1345	0.4881	0.3408
1346	0.4888	0.342
1347	0.4912	0.342
1348	0.5016	0.3524
1349	0.5048	0.3549
1350	0.4897	0.3398
1351	0.4914	0.3446
1352	0.4952	0.3501
1353	0.497	0.3481
1354	0.4916	0.3444
1355	0.4978	0.3538
1356	0.4921	0.3461
1357	0.4929	0.3443
1358	0.5066	0.3606
1359	0.4961	0.3501
1360	0.4981	0.3484
1361	0.5049	0.3561
1362	0.4874	0.3412
1363	0.4932	0.3443
1364	0.4913	0.3446
1365	0.4867	0.3394
1366	0.4893	0.3435
1367	0.489	0.3392
1368	0.4831	0.3379
1369	0.497	0.3481
1370	0.4982	0.3511
1371	0.4958	0.3471
1372	0.4951	0.3524
1373	0.4843	0.3384
1374	0.4892	0.3429
1375	0.4852	0.3389
1376	0.4901	0.3463
1377	0.4793	0.332
1378	0.4806	0.3342
1379	0.4895	0.3427
1380	0.4871	0.3405
1381	0.4837	0.3395
1382	0.4832	0.3365
1383	0.4865	0.3385
1384	0.4803	0.3339
1385	0.4851	0.3368
1386	0.4841	0.3381
1387	0.5005	0.358
1388	0.5153	0.3727
1389	0.5064	0.3606
1390	0.4928	0.3479
1391	0.5422	0.4091
1392	0.5805	0.4437
1393	0.4953	0.3485
1394	0.504	0.357
1395	0.4846	0.3389
1396	0.4981	0.3517
1397	0.5062	0.3586
1398	0.4781	0.3321
1399	0.4813	0.3351
1400	0.4996	0.3553
1401	0.4896	0.3448
1402	0.4839	0.338
1403	0.4825	0.3357
1404	0.4919	0.3485
1405	0.4794	0.3328
1406	0.4823	0.3344
1407	0.4844	0.3396
1408	0.4823	0.3382
1409	0.4894	0.3455
1410	0.5044	0.3578
1411	0.4956	0.3475
1412	0.4864	0.3421
1413	0.4829	0.336
1414	0.4852	0.3413
1415	0.4878	0.3422
1416	0.4738	0.3267
1417	0.4852	0.3382
1418	0.4829	0.3374
1419	0.4927	0.3447
1420	0.4992	0.3525
1421	0.4823	0.3403
1422	0.4772	0.3311
1423	0.4928	0.3446
1424	0.4933	0.3458
1425	0.4833	0.3386
1426	0.4817	0.3344
1427	0.4871	0.3422
1428	0.4778	0.3311
1429	0.4861	0.3403
1430	0.4794	0.3349
1431	0.4952	0.3498
1432	0.4819	0.3394
1433	0.4765	0.3326
1434	0.5015	0.3619
1435	0.493	0.3468
1436	0.4757	0.331
1437	0.4782	0.3336
1438	0.4787	0.3376
1439	0.4804	0.3361
1440	0.473	0.3279
1441	0.482	0.3371
1442	0.48	0.3347
1443	0.4934	0.3481
1444	0.4819	0.3366
1445	0.476	0.3294
1446	0.4773	0.3322
1447	0.4775	0.3333
1448	0.4887	0.3469
1449	0.4837	0.3412
1450	0.4902	0.3488
1451	0.4742	0.3318
1452	0.4866	0.346
1453	0.5189	0.3791
1454	0.4794	0.3357
1455	0.4793	0.3337
1456	0.4746	0.3316
1457	0.4802	0.3326
1458	0.4782	0.3358
1459	0.4833	0.3411
1460	0.4762	0.3321
1461	0.4722	0.326
1462	0.4748	0.3312
1463	0.4704	0.3278
1464	0.4724	0.3282
1465	0.4707	0.3264
1466	0.4864	0.3412
1467	0.4803	0.3352
1468	0.4709	0.3287
1469	0.4709	0.3289
1470	0.4652	0.3219
1471	0.4852	0.3421
1472	0.5058	0.3571
1473	0.5037	0.3532
1474	0.5078	0.3645
1475	0.4777	0.3319
1476	0.4973	0.3501
1477	0.4933	0.3504
1478	0.4656	0.3229
1479	0.477	0.3386
1480	0.4694	0.3248
1481	0.4709	0.3285
1482	0.4734	0.3312
1483	0.5064	0.3625
1484	0.5088	0.364
1485	0.5017	0.3563
1486	0.475	0.3312
1487	0.4621	0.3186
1488	0.4686	0.3262
1489	0.4804	0.3386
1490	0.4699	0.3247
1491	0.4749	0.331
1492	0.4665	0.3231
1493	0.4722	0.3262
1494	0.4735	0.3317
1495	0.475	0.3324
1496	0.4856	0.3429
1497	0.4818	0.3394
1498	0.4721	0.33
1499	0.4657	0.3246
1500	0.4566	0.3143
1501	0.4558	0.3129
1502	0.4554	0.3131
1503	0.4527	0.3092
1504	0.455	0.3106
1505	0.4514	0.3078
1506	0.449	0.3051
1507	0.4492	0.3053
1508	0.4492	0.3061
1509	0.4492	0.306
1510	0.4495	0.3057
1511	0.4473	0.304
1512	0.4485	0.3056
1513	0.4479	0.3052
1514	0.4478	0.3039
1515	0.4504	0.3071
1516	0.4504	0.3078
1517	0.4477	0.3042
1518	0.4474	0.3039
1519	0.4489	0.3052
1520	0.4468	0.3037
1521	0.4476	0.3053
1522	0.4478	0.3059
1523	0.4468	0.3047
1524	0.4478	0.3057
1525	0.4469	0.3037
1526	0.4453	0.302
1527	0.4501	0.3081
1528	0.4464	0.3039
1529	0.4453	0.3021
1530	0.4462	0.3024
1531	0.4511	0.3093
1532	0.4476	0.3049
1533	0.446	0.3029
1534	0.446	0.3035
1535	0.446	0.3033
1536	0.4467	0.304
1537	0.4486	0.3059
1538	0.4465	0.3038
1539	0.4487	0.3055
1540	0.4464	0.3023
1541	0.4458	0.303
1542	0.4469	0.3039
1543	0.4473	0.3048
1544	0.4466	0.3033
1545	0.4465	0.3035
1546	0.4448	0.3018
1547	0.4467	0.3035
1548	0.4457	0.302
1549	0.4456	0.3027
1550	0.4467	0.3042
1551	0.4457	0.3025
1552	0.4453	0.3025
1553	0.4463	0.3031
1554	0.4446	0.301
1555	0.4452	0.3026
1556	0.4448	0.3017
1557	0.4454	0.3035
1558	0.4462	0.3037
1559	0.445	0.3026
1560	0.4484	0.3057
1561	0.4484	0.3057
1562	0.4447	0.3015
1563	0.4429	0.3005
1564	0.4435	0.3014
1565	0.444	0.3012
1566	0.4447	0.3019
1567	0.4458	0.3029
1568	0.4441	0.3011
1569	0.4451	0.3019
1570	0.4477	0.3047
1571	0.4461	0.305
1572	0.4522	0.3117
1573	0.4473	0.3059
1574	0.4443	0.3022
1575	0.4447	0.3024
1576	0.4438	0.3004
1577	0.4443	0.3012
1578	0.4431	0.3
1579	0.4435	0.3003
1580	0.4448	0.3019
1581	0.4438	0.3007
1582	0.4433	0.3007
1583	0.4439	0.3019
1584	0.4437	0.3022
1585	0.4444	0.3016
1586	0.4436	0.3013
1587	0.444	0.3018
1588	0.4467	0.3043
1589	0.4454	0.3021
1590	0.443	0.2998
1591	0.4438	0.3009
1592	0.4432	0.3008
1593	0.4439	0.3009
1594	0.4434	0.3
1595	0.4423	0.2992
1596	0.4439	0.3011
1597	0.4464	0.3025
1598	0.4435	0.2999
1599	0.4426	0.2996
1600	0.4452	0.3023
1601	0.4428	0.3001
1602	0.4483	0.3068
1603	0.4429	0.3006
1604	0.4493	0.3073
1605	0.4433	0.3002
1606	0.4463	0.3047
1607	0.4448	0.3022
1608	0.4426	0.2999
1609	0.4424	0.2997
1610	0.4424	0.3003
1611	0.4415	0.2992
1612	0.4443	0.3017
1613	0.4443	0.3028
1614	0.4418	0.2992
1615	0.4434	0.3009
1616	0.442	0.2999
1617	0.4418	0.2997
1618	0.4421	0.2995
1619	0.4414	0.2983
1620	0.4418	0.2989
1621	0.4444	0.3019
1622	0.4489	0.3067
1623	0.4457	0.3033
1624	0.4451	0.302
1625	0.442	0.2996
1626	0.4419	0.2996
1627	0.4417	0.2993
1628	0.4409	0.2983
1629	0.4416	0.2991
1630	0.4412	0.2985
1631	0.4415	0.2984
1632	0.4423	0.2999
1633	0.4422	0.3003
1634	0.441	0.2987
1635	0.4421	0.2992
1636	0.4416	0.2991
1637	0.4404	0.2972
1638	0.4411	0.2985
1639	0.4415	0.2993
1640	0.4412	0.2983
1641	0.443	0.3009
1642	0.4419	0.3001
1643	0.4404	0.2978
1644	0.4419	0.2991
1645	0.4402	0.2977
1646	0.4403	0.2976
1647	0.4411	0.2981
1648	0.4402	0.2983
1649	0.4418	0.2998
1650	0.4413	0.2985
1651	0.4437	0.3007
1652	0.4424	0.2994
1653	0.4414	0.2989
1654	0.4413	0.3004
1655	0.4441	0.3028
1656	0.4425	0.3006
1657	0.441	0.2987
1658	0.4407	0.2981
1659	0.4419	0.2993
1660	0.4421	0.2994
1661	0.4422	0.3001
1662	0.4412	0.2985
1663	0.4395	0.2966
1664	0.4397	0.297
1665	0.4393	0.2969
1666	0.4418	0.2995
1667	0.4397	0.2973
1668	0.4402	0.2981
1669	0.4398	0.297
1670	0.4429	0.3
1671	0.4426	0.3008
1672	0.4411	0.2998
1673	0.4421	0.301
1674	0.4424	0.3015
1675	0.4395	0.2975
1676	0.4411	0.2989
1677	0.4412	0.2991
1678	0.4413	0.2993
1679	0.4404	0.2985
1680	0.4407	0.2985
1681	0.4402	0.2985
1682	0.4401	0.2983
1683	0.4422	0.2998
1684	0.4405	0.2981
1685	0.4409	0.2987
1686	0.44	0.2982
1687	0.4391	0.2968
1688	0.4384	0.2961
1689	0.4404	0.2983
1690	0.4417	0.3003
1691	0.44	0.2977
1692	0.4398	0.2973
1693	0.4401	0.2978
1694	0.4398	0.2976
1695	0.44	0.2969
1696	0.4399	0.2971
1697	0.4387	0.2967
1698	0.4384	0.2962
1699	0.4396	0.2967
1700	0.4386	0.2958
1701	0.4403	0.2977
1702	0.4402	0.2972
1703	0.4406	0.2977
1704	0.4427	0.3009
1705	0.4424	0.3006
1706	0.4411	0.2988
1707	0.4405	0.2989
1708	0.4399	0.2984
1709	0.4389	0.2969
1710	0.44	0.2984
1711	0.4417	0.3
1712	0.4385	0.2967
1713	0.4391	0.2978
1714	0.439	0.2979
1715	0.4386	0.2969
1716	0.4388	0.2977
1717	0.4409	0.299
1718	0.441	0.2994
1719	0.4394	0.298
1720	0.4394	0.2982
1721	0.4418	0.2998
1722	0.4408	0.2978
1723	0.4378	0.2956
1724	0.4383	0.296
1725	0.4388	0.297
1726	0.441	0.2995
1727	0.4389	0.2973
1728	0.4415	0.3008
1729	0.4381	0.296
1730	0.4391	0.2977
1731	0.4381	0.2957
1732	0.4389	0.2972
1733	0.44	0.2993
1734	0.4402	0.2984
1735	0.4409	0.2992
1736	0.4385	0.2964
1737	0.4391	0.2979
1738	0.4398	0.298
1739	0.4398	0.2984
1740	0.4378	0.2962
1741	0.4399	0.2983
1742	0.4382	0.297
1743	0.438	0.2963
1744	0.4381	0.2963
1745	0.4372	0.2946
1746	0.4373	0.2949
1747	0.4379	0.2956
1748	0.439	0.2972
1749	0.4423	0.3015
1750	0.4391	0.2972
1751	0.4376	0.2965
1752	0.438	0.2962
1753	0.437	0.2953
1754	0.4373	0.2947
1755	0.4379	0.2954
1756	0.4391	0.2972
1757	0.4368	0.2947
1758	0.4371	0.2946
1759	0.4391	0.2973
1760	0.4431	0.3016
1761	0.4403	0.2982
1762	0.445	0.3037
1763	0.4395	0.2986
1764	0.4371	0.296
1765	0.4361	0.2948
1766	0.4393	0.2979
1767	0.4367	0.2951
1768	0.4421	0.3018
1769	0.4403	0.2988
1770	0.4386	0.2974
1771	0.4382	0.2966
1772	0.4367	0.2952
1773	0.438	0.2976
1774	0.4363	0.295
1775	0.4366	0.2957
1776	0.4375	0.296
1777	0.4386	0.2975
1778	0.4354	0.2936
1779	0.4365	0.2944
1780	0.4361	0.2943
1781	0.4363	0.2942
1782	0.4388	0.2967
1783	0.4367	0.2951
1784	0.4409	0.3001
1785	0.4388	0.2963
1786	0.4382	0.2962
1787	0.437	0.2961
1788	0.4372	0.2961
1789	0.4368	0.2954
1790	0.4383	0.2964
1791	0.4373	0.2959
1792	0.4374	0.295
1793	0.4363	0.2944
1794	0.4357	0.2939
1795	0.4381	0.296
1796	0.4359	0.2941
1797	0.4367	0.2949
1798	0.4365	0.2951
1799	0.44	0.2989
1800	0.4371	0.295
1801	0.4382	0.2973
1802	0.437	0.2963
1803	0.4364	0.2947
1804	0.4374	0.2964
1805	0.4358	0.294
1806	0.4375	0.2959
1807	0.4363	0.2949
1808	0.4405	0.2992
1809	0.4385	0.2965
1810	0.4362	0.2944
1811	0.4364	0.295
1812	0.4383	0.2967
1813	0.4364	0.2946
1814	0.4381	0.2965
1815	0.4366	0.2944
1816	0.4374	0.2958
1817	0.4352	0.293
1818	0.4357	0.2933
1819	0.4377	0.2963
1820	0.4351	0.2933
1821	0.4365	0.2942
1822	0.4358	0.2938
1823	0.4364	0.295
1824	0.4388	0.2975
1825	0.4399	0.2983
1826	0.4364	0.2945
1827	0.436	0.2948
1828	0.4371	0.2963
1829	0.4362	0.2949
1830	0.4357	0.2941
1831	0.4371	0.2958
1832	0.4378	0.297
1833	0.4374	0.2958
1834	0.4354	0.2934
1835	0.4362	0.2953
1836	0.4356	0.2947
1837	0.4366	0.2957
1838	0.4356	0.2938
1839	0.4357	0.2941
1840	0.4371	0.2941
1841	0.4368	0.2944
1842	0.4347	0.2929
1843	0.4363	0.2957
1844	0.4385	0.2967
1845	0.4357	0.2938
1846	0.435	0.2938
1847	0.4342	0.2926
1848	0.4353	0.2946
1849	0.437	0.2959
1850	0.4349	0.2937
1851	0.4358	0.295
1852	0.4376	0.2974
1853	0.4344	0.2929
1854	0.4344	0.2926
1855	0.4352	0.2935
1856	0.4355	0.2951
1857	0.4353	0.2944
1858	0.4362	0.2953
1859	0.4365	0.2952
1860	0.434	0.293
1861	0.4348	0.2933
1862	0.4374	0.2969
1863	0.4354	0.2939
1864	0.4353	0.2943
1865	0.4352	0.2939
1866	0.4355	0.2947
1867	0.4374	0.2962
1868	0.4391	0.2979
1869	0.4365	0.296
1870	0.4389	0.2983
1871	0.4356	0.2933
1872	0.4352	0.2938
1873	0.4372	0.2974
1874	0.4341	0.2932
1875	0.4344	0.2933
1876	0.4347	0.2935
1877	0.4347	0.2936
1878	0.4341	0.2928
1879	0.4341	0.2933
1880	0.4395	0.2992
1881	0.4408	0.3005
1882	0.4355	0.2948
1883	0.4344	0.2937
1884	0.4345	0.2937
1885	0.4361	0.2949
1886	0.4343	0.2932
1887	0.4355	0.2953
1888	0.4357	0.2948
1889	0.4342	0.2939
1890	0.4341	0.2935
1891	0.4342	0.2929
1892	0.4344	0.2929
1893	0.4336	0.2923
1894	0.4336	0.2916
1895	0.4338	0.2931
1896	0.434	0.2935
1897	0.4379	0.2979
1898	0.4345	0.2933
1899	0.434	0.2923
1900	0.4335	0.2922
1901	0.4375	0.2972
1902	0.4378	0.2978
1903	0.437	0.2962
1904	0.4342	0.2939
1905	0.4349	0.2937
1906	0.4333	0.2913
1907	0.4334	0.2919
1908	0.4349	0.2938
1909	0.4337	0.2926
1910	0.4359	0.2955
1911	0.4354	0.2929
1912	0.4347	0.2932
1913	0.4336	0.2915
1914	0.4333	0.2922
1915	0.4343	0.2935
1916	0.4346	0.2937
1917	0.4328	0.2911
1918	0.4335	0.2927
1919	0.4342	0.2927
1920	0.4334	0.2915
1921	0.4332	0.2914
1922	0.4326	0.291
1923	0.4332	0.2924
1924	0.4332	0.2921
1925	0.4325	0.2907
1926	0.4332	0.2913
1927	0.4327	0.2916
1928	0.435	0.2943
1929	0.434	0.2925
1930	0.4329	0.2917
1931	0.4329	0.2913
1932	0.4328	0.2915
1933	0.4326	0.2913
1934	0.4336	0.2922
1935	0.4345	0.2935
1936	0.4326	0.2915
1937	0.433	0.2913
1938	0.4323	0.2909
1939	0.4333	0.2925
1940	0.4324	0.2919
1941	0.4335	0.2924
1942	0.4321	0.291
1943	0.4338	0.2917
1944	0.4325	0.2919
1945	0.4346	0.2949
1946	0.4371	0.2967
1947	0.4324	0.2915
1948	0.4325	0.2917
1949	0.4324	0.2917
1950	0.4327	0.2919
1951	0.4324	0.2908
1952	0.4333	0.2926
1953	0.4362	0.2949
1954	0.4346	0.2938
1955	0.4335	0.2929
1956	0.4325	0.2908
1957	0.4326	0.2919
1958	0.4324	0.2918
1959	0.4328	0.2917
1960	0.4334	0.2916
1961	0.4366	0.2965
1962	0.431	0.2894
1963	0.4326	0.2911
1964	0.4323	0.2913
1965	0.4318	0.2906
1966	0.4346	0.2946
1967	0.4343	0.2933
1968	0.4326	0.2911
1969	0.4375	0.2974
1970	0.4359	0.2959
1971	0.4361	0.296
1972	0.4324	0.2919
1973	0.4321	0.2912
1974	0.431	0.2906
1975	0.4324	0.2923
1976	0.4328	0.2931
1977	0.4338	0.2926
1978	0.4313	0.2896
1979	0.4314	0.2905
1980	0.4325	0.2914
1981	0.4318	0.2909
1982	0.4351	0.2943
1983	0.4318	0.2899
1984	0.4324	0.2915
1985	0.4325	0.2919
1986	0.4321	0.2905
1987	0.4314	0.2903
1988	0.4332	0.2928
1989	0.4306	0.2893
1990	0.4309	0.2898
1991	0.4337	0.2936
1992	0.4328	0.2932
1993	0.4328	0.2922
1994	0.431	0.29
1995	0.4351	0.295
1996	0.432	0.2915
1997	0.4316	0.2903
1998	0.4327	0.2915
1999	0.4334	0.293
