epoch:	train_RMSD:	train_MAE:
0	7.0257	6.1157
1	6.44	5.4419
2	4.6517	3.3953
3	4.1168	2.9531
4	3.9019	2.848
5	3.749	2.8109
6	3.6326	2.8046
7	3.5493	2.815
8	3.5008	2.8338
9	3.4804	2.853
10	3.4741	2.8686
11	3.4732	2.8786
12	3.4733	2.8829
13	3.4734	2.8841
14	3.4734	2.8833
15	3.4734	2.8833
16	3.4733	2.8821
17	3.4731	2.8793
18	3.4731	2.8793
19	3.4732	2.8818
20	3.4732	2.8817
21	3.4731	2.8802
22	3.473	2.8805
23	3.4727	2.8797
24	3.4725	2.8806
25	3.4722	2.8796
26	3.4718	2.8799
27	3.4713	2.8778
28	3.4708	2.8774
29	3.47	2.8779
30	3.4685	2.8747
31	3.4661	2.8724
32	3.4619	2.867
33	3.4558	2.8606
34	3.4468	2.8528
35	3.4349	2.8411
36	3.4167	2.8214
37	3.3896	2.7898
38	3.3385	2.7226
39	3.2562	2.6158
40	3.1002	2.3998
41	2.9086	2.1329
42	2.7346	1.9085
43	2.6133	1.758
44	2.5571	1.7013
45	2.5163	1.6607
46	2.4976	1.641
47	2.4716	1.6219
48	2.4436	1.6034
49	2.3948	1.5675
50	2.3829	1.561
51	2.3684	1.5448
52	2.3619	1.5443
53	2.3463	1.5277
54	2.3245	1.5104
55	2.3073	1.4882
56	2.3048	1.4988
57	2.2867	1.4729
58	2.2713	1.4606
59	2.2577	1.4519
60	2.2522	1.4525
61	2.235	1.4242
62	2.2208	1.4088
63	2.201	1.3986
64	2.1903	1.3878
65	2.16	1.3795
66	2.1233	1.3539
67	2.0741	1.329
68	2.0832	1.3634
69	2.0415	1.2948
70	2.0024	1.2687
71	1.9996	1.2598
72	1.9583	1.248
73	1.9429	1.2427
74	1.9313	1.2357
75	1.9149	1.2193
76	1.8905	1.1989
77	1.8605	1.1607
78	1.8541	1.1514
79	1.8304	1.1439
80	1.8672	1.1767
81	1.807	1.1236
82	1.8677	1.2328
83	1.7912	1.1319
84	1.7584	1.0929
85	1.7388	1.0716
86	1.7233	1.0699
87	1.7122	1.062
88	1.7158	1.0798
89	1.7998	1.1851
90	1.7003	1.0758
91	1.7337	1.1108
92	1.7512	1.1465
93	1.6618	1.0294
94	1.6705	1.0359
95	1.6443	1.0127
96	1.6331	1.0078
97	1.6501	1.0367
98	1.7046	1.109
99	1.6229	1.0107
100	1.6063	0.9914
101	1.6414	1.0176
102	1.6159	1.0015
103	1.5887	0.9809
104	1.5896	0.9768
105	1.5806	0.9722
106	1.5684	0.971
107	1.5594	0.9586
108	1.5558	0.9576
109	1.5596	0.9579
110	1.5683	0.9677
111	1.5404	0.9442
112	1.5332	0.933
113	1.5364	0.9356
114	1.5245	0.9271
115	1.5393	0.9395
116	1.5196	0.9328
117	1.5462	0.9561
118	1.5089	0.9168
119	1.4974	0.9177
120	1.5039	0.9187
121	1.4967	0.9233
122	1.4934	0.9101
123	1.4964	0.9132
124	1.4712	0.8924
125	1.4685	0.8895
126	1.509	0.9524
127	1.5099	0.9513
128	1.506	0.9416
129	1.4779	0.9167
130	1.4533	0.8933
131	1.4508	0.885
132	1.4432	0.8837
133	1.4411	0.8799
134	1.4476	0.8892
135	1.4685	0.9124
136	1.4328	0.8737
137	1.4234	0.8709
138	1.4449	0.8917
139	1.4102	0.858
140	1.4335	0.8808
141	1.4221	0.8734
142	1.4044	0.8578
143	1.3923	0.846
144	1.3878	0.8406
145	1.3851	0.8422
146	1.3775	0.8311
147	1.373	0.8303
148	1.3755	0.8343
149	1.3654	0.8277
150	1.3608	0.8203
151	1.3886	0.8497
152	1.3851	0.8469
153	1.3987	0.8615
154	1.3765	0.8387
155	1.3707	0.8362
156	1.3513	0.8219
157	1.3519	0.8213
158	1.3723	0.8448
159	1.3534	0.8282
160	1.3275	0.8051
161	1.3231	0.7998
162	1.3191	0.797
163	1.3319	0.8066
164	1.3234	0.8021
165	1.31	0.7891
166	1.3027	0.7829
167	1.2981	0.7809
168	1.2938	0.7817
169	1.2898	0.7796
170	1.287	0.7741
171	1.325	0.8118
172	1.2873	0.781
173	1.2765	0.769
174	1.3316	0.8295
175	1.2856	0.7853
176	1.2757	0.7704
177	1.281	0.782
178	1.2659	0.7674
179	1.2592	0.7594
180	1.2625	0.7657
181	1.2518	0.7566
182	1.2472	0.7516
183	1.2454	0.7505
184	1.243	0.7532
185	1.2574	0.7649
186	1.2565	0.7652
187	1.235	0.745
188	1.2381	0.7564
189	1.2311	0.7461
190	1.2215	0.74
191	1.2536	0.7718
192	1.2675	0.7947
193	1.2892	0.8194
194	1.2739	0.815
195	1.2499	0.7753
196	1.2384	0.7642
197	1.2374	0.765
198	1.2082	0.7326
199	1.2554	0.7864
200	1.2292	0.7619
201	1.1987	0.729
202	1.2004	0.7282
203	1.203	0.7364
204	1.1888	0.7239
205	1.1986	0.7389
206	1.241	0.7854
207	1.2305	0.7783
208	1.1838	0.7213
209	1.1786	0.7155
210	1.2034	0.7416
211	1.2249	0.766
212	1.1729	0.7141
213	1.1708	0.713
214	1.1773	0.7262
215	1.1837	0.7371
216	1.1585	0.7074
217	1.1546	0.7
218	1.1539	0.7087
219	1.1519	0.7045
220	1.1598	0.7171
221	1.1503	0.7091
222	1.1437	0.7021
223	1.1389	0.6976
224	1.1484	0.7081
225	1.1531	0.7237
226	1.1311	0.6915
227	1.1626	0.7291
228	1.1305	0.6967
229	1.1319	0.6938
230	1.1551	0.7287
231	1.1243	0.6968
232	1.1291	0.6938
233	1.1191	0.6921
234	1.1125	0.6797
235	1.1128	0.6849
236	1.1118	0.6855
237	1.1118	0.6866
238	1.1127	0.6896
239	1.1154	0.6968
240	1.1173	0.6959
241	1.117	0.699
242	1.1174	0.703
243	1.0957	0.6734
244	1.0904	0.6707
245	1.0908	0.6755
246	1.0938	0.6787
247	1.0877	0.6716
248	1.085	0.6706
249	1.0893	0.6779
250	1.0821	0.671
251	1.1114	0.7013
252	1.0954	0.6913
253	1.0807	0.6728
254	1.109	0.6934
255	1.0709	0.6629
256	1.0738	0.6721
257	1.0835	0.682
258	1.0923	0.686
259	1.068	0.6683
260	1.0904	0.6945
261	1.0831	0.6875
262	1.1228	0.7314
263	1.1004	0.7069
264	1.0687	0.677
265	1.0664	0.6729
266	1.0559	0.6639
267	1.0667	0.6712
268	1.0811	0.688
269	1.0599	0.6654
270	1.051	0.6571
271	1.0401	0.6507
272	1.0416	0.6531
273	1.0569	0.6749
274	1.0419	0.6539
275	1.0466	0.6603
276	1.0351	0.6469
277	1.0495	0.6664
278	1.0259	0.643
279	1.0305	0.646
280	1.0215	0.6415
281	1.0247	0.6475
282	1.0229	0.6416
283	1.0244	0.6482
284	1.0152	0.6398
285	1.0141	0.6366
286	1.0246	0.6566
287	1.0207	0.6485
288	1.0193	0.6487
289	1.0081	0.6361
290	1.0036	0.6315
291	1.0129	0.6421
292	1.0026	0.6364
293	1.017	0.6525
294	1.0148	0.6519
295	0.9962	0.6323
296	0.9916	0.6287
297	0.9907	0.626
298	0.9899	0.6236
299	0.9929	0.6308
300	0.9986	0.6399
301	0.9922	0.6349
302	1.0089	0.6557
303	0.9972	0.6351
304	0.9924	0.6374
305	0.9778	0.6184
306	0.9809	0.6211
307	1.0046	0.6487
308	1.0138	0.666
309	0.9962	0.643
310	0.9778	0.6256
311	0.9709	0.619
312	0.9672	0.614
313	0.9735	0.6207
314	0.9768	0.6265
315	0.9632	0.6128
316	0.9816	0.6339
317	0.9609	0.6133
318	0.9605	0.6089
319	0.9674	0.6234
320	0.9673	0.6172
321	0.9644	0.6172
322	0.9622	0.6136
323	0.9618	0.6131
324	0.9538	0.6123
325	0.9631	0.6244
326	0.9684	0.6264
327	0.9632	0.6194
328	0.968	0.6248
329	0.9511	0.61
330	0.9634	0.6229
331	0.9412	0.6004
332	0.9427	0.604
333	0.9461	0.6092
334	0.9348	0.5991
335	0.9412	0.6059
336	0.9431	0.6066
337	0.9344	0.5983
338	0.9302	0.5956
339	0.9436	0.6049
340	0.946	0.6089
341	0.9407	0.6082
342	0.9278	0.5959
343	0.9378	0.6085
344	0.9324	0.6044
345	0.9232	0.5921
346	0.9595	0.6318
347	1.028	0.7075
348	0.9516	0.6253
349	0.9256	0.5969
350	0.9209	0.5951
351	0.9143	0.5898
352	0.9089	0.581
353	0.9082	0.5817
354	0.9112	0.5862
355	0.92	0.5965
356	0.9256	0.6005
357	0.9145	0.5951
358	0.9085	0.5857
359	0.914	0.5914
360	0.9112	0.5896
361	0.9074	0.5867
362	0.919	0.6021
363	0.9743	0.6614
364	0.954	0.6376
365	0.9314	0.6104
366	0.9301	0.6118
367	0.903	0.5865
368	0.9027	0.5883
369	0.9236	0.6059
370	0.9034	0.5912
371	0.8929	0.5759
372	0.8901	0.575
373	0.9033	0.5861
374	0.8963	0.5777
375	0.8958	0.5816
376	0.9038	0.5934
377	0.8934	0.5802
378	0.8851	0.5737
379	0.8846	0.5742
380	0.9055	0.5907
381	0.9049	0.5884
382	0.8827	0.5714
383	0.8819	0.5725
384	0.8835	0.5741
385	0.8881	0.5836
386	0.9261	0.6202
387	0.9161	0.6142
388	0.902	0.5971
389	0.8781	0.5693
390	0.8734	0.566
391	0.8871	0.5855
392	0.8668	0.5615
393	0.8781	0.5763
394	0.8875	0.5831
395	0.9004	0.5933
396	0.8792	0.5777
397	0.8649	0.565
398	0.8625	0.5618
399	0.8685	0.566
400	0.8577	0.5583
401	0.867	0.5695
402	0.8961	0.5944
403	0.8887	0.5977
404	0.8696	0.5754
405	0.868	0.5741
406	0.8807	0.5903
407	0.874	0.589
408	0.8772	0.5831
409	0.8616	0.5678
410	0.8539	0.5568
411	0.8564	0.5636
412	0.8533	0.5561
413	0.8562	0.5629
414	0.8623	0.5718
415	0.8658	0.5751
416	0.8521	0.5633
417	0.8566	0.5708
418	0.8491	0.5579
419	0.8571	0.5659
420	0.8718	0.5782
421	0.8728	0.5811
422	0.8513	0.5638
423	0.8714	0.5827
424	0.8426	0.5564
425	0.8374	0.5495
426	0.8428	0.5579
427	0.8491	0.5678
428	0.8372	0.5562
429	0.8361	0.5535
430	0.8262	0.5418
431	0.8312	0.5486
432	0.8285	0.5442
433	0.83	0.5448
434	0.8279	0.5475
435	0.8313	0.5516
436	0.83	0.5496
437	0.8449	0.5643
438	0.8205	0.5422
439	0.8295	0.5553
440	0.831	0.5538
441	0.8684	0.5911
442	0.8202	0.5446
443	0.8243	0.55
444	0.8153	0.5404
445	0.8224	0.5467
446	0.8427	0.568
447	0.8314	0.558
448	0.8199	0.5486
449	0.811	0.5401
450	0.8079	0.5366
451	0.8363	0.5733
452	0.8821	0.6189
453	0.8119	0.5409
454	0.808	0.5445
455	0.8581	0.5895
456	0.839	0.5712
457	0.8127	0.5474
458	0.8302	0.5697
459	0.8144	0.5462
460	0.8182	0.5544
461	0.7981	0.532
462	0.8212	0.5506
463	0.8204	0.551
464	0.7959	0.5305
465	0.8016	0.5376
466	0.8003	0.5362
467	0.8004	0.5402
468	0.8106	0.5524
469	0.8161	0.5484
470	0.81	0.5552
471	0.823	0.5697
472	0.8078	0.5518
473	0.8118	0.5546
474	0.8007	0.5431
475	0.797	0.5392
476	0.818	0.5531
477	0.7841	0.5264
478	0.7797	0.5221
479	0.7827	0.5258
480	0.7922	0.5351
481	0.8033	0.5491
482	0.7811	0.5263
483	0.7832	0.5277
484	0.8004	0.5505
485	0.7919	0.543
486	0.7947	0.5449
487	0.7896	0.5334
488	0.7726	0.5222
489	0.7776	0.5285
490	0.7747	0.5247
491	0.7861	0.5375
492	0.7749	0.5266
493	0.7739	0.5253
494	0.7797	0.5319
495	0.7707	0.5255
496	0.7904	0.5403
497	0.7754	0.5318
498	0.7918	0.5439
499	0.7674	0.5221
500	0.7915	0.5492
501	0.7776	0.5327
502	0.8078	0.5648
503	0.7672	0.5204
504	0.7848	0.54
505	0.7644	0.5199
506	0.773	0.527
507	0.8144	0.5763
508	0.7959	0.5591
509	0.8312	0.5909
510	0.7735	0.5325
511	0.7636	0.5182
512	0.7615	0.5194
513	0.7616	0.517
514	0.7611	0.5193
515	0.7774	0.537
516	0.7577	0.5193
517	0.7547	0.5116
518	0.7756	0.5311
519	0.7714	0.5307
520	0.7557	0.5139
521	0.7505	0.5132
522	0.8036	0.5673
523	0.7529	0.5115
524	0.7483	0.5104
525	0.759	0.5248
526	0.7618	0.5231
527	0.8215	0.5793
528	0.7775	0.5411
529	0.7586	0.5222
530	0.7506	0.5148
531	0.7755	0.5385
532	0.7558	0.5237
533	0.7702	0.5372
534	0.7441	0.509
535	0.7649	0.5266
536	0.749	0.5124
537	0.745	0.5118
538	0.7614	0.524
539	0.7373	0.5023
540	0.7359	0.505
541	0.749	0.5147
542	0.7479	0.5152
543	0.7483	0.5187
544	0.7425	0.5108
545	0.7516	0.5255
546	0.7342	0.5012
547	0.7373	0.5069
548	0.7305	0.5019
549	0.7313	0.5004
550	0.7368	0.5041
551	0.7301	0.5001
552	0.7289	0.4991
553	0.7253	0.4996
554	0.7537	0.5223
555	0.7466	0.519
556	0.7268	0.4998
557	0.7402	0.5117
558	0.7936	0.5691
559	0.7695	0.5465
560	0.7581	0.5333
561	0.724	0.4998
562	0.7262	0.5015
563	0.7286	0.5009
564	0.7346	0.5086
565	0.7193	0.4926
566	0.7296	0.5024
567	0.7226	0.5015
568	0.7233	0.5043
569	0.7199	0.4984
570	0.7402	0.5195
571	0.7323	0.5115
572	0.7189	0.4942
573	0.7343	0.5131
574	0.7207	0.4967
575	0.7194	0.4972
576	0.7227	0.4993
577	0.7137	0.4912
578	0.7414	0.5101
579	0.728	0.5069
580	0.715	0.4946
581	0.7157	0.4929
582	0.7098	0.4932
583	0.7423	0.5184
584	0.7126	0.4892
585	0.7091	0.4912
586	0.7148	0.4923
587	0.7167	0.4958
588	0.7083	0.4896
589	0.7171	0.5002
590	0.731	0.5067
591	0.7062	0.487
592	0.7052	0.4876
593	0.7076	0.4862
594	0.7085	0.4897
595	0.701	0.4832
596	0.7013	0.4816
597	0.7541	0.5339
598	0.7556	0.5479
599	0.7065	0.4906
600	0.7109	0.4952
601	0.6984	0.4847
602	0.6987	0.4813
603	0.6978	0.4811
604	0.7282	0.5102
605	0.7596	0.5511
606	0.6985	0.4856
607	0.7089	0.4911
608	0.7097	0.4929
609	0.7044	0.4881
610	0.6948	0.481
611	0.6941	0.4803
612	0.692	0.4754
613	0.6961	0.4814
614	0.6926	0.4789
615	0.7129	0.501
616	0.7263	0.5119
617	0.7563	0.5454
618	0.7703	0.5578
619	0.7076	0.4965
620	0.6983	0.4894
621	0.6938	0.482
622	0.7231	0.513
623	0.6948	0.4815
624	0.6982	0.4854
625	0.7059	0.4924
626	0.6867	0.4748
627	0.7217	0.5145
628	0.6909	0.4782
629	0.6887	0.4791
630	0.6952	0.4877
631	0.6964	0.4861
632	0.6838	0.4711
633	0.6915	0.4836
634	0.7077	0.5007
635	0.6967	0.4888
636	0.6934	0.485
637	0.691	0.4824
638	0.6927	0.4795
639	0.7033	0.4887
640	0.7187	0.5039
641	0.7381	0.5262
642	0.706	0.4987
643	0.6851	0.4806
644	0.6855	0.475
645	0.6774	0.4696
646	0.6811	0.4747
647	0.6885	0.4813
648	0.6764	0.4704
649	0.7088	0.4964
650	0.6763	0.469
651	0.6826	0.4772
652	0.6728	0.4649
653	0.6754	0.4731
654	0.6793	0.4736
655	0.6827	0.4785
656	0.68	0.4778
657	0.6924	0.4865
658	0.6862	0.483
659	0.6965	0.4929
660	0.715	0.5122
661	0.6727	0.47
662	0.6798	0.4732
663	0.7043	0.5046
664	0.6729	0.4702
665	0.6715	0.4657
666	0.6806	0.4793
667	0.6866	0.4794
668	0.6717	0.467
669	0.6699	0.4656
670	0.6724	0.4723
671	0.6909	0.4907
672	0.7061	0.5018
673	0.7105	0.5074
674	0.6769	0.4681
675	0.6832	0.4791
676	0.6793	0.4775
677	0.6853	0.4857
678	0.6744	0.4705
679	0.6897	0.4868
680	0.6713	0.4667
681	0.6743	0.4691
682	0.6854	0.4842
683	0.7937	0.5866
684	0.716	0.5151
685	0.678	0.4779
686	0.6825	0.481
687	0.666	0.4623
688	0.6954	0.4881
689	0.6746	0.473
690	0.6603	0.4608
691	0.6574	0.4556
692	0.6604	0.4614
693	0.6602	0.4581
694	0.6575	0.4582
695	0.6606	0.4586
696	0.6588	0.4593
697	0.6603	0.4567
698	0.6745	0.4747
699	0.6568	0.4556
700	0.6587	0.4588
701	0.6537	0.4524
702	0.6774	0.4789
703	0.6779	0.4779
704	0.7157	0.5076
705	0.6613	0.4657
706	0.6609	0.462
707	0.6619	0.4601
708	0.6765	0.4744
709	0.6634	0.4672
710	0.7029	0.507
711	0.6606	0.4593
712	0.665	0.4654
713	0.6556	0.4571
714	0.6551	0.4552
715	0.6767	0.476
716	0.6861	0.4917
717	0.687	0.4893
718	0.6915	0.4943
719	0.6529	0.4545
720	0.6631	0.4651
721	0.675	0.4729
722	0.6484	0.4481
723	0.6515	0.4521
724	0.6648	0.465
725	0.651	0.4516
726	0.6441	0.4451
727	0.6571	0.4596
728	0.6494	0.4517
729	0.6563	0.4578
730	0.6524	0.4578
731	0.6867	0.488
732	0.6657	0.4653
733	0.6599	0.4642
734	0.6499	0.4514
735	0.6492	0.4564
736	0.6492	0.4552
737	0.6407	0.4443
738	0.6459	0.4455
739	0.6412	0.4444
740	0.6552	0.4591
741	0.6437	0.4487
742	0.6448	0.4483
743	0.6747	0.478
744	0.6682	0.4694
745	0.6593	0.4675
746	0.6436	0.4469
747	0.6499	0.4541
748	0.6622	0.4665
749	0.6393	0.4443
750	0.6366	0.4424
751	0.6407	0.4448
752	0.6456	0.4511
753	0.6624	0.4675
754	0.6757	0.4736
755	0.6449	0.4472
756	0.6514	0.4542
757	0.6362	0.4403
758	0.6458	0.4508
759	0.6671	0.4717
760	0.6889	0.4932
761	0.6502	0.4553
762	0.6557	0.4571
763	0.6516	0.4583
764	0.6653	0.4632
765	0.7125	0.5149
766	0.6892	0.4966
767	0.6522	0.458
768	0.631	0.4376
769	0.6393	0.4474
770	0.654	0.4625
771	0.6497	0.4603
772	0.6496	0.4597
773	0.6576	0.4654
774	0.6737	0.4836
775	0.6363	0.443
776	0.6317	0.4389
777	0.6303	0.4365
778	0.6394	0.4457
779	0.6308	0.4405
780	0.6276	0.435
781	0.6331	0.4411
782	0.6453	0.4557
783	0.6315	0.44
784	0.6356	0.4426
785	0.6329	0.4424
786	0.6303	0.4387
787	0.6353	0.4466
788	0.6346	0.4453
789	0.6529	0.4627
790	0.6472	0.4563
791	0.6309	0.4416
792	0.6395	0.4489
793	0.6316	0.4402
794	0.6281	0.4387
795	0.6263	0.436
796	0.6365	0.4466
797	0.6378	0.4436
798	0.6385	0.4467
799	0.6596	0.4715
800	0.6252	0.4331
801	0.6354	0.4464
802	0.6376	0.4483
803	0.6265	0.4353
804	0.623	0.4329
805	0.625	0.4337
806	0.6227	0.4336
807	0.6363	0.4478
808	0.6357	0.4478
809	0.6394	0.4483
810	0.6511	0.4689
811	0.6285	0.4375
812	0.6206	0.4315
813	0.6355	0.4424
814	0.6243	0.4334
815	0.6313	0.4395
816	0.6313	0.4418
817	0.6299	0.4403
818	0.6513	0.4668
819	0.6278	0.4364
820	0.6519	0.4565
821	0.6466	0.4503
822	0.625	0.4366
823	0.649	0.4607
824	0.6229	0.4354
825	0.6322	0.4403
826	0.6173	0.4267
827	0.6455	0.4574
828	0.6338	0.4425
829	0.6653	0.4768
830	0.6285	0.4379
831	0.622	0.4319
832	0.6219	0.4335
833	0.6187	0.4298
834	0.6227	0.4334
835	0.6128	0.4252
836	0.6246	0.4346
837	0.6223	0.4314
838	0.6261	0.4355
839	0.6213	0.4321
840	0.62	0.4321
841	0.633	0.4507
842	0.6091	0.4198
843	0.6226	0.4333
844	0.6122	0.4245
845	0.6173	0.4312
846	0.619	0.4274
847	0.6303	0.4394
848	0.6242	0.4375
849	0.632	0.4445
850	0.6598	0.4704
851	0.6265	0.4405
852	0.6133	0.4259
853	0.6155	0.4284
854	0.6148	0.426
855	0.6194	0.4309
856	0.6151	0.4318
857	0.6293	0.4399
858	0.6299	0.4429
859	0.6152	0.4287
860	0.6117	0.4278
861	0.6142	0.4321
862	0.6073	0.4209
863	0.6047	0.4214
864	0.6028	0.4179
865	0.6251	0.4408
866	0.6148	0.4304
867	0.6151	0.4293
868	0.6039	0.4179
869	0.6031	0.4173
870	0.6599	0.4692
871	0.6071	0.42
872	0.6065	0.422
873	0.6264	0.4436
874	0.6063	0.4232
875	0.6066	0.4211
876	0.6329	0.4478
877	0.6121	0.423
878	0.6113	0.427
879	0.601	0.4158
880	0.6073	0.4232
881	0.6033	0.421
882	0.5997	0.4162
883	0.6024	0.4195
884	0.6067	0.4223
885	0.5974	0.4147
886	0.6055	0.4211
887	0.6019	0.4188
888	0.6028	0.418
889	0.61	0.4265
890	0.6136	0.428
891	0.6139	0.4263
892	0.6315	0.45
893	0.7022	0.5203
894	0.6386	0.4582
895	0.6081	0.4259
896	0.6109	0.4268
897	0.642	0.4583
898	0.6007	0.4161
899	0.6188	0.4342
900	0.6002	0.4161
901	0.6138	0.4321
902	0.6117	0.4303
903	0.6229	0.4393
904	0.597	0.4154
905	0.6082	0.4212
906	0.5978	0.4163
907	0.6215	0.4376
908	0.5941	0.4121
909	0.6295	0.4458
910	0.6041	0.4219
911	0.5934	0.4113
912	0.5986	0.4163
913	0.5972	0.4135
914	0.6148	0.4303
915	0.6204	0.434
916	0.6032	0.4214
917	0.6145	0.4313
918	0.6056	0.4235
919	0.5961	0.4144
920	0.5937	0.4134
921	0.5935	0.4107
922	0.5925	0.4103
923	0.6072	0.4253
924	0.6297	0.4501
925	0.6002	0.4175
926	0.5927	0.4129
927	0.6184	0.4337
928	0.6447	0.4645
929	0.6157	0.434
930	0.605	0.4255
931	0.6135	0.4311
932	0.5893	0.4089
933	0.588	0.4067
934	0.5868	0.4062
935	0.6053	0.4254
936	0.6121	0.431
937	0.5876	0.4081
938	0.587	0.4076
939	0.6036	0.4251
940	0.589	0.4086
941	0.5945	0.4125
942	0.5921	0.4102
943	0.5875	0.4081
944	0.5958	0.4137
945	0.5896	0.4117
946	0.5854	0.4062
947	0.5827	0.404
948	0.5909	0.4113
949	0.5891	0.4107
950	0.5937	0.4167
951	0.5942	0.4149
952	0.6009	0.4202
953	0.599	0.4233
954	0.5909	0.4104
955	0.5965	0.4197
956	0.5941	0.4149
957	0.5839	0.4057
958	0.5898	0.4116
959	0.5771	0.3988
960	0.5802	0.401
961	0.6031	0.4247
962	0.6349	0.4567
963	0.6199	0.4401
964	0.6312	0.4511
965	0.5998	0.4198
966	0.5861	0.4096
967	0.5972	0.4196
968	0.5909	0.4103
969	0.5954	0.4144
970	0.5883	0.4076
971	0.5859	0.4099
972	0.5849	0.4067
973	0.6017	0.422
974	0.6	0.421
975	0.5843	0.4058
976	0.5857	0.4079
977	0.6004	0.4284
978	0.591	0.4128
979	0.5819	0.403
980	0.5819	0.4039
981	0.5768	0.4012
982	0.5765	0.4
983	0.587	0.4079
984	0.5846	0.4096
985	0.6165	0.4396
986	0.5757	0.4011
987	0.5838	0.4049
988	0.6023	0.4223
989	0.5961	0.4194
990	0.6085	0.4315
991	0.6007	0.4269
992	0.623	0.4424
993	0.6457	0.47
994	0.6616	0.4752
995	0.621	0.4383
996	0.6055	0.4305
997	0.5852	0.408
998	0.5834	0.408
999	0.5822	0.4034
1000	0.5774	0.4011
1001	0.5763	0.4014
1002	0.5773	0.4028
1003	0.5691	0.3932
1004	0.5714	0.3938
1005	0.5706	0.3955
1006	0.5867	0.4094
1007	0.5697	0.3941
1008	0.5698	0.3908
1009	0.5748	0.4016
1010	0.579	0.4036
1011	0.5741	0.4008
1012	0.5747	0.402
1013	0.5888	0.414
1014	0.5792	0.405
1015	0.5946	0.4194
1016	0.6031	0.4261
1017	0.5784	0.4027
1018	0.5675	0.3943
1019	0.5749	0.399
1020	0.5684	0.3948
1021	0.5875	0.4152
1022	0.585	0.4071
1023	0.5684	0.3933
1024	0.5802	0.4038
1025	0.5696	0.3954
1026	0.5704	0.3976
1027	0.5762	0.3975
1028	0.5643	0.3893
1029	0.5668	0.3924
1030	0.6113	0.4379
1031	0.5905	0.4217
1032	0.6178	0.4426
1033	0.5906	0.418
1034	0.5937	0.417
1035	0.6153	0.4384
1036	0.5875	0.4127
1037	0.5731	0.3983
1038	0.5685	0.3956
1039	0.5786	0.409
1040	0.6058	0.4315
1041	0.5908	0.4168
1042	0.6172	0.4418
1043	0.5894	0.4137
1044	0.5711	0.3957
1045	0.5725	0.4007
1046	0.5661	0.392
1047	0.5723	0.4005
1048	0.5656	0.393
1049	0.5594	0.3862
1050	0.5704	0.3984
1051	0.5725	0.401
1052	0.5893	0.4158
1053	0.554	0.3799
1054	0.5572	0.3862
1055	0.577	0.4034
1056	0.5828	0.4099
1057	0.6073	0.4367
1058	0.5807	0.4083
1059	0.5606	0.3863
1060	0.5798	0.4069
1061	0.5803	0.408
1062	0.5546	0.382
1063	0.5581	0.3858
1064	0.5715	0.3999
1065	0.5705	0.3993
1066	0.592	0.42
1067	0.5579	0.3854
1068	0.5568	0.3861
1069	0.5698	0.4012
1070	0.5592	0.3897
1071	0.5655	0.394
1072	0.559	0.3864
1073	0.5674	0.3938
1074	0.5612	0.387
1075	0.5508	0.3794
1076	0.5628	0.3913
1077	0.56	0.3909
1078	0.5771	0.4054
1079	0.5824	0.4111
1080	0.5709	0.3999
1081	0.5557	0.3836
1082	0.5531	0.3812
1083	0.5507	0.381
1084	0.5553	0.3849
1085	0.5572	0.3846
1086	0.5593	0.3873
1087	0.5541	0.3812
1088	0.5712	0.4006
1089	0.565	0.3951
1090	0.5592	0.3881
1091	0.5606	0.3938
1092	0.5529	0.3839
1093	0.5566	0.3861
1094	0.5437	0.3736
1095	0.5583	0.3879
1096	0.5526	0.3826
1097	0.5709	0.4015
1098	0.5626	0.3893
1099	0.5673	0.3958
1100	0.5588	0.386
1101	0.5587	0.3889
1102	0.5681	0.3957
1103	0.5469	0.3774
1104	0.5893	0.4146
1105	0.556	0.387
1106	0.57	0.3971
1107	0.55	0.3795
1108	0.5784	0.4092
1109	0.5897	0.4183
1110	0.5472	0.3783
1111	0.5528	0.38
1112	0.5457	0.3756
1113	0.5682	0.3994
1114	0.5598	0.3913
1115	0.5575	0.388
1116	0.5584	0.386
1117	0.5571	0.3867
1118	0.5512	0.381
1119	0.5544	0.3849
1120	0.5471	0.3786
1121	0.5592	0.3905
1122	0.5551	0.3853
1123	0.5616	0.3914
1124	0.5589	0.3886
1125	0.5461	0.3804
1126	0.5719	0.4029
1127	0.5452	0.3792
1128	0.5721	0.403
1129	0.5921	0.4249
1130	0.5454	0.3767
1131	0.5592	0.3955
1132	0.5734	0.4045
1133	0.6027	0.4333
1134	0.5639	0.3948
1135	0.549	0.3792
1136	0.5412	0.3727
1137	0.5441	0.3725
1138	0.5419	0.3745
1139	0.5374	0.3701
1140	0.5399	0.3741
1141	0.5414	0.372
1142	0.5412	0.3724
1143	0.5417	0.3763
1144	0.5479	0.3813
1145	0.5496	0.3794
1146	0.5442	0.3749
1147	0.5444	0.3774
1148	0.5425	0.3764
1149	0.5384	0.3725
1150	0.5387	0.3744
1151	0.557	0.3906
1152	0.5941	0.4249
1153	0.5948	0.4227
1154	0.6351	0.4632
1155	0.5727	0.4058
1156	0.5446	0.3788
1157	0.6032	0.4296
1158	0.5753	0.4084
1159	0.5427	0.3742
1160	0.5566	0.3933
1161	0.5443	0.3761
1162	0.5369	0.3703
1163	0.5556	0.3842
1164	0.5512	0.3837
1165	0.5574	0.3922
1166	0.5516	0.3818
1167	0.5381	0.3707
1168	0.5458	0.3806
1169	0.5578	0.3898
1170	0.5721	0.4039
1171	0.5471	0.3816
1172	0.5351	0.3702
1173	0.5397	0.3722
1174	0.5432	0.3749
1175	0.5433	0.3769
1176	0.5413	0.3724
1177	0.5373	0.3709
1178	0.5478	0.3812
1179	0.5385	0.3737
1180	0.5382	0.3745
1181	0.5352	0.369
1182	0.5848	0.4195
1183	0.6078	0.4387
1184	0.5532	0.3899
1185	0.5484	0.3839
1186	0.5312	0.3651
1187	0.5337	0.3663
1188	0.5615	0.4005
1189	0.5452	0.3782
1190	0.578	0.4124
1191	0.6005	0.4365
1192	0.6028	0.4285
1193	0.5419	0.3774
1194	0.5433	0.3773
1195	0.5449	0.3761
1196	0.5352	0.3693
1197	0.5342	0.3676
1198	0.5407	0.375
1199	0.5609	0.3937
1200	0.5589	0.3883
1201	0.5461	0.3807
1202	0.5441	0.379
1203	0.5355	0.3727
1204	0.5369	0.3742
1205	0.5323	0.3656
1206	0.5332	0.3665
1207	0.5441	0.3782
1208	0.5581	0.3981
1209	0.5331	0.3704
1210	0.5319	0.367
1211	0.5345	0.3703
1212	0.5325	0.3688
1213	0.5275	0.3623
1214	0.5462	0.3812
1215	0.5392	0.3729
1216	0.5313	0.3683
1217	0.5465	0.3836
1218	0.5479	0.3848
1219	0.5336	0.3694
1220	0.5296	0.363
1221	0.5394	0.3761
1222	0.5563	0.3926
1223	0.5303	0.3647
1224	0.5287	0.3666
1225	0.5484	0.3823
1226	0.5306	0.3653
1227	0.5289	0.3652
1228	0.5826	0.4202
1229	0.5603	0.3979
1230	0.564	0.3979
1231	0.5529	0.385
1232	0.5315	0.3679
1233	0.5249	0.3578
1234	0.5378	0.3726
1235	0.5369	0.3746
1236	0.5389	0.3745
1237	0.528	0.3653
1238	0.5325	0.3648
1239	0.5298	0.3647
1240	0.5237	0.3614
1241	0.5284	0.3701
1242	0.5381	0.3774
1243	0.5328	0.3702
1244	0.5407	0.3794
1245	0.5214	0.3595
1246	0.5693	0.4
1247	0.5406	0.3749
1248	0.5349	0.3732
1249	0.5259	0.3632
1250	0.52	0.3564
1251	0.5475	0.3872
1252	0.5245	0.3595
1253	0.5361	0.3727
1254	0.5253	0.3612
1255	0.5219	0.3606
1256	0.5311	0.3721
1257	0.5551	0.3928
1258	0.5242	0.3606
1259	0.5253	0.3645
1260	0.5318	0.3708
1261	0.5327	0.3692
1262	0.5301	0.3647
1263	0.5319	0.3667
1264	0.5202	0.3572
1265	0.5294	0.3702
1266	0.535	0.3717
1267	0.5317	0.3693
1268	0.5199	0.3571
1269	0.5212	0.36
1270	0.5355	0.3695
1271	0.5389	0.3746
1272	0.5449	0.384
1273	0.5241	0.3643
1274	0.5321	0.3658
1275	0.5174	0.3539
1276	0.5291	0.3651
1277	0.5429	0.3808
1278	0.5335	0.3712
1279	0.5209	0.3615
1280	0.5359	0.3768
1281	0.5195	0.3564
1282	0.5366	0.3764
1283	0.5264	0.3633
1284	0.5549	0.3952
1285	0.5172	0.3537
1286	0.5218	0.3586
1287	0.5464	0.3822
1288	0.5365	0.3772
1289	0.5186	0.3578
1290	0.5251	0.3636
1291	0.5326	0.3735
1292	0.5415	0.3805
1293	0.5361	0.3747
1294	0.5236	0.3616
1295	0.5205	0.3613
1296	0.5257	0.3692
1297	0.5276	0.3673
1298	0.5433	0.3833
1299	0.5166	0.3561
1300	0.5368	0.377
1301	0.5395	0.3725
1302	0.5228	0.3612
1303	0.5189	0.3587
1304	0.5241	0.3658
1305	0.5399	0.3803
1306	0.5245	0.3621
1307	0.5142	0.3546
1308	0.5186	0.3599
1309	0.5307	0.3682
1310	0.5113	0.3509
1311	0.5203	0.3593
1312	0.52	0.3602
1313	0.5172	0.3589
1314	0.5356	0.379
1315	0.5269	0.3672
1316	0.5172	0.3575
1317	0.5354	0.377
1318	0.5171	0.3586
1319	0.5239	0.3667
1320	0.5163	0.3566
1321	0.536	0.3724
1322	0.5283	0.3679
1323	0.5611	0.4049
1324	0.5316	0.3726
1325	0.5197	0.3607
1326	0.5262	0.3676
1327	0.5117	0.3505
1328	0.5137	0.3515
1329	0.5149	0.3542
1330	0.5244	0.3642
1331	0.5134	0.3541
1332	0.521	0.3638
1333	0.524	0.3669
1334	0.5087	0.3474
1335	0.5133	0.3547
1336	0.5098	0.35
1337	0.5145	0.3559
1338	0.5092	0.3503
1339	0.5243	0.3666
1340	0.5202	0.3601
1341	0.5251	0.3648
1342	0.5187	0.3602
1343	0.5243	0.366
1344	0.5251	0.364
1345	0.5206	0.3609
1346	0.5151	0.3602
1347	0.5139	0.3555
1348	0.5087	0.3503
1349	0.5061	0.3473
1350	0.5194	0.3604
1351	0.5106	0.352
1352	0.5317	0.3743
1353	0.5251	0.3638
1354	0.5154	0.3563
1355	0.5097	0.3529
1356	0.5245	0.3669
1357	0.5023	0.3438
1358	0.5062	0.3483
1359	0.5248	0.3679
1360	0.527	0.3677
1361	0.5185	0.36
1362	0.5326	0.3734
1363	0.5086	0.3496
1364	0.5105	0.3534
1365	0.5202	0.3604
1366	0.5071	0.3481
1367	0.5096	0.3492
1368	0.5033	0.3444
1369	0.523	0.3608
1370	0.5203	0.3591
1371	0.5092	0.351
1372	0.506	0.3484
1373	0.5221	0.3687
1374	0.5134	0.3533
1375	0.5046	0.3485
1376	0.5275	0.3719
1377	0.5299	0.3695
1378	0.5221	0.3634
1379	0.5164	0.3558
1380	0.5396	0.3771
1381	0.5179	0.3606
1382	0.5412	0.3869
1383	0.5217	0.3621
1384	0.5162	0.3599
1385	0.5032	0.3445
1386	0.5066	0.3477
1387	0.505	0.3487
1388	0.5072	0.3516
1389	0.5059	0.349
1390	0.512	0.3537
1391	0.5586	0.4061
1392	0.5404	0.3855
1393	0.5079	0.3499
1394	0.5102	0.3531
1395	0.5052	0.3465
1396	0.5051	0.349
1397	0.5074	0.348
1398	0.5047	0.3475
1399	0.4999	0.3416
1400	0.5042	0.3469
1401	0.5009	0.3451
1402	0.5104	0.3559
1403	0.5074	0.3515
1404	0.5073	0.3504
1405	0.496	0.3385
1406	0.4977	0.3416
1407	0.4981	0.3399
1408	0.5402	0.3887
1409	0.5356	0.3821
1410	0.498	0.3419
1411	0.5138	0.3552
1412	0.5047	0.3486
1413	0.5253	0.3723
1414	0.5077	0.3524
1415	0.5009	0.3431
1416	0.4994	0.3441
1417	0.5108	0.3545
1418	0.502	0.3457
1419	0.5167	0.3611
1420	0.502	0.3449
1421	0.5002	0.3443
1422	0.4986	0.34
1423	0.5085	0.352
1424	0.5274	0.3706
1425	0.5059	0.3468
1426	0.5039	0.3477
1427	0.5096	0.3538
1428	0.513	0.3554
1429	0.5074	0.3533
1430	0.5056	0.3512
1431	0.5013	0.3455
1432	0.4944	0.3389
1433	0.4942	0.3372
1434	0.4985	0.3432
1435	0.5002	0.3424
1436	0.5024	0.3444
1437	0.5011	0.3455
1438	0.5066	0.3521
1439	0.5111	0.3553
1440	0.4981	0.3418
1441	0.4987	0.3441
1442	0.5139	0.3588
1443	0.5627	0.4075
1444	0.5563	0.3955
1445	0.5065	0.3498
1446	0.5271	0.3783
1447	0.5295	0.3779
1448	0.5138	0.3619
1449	0.4966	0.3412
1450	0.5163	0.3606
1451	0.4938	0.3371
1452	0.4978	0.3438
1453	0.5338	0.3794
1454	0.5082	0.3512
1455	0.4977	0.3401
1456	0.5	0.3452
1457	0.4984	0.3427
1458	0.5065	0.3489
1459	0.511	0.361
1460	0.5377	0.3812
1461	0.5107	0.3564
1462	0.5013	0.3492
1463	0.5062	0.3509
1464	0.5087	0.3531
1465	0.5181	0.3648
1466	0.5077	0.3563
1467	0.4955	0.3429
1468	0.4914	0.3396
1469	0.515	0.3594
1470	0.5127	0.3577
1471	0.4973	0.3457
1472	0.5015	0.347
1473	0.5066	0.3488
1474	0.4931	0.3384
1475	0.4946	0.3405
1476	0.5077	0.3503
1477	0.5053	0.3502
1478	0.5056	0.3513
1479	0.4966	0.341
1480	0.4984	0.3464
1481	0.5245	0.372
1482	0.531	0.3782
1483	0.5286	0.3743
1484	0.557	0.4093
1485	0.5453	0.3944
1486	0.5139	0.3609
1487	0.501	0.3464
1488	0.4913	0.3371
1489	0.4993	0.3472
1490	0.4973	0.3473
1491	0.5039	0.354
1492	0.4927	0.3383
1493	0.4885	0.3337
1494	0.5267	0.3744
1495	0.4943	0.3425
1496	0.4936	0.3415
1497	0.4971	0.3416
1498	0.494	0.3387
1499	0.4978	0.3464
1500	0.4777	0.324
1501	0.4755	0.3208
1502	0.4725	0.319
1503	0.4727	0.3187
1504	0.4747	0.3203
1505	0.4723	0.3183
1506	0.471	0.3175
1507	0.472	0.318
1508	0.4715	0.3174
1509	0.4718	0.3177
1510	0.4737	0.3195
1511	0.4713	0.3172
1512	0.4699	0.316
1513	0.4698	0.3159
1514	0.4693	0.315
1515	0.4701	0.316
1516	0.4706	0.3167
1517	0.4687	0.3149
1518	0.4682	0.3146
1519	0.4681	0.3139
1520	0.4692	0.3158
1521	0.4725	0.3199
1522	0.4706	0.3177
1523	0.4698	0.3167
1524	0.4679	0.3138
1525	0.4687	0.3146
1526	0.4696	0.3153
1527	0.4711	0.3179
1528	0.4683	0.3151
1529	0.4682	0.3139
1530	0.4691	0.3147
1531	0.4702	0.3164
1532	0.4677	0.3137
1533	0.4685	0.3149
1534	0.4672	0.3142
1535	0.4686	0.3153
1536	0.4677	0.3138
1537	0.4674	0.3129
1538	0.4665	0.3123
1539	0.4669	0.3132
1540	0.4685	0.314
1541	0.4663	0.3124
1542	0.4669	0.313
1543	0.4697	0.3176
1544	0.4685	0.3158
1545	0.4668	0.3132
1546	0.4659	0.3126
1547	0.4664	0.3131
1548	0.4663	0.3129
1549	0.4667	0.3126
1550	0.4673	0.3138
1551	0.4678	0.3141
1552	0.4676	0.3143
1553	0.4665	0.3124
1554	0.4661	0.3125
1555	0.4667	0.3136
1556	0.4675	0.3139
1557	0.4656	0.3128
1558	0.4667	0.3143
1559	0.4674	0.315
1560	0.4677	0.315
1561	0.469	0.316
1562	0.4663	0.3122
1563	0.4651	0.3117
1564	0.4654	0.3119
1565	0.4687	0.316
1566	0.465	0.3109
1567	0.4668	0.3137
1568	0.4659	0.3124
1569	0.4686	0.3156
1570	0.4667	0.313
1571	0.4689	0.317
1572	0.4761	0.3242
1573	0.4664	0.314
1574	0.4657	0.312
1575	0.4669	0.3134
1576	0.4656	0.3125
1577	0.464	0.3108
1578	0.4651	0.3118
1579	0.464	0.3098
1580	0.4632	0.3098
1581	0.4649	0.3114
1582	0.4655	0.3126
1583	0.4666	0.3144
1584	0.4652	0.313
1585	0.4678	0.3149
1586	0.4637	0.3109
1587	0.468	0.3151
1588	0.4646	0.311
1589	0.4632	0.3096
1590	0.4636	0.3102
1591	0.4632	0.3101
1592	0.4663	0.3136
1593	0.4636	0.3104
1594	0.4644	0.3107
1595	0.4636	0.31
1596	0.4691	0.3178
1597	0.4651	0.3119
1598	0.4636	0.3105
1599	0.4633	0.3106
1600	0.467	0.3145
1601	0.4637	0.3107
1602	0.4721	0.3212
1603	0.4643	0.3114
1604	0.4647	0.3111
1605	0.4634	0.31
1606	0.4635	0.3098
1607	0.4645	0.311
1608	0.4629	0.3094
1609	0.4649	0.3133
1610	0.4636	0.3112
1611	0.4623	0.3098
1612	0.4622	0.3091
1613	0.4652	0.3132
1614	0.4625	0.3099
1615	0.4632	0.3103
1616	0.463	0.3109
1617	0.4626	0.3102
1618	0.4641	0.3112
1619	0.4629	0.3097
1620	0.4619	0.309
1621	0.467	0.3149
1622	0.4682	0.316
1623	0.4642	0.3122
1624	0.4623	0.3099
1625	0.4623	0.3103
1626	0.4625	0.31
1627	0.4623	0.3097
1628	0.4617	0.3089
1629	0.4635	0.312
1630	0.4627	0.3102
1631	0.4613	0.3089
1632	0.4631	0.3116
1633	0.4631	0.3108
1634	0.4636	0.3113
1635	0.4627	0.3097
1636	0.464	0.312
1637	0.4623	0.31
1638	0.4619	0.3092
1639	0.4611	0.3091
1640	0.4619	0.3095
1641	0.4631	0.3111
1642	0.4614	0.3094
1643	0.4625	0.3094
1644	0.4629	0.3098
1645	0.4632	0.3116
1646	0.4625	0.3107
1647	0.4616	0.3091
1648	0.4632	0.3105
1649	0.4645	0.3128
1650	0.4627	0.3103
1651	0.4637	0.3121
1652	0.4615	0.3091
1653	0.4621	0.3094
1654	0.4641	0.3125
1655	0.4649	0.3128
1656	0.4625	0.3105
1657	0.4609	0.3089
1658	0.4645	0.3122
1659	0.4622	0.3101
1660	0.4625	0.3109
1661	0.463	0.3108
1662	0.4612	0.3092
1663	0.4616	0.3088
1664	0.4611	0.3089
1665	0.4608	0.3095
1666	0.4615	0.3096
1667	0.4619	0.3095
1668	0.4617	0.3101
1669	0.4618	0.3096
1670	0.4611	0.3092
1671	0.461	0.3087
1672	0.464	0.3129
1673	0.4614	0.3084
1674	0.4612	0.3091
1675	0.4608	0.309
1676	0.4613	0.3092
1677	0.4605	0.3084
1678	0.4607	0.3076
1679	0.4611	0.3088
1680	0.463	0.3109
1681	0.4602	0.3081
1682	0.4598	0.3068
1683	0.465	0.3127
1684	0.4614	0.3092
1685	0.4618	0.3096
1686	0.4602	0.3081
1687	0.4601	0.3082
1688	0.4592	0.3071
1689	0.4589	0.3071
1690	0.4609	0.3097
1691	0.4592	0.3076
1692	0.4621	0.3102
1693	0.4603	0.3084
1694	0.459	0.3074
1695	0.4585	0.306
1696	0.4593	0.3074
1697	0.4584	0.3065
1698	0.4608	0.3098
1699	0.4611	0.3092
1700	0.4595	0.3068
1701	0.461	0.3089
1702	0.4589	0.3065
1703	0.4601	0.3078
1704	0.4614	0.3099
1705	0.4591	0.3067
1706	0.4596	0.3076
1707	0.4594	0.3077
1708	0.4608	0.3094
1709	0.4592	0.3072
1710	0.4602	0.3075
1711	0.4584	0.306
1712	0.4595	0.3081
1713	0.4604	0.3083
1714	0.4626	0.3112
1715	0.4607	0.3082
1716	0.4596	0.3077
1717	0.4603	0.3083
1718	0.4616	0.3098
1719	0.459	0.3068
1720	0.4593	0.3078
1721	0.4601	0.3085
1722	0.4586	0.306
1723	0.4595	0.308
1724	0.4607	0.309
1725	0.4632	0.3112
1726	0.4638	0.3127
1727	0.4646	0.3141
1728	0.4598	0.3082
1729	0.4588	0.3073
1730	0.4581	0.3059
1731	0.4597	0.3077
1732	0.4587	0.3073
1733	0.4622	0.3114
1734	0.4587	0.3078
1735	0.4605	0.309
1736	0.4588	0.3066
1737	0.4591	0.3075
1738	0.4586	0.307
1739	0.4578	0.3063
1740	0.4573	0.3047
1741	0.4602	0.3082
1742	0.4587	0.307
1743	0.4605	0.3099
1744	0.459	0.3071
1745	0.4587	0.3071
1746	0.4581	0.3063
1747	0.4603	0.3093
1748	0.4584	0.3077
1749	0.46	0.3093
1750	0.4573	0.3056
1751	0.4576	0.3065
1752	0.4577	0.3062
1753	0.4582	0.3066
1754	0.4598	0.3078
1755	0.4583	0.3064
1756	0.4598	0.309
1757	0.458	0.307
1758	0.4575	0.3051
1759	0.457	0.3056
1760	0.4585	0.3061
1761	0.4583	0.3067
1762	0.4596	0.3079
1763	0.4572	0.3054
1764	0.4567	0.3054
1765	0.4565	0.3046
1766	0.4599	0.3093
1767	0.4574	0.3061
1768	0.4592	0.3075
1769	0.4578	0.3057
1770	0.4598	0.3093
1771	0.46	0.3081
1772	0.4583	0.3071
1773	0.4648	0.3153
1774	0.4615	0.311
1775	0.4578	0.3053
1776	0.4579	0.3063
1777	0.4589	0.3068
1778	0.4571	0.3052
1779	0.4571	0.3052
1780	0.4571	0.3051
1781	0.4575	0.3064
1782	0.457	0.305
1783	0.458	0.3065
1784	0.4567	0.3049
1785	0.4572	0.3053
1786	0.4565	0.3052
1787	0.458	0.3071
1788	0.4565	0.3045
1789	0.4582	0.3065
1790	0.4582	0.3063
1791	0.4566	0.3043
1792	0.4572	0.3046
1793	0.4562	0.3042
1794	0.458	0.3067
1795	0.457	0.3051
1796	0.4573	0.3057
1797	0.4581	0.3066
1798	0.457	0.3056
1799	0.4591	0.3071
1800	0.4564	0.3048
1801	0.4572	0.3054
1802	0.4582	0.3073
1803	0.4567	0.3052
1804	0.4599	0.3084
1805	0.4574	0.3069
1806	0.4588	0.3079
1807	0.4554	0.3032
1808	0.4572	0.3051
1809	0.4591	0.3077
1810	0.4555	0.3035
1811	0.4556	0.3036
1812	0.4561	0.3053
1813	0.4558	0.3046
1814	0.457	0.3056
1815	0.4574	0.3063
1816	0.4569	0.3064
1817	0.4559	0.3051
1818	0.4565	0.3047
1819	0.4573	0.3063
1820	0.455	0.304
1821	0.457	0.3047
1822	0.4556	0.3042
1823	0.4559	0.3047
1824	0.4561	0.3052
1825	0.4582	0.3072
1826	0.4576	0.3059
1827	0.4568	0.3049
1828	0.4559	0.3044
1829	0.4556	0.3042
1830	0.4571	0.3063
1831	0.4549	0.3035
1832	0.4558	0.3047
1833	0.4574	0.3059
1834	0.4566	0.3052
1835	0.4551	0.3046
1836	0.4568	0.3066
1837	0.4553	0.3045
1838	0.4557	0.3043
1839	0.4561	0.305
1840	0.4566	0.3053
1841	0.4593	0.3074
1842	0.4567	0.3058
1843	0.4566	0.3065
1844	0.4584	0.3067
1845	0.4558	0.3046
1846	0.458	0.308
1847	0.4552	0.304
1848	0.4562	0.3057
1849	0.462	0.3131
1850	0.459	0.3105
1851	0.4602	0.3096
1852	0.4597	0.3103
1853	0.4559	0.3061
1854	0.4575	0.3074
1855	0.4567	0.3056
1856	0.4561	0.3061
1857	0.4545	0.3031
1858	0.4575	0.3069
1859	0.457	0.3055
1860	0.4564	0.3052
1861	0.461	0.3113
1862	0.4567	0.3054
1863	0.4558	0.3044
1864	0.4565	0.3057
1865	0.4558	0.3046
1866	0.4552	0.3036
1867	0.4594	0.3094
1868	0.4545	0.3034
1869	0.458	0.3083
1870	0.457	0.3065
1871	0.4563	0.3046
1872	0.4563	0.3048
1873	0.4542	0.3027
1874	0.4557	0.3047
1875	0.4574	0.3055
1876	0.4555	0.3042
1877	0.4566	0.3065
1878	0.4545	0.3033
1879	0.4548	0.3037
1880	0.4578	0.3069
1881	0.4579	0.3078
1882	0.4564	0.305
1883	0.4557	0.3062
1884	0.457	0.3067
1885	0.4548	0.3031
1886	0.4534	0.3028
1887	0.4534	0.3026
1888	0.4567	0.3064
1889	0.4561	0.3057
1890	0.4564	0.3059
1891	0.4534	0.3023
1892	0.4549	0.3041
1893	0.4538	0.3022
1894	0.4536	0.3018
1895	0.4543	0.3034
1896	0.454	0.3031
1897	0.455	0.3044
1898	0.4537	0.3025
1899	0.4531	0.3026
1900	0.4532	0.3033
1901	0.4572	0.308
1902	0.4549	0.3045
1903	0.4548	0.3045
1904	0.4547	0.304
1905	0.4539	0.3027
1906	0.4538	0.3027
1907	0.4546	0.3032
1908	0.4549	0.3049
1909	0.4542	0.303
1910	0.4547	0.3037
1911	0.4553	0.3035
1912	0.4553	0.3043
1913	0.4541	0.3022
1914	0.4566	0.307
1915	0.4537	0.3036
1916	0.4555	0.305
1917	0.453	0.3012
1918	0.4539	0.3035
1919	0.4542	0.303
1920	0.4536	0.3026
1921	0.4555	0.3042
1922	0.4542	0.3021
1923	0.4548	0.3045
1924	0.4549	0.3043
1925	0.4534	0.3021
1926	0.4533	0.3023
1927	0.4536	0.3021
1928	0.4556	0.3049
1929	0.4533	0.3017
1930	0.4541	0.3031
1931	0.4533	0.3029
1932	0.4536	0.3035
1933	0.4529	0.3021
1934	0.4544	0.3043
1935	0.453	0.3022
1936	0.453	0.3023
1937	0.4529	0.3026
1938	0.4538	0.3028
1939	0.4526	0.3012
1940	0.4543	0.3037
1941	0.4539	0.3028
1942	0.4532	0.302
1943	0.4523	0.3014
1944	0.4517	0.3019
1945	0.4524	0.3019
1946	0.4522	0.3015
1947	0.4521	0.3017
1948	0.4518	0.3005
1949	0.4512	0.3005
1950	0.4519	0.3017
1951	0.4521	0.3018
1952	0.4526	0.3024
1953	0.4538	0.3032
1954	0.4539	0.3037
1955	0.4521	0.3023
1956	0.4528	0.3024
1957	0.4527	0.3032
1958	0.4524	0.3022
1959	0.4523	0.3004
1960	0.4557	0.3061
1961	0.4573	0.3075
1962	0.4532	0.3024
1963	0.4535	0.3034
1964	0.4534	0.3032
1965	0.4514	0.3013
1966	0.4515	0.3012
1967	0.4521	0.3017
1968	0.4529	0.303
1969	0.4593	0.3104
1970	0.4567	0.3072
1971	0.4519	0.3012
1972	0.4516	0.3013
1973	0.4523	0.3014
1974	0.4516	0.3014
1975	0.4522	0.3016
1976	0.4509	0.3001
1977	0.4562	0.3063
1978	0.4548	0.3044
1979	0.4523	0.3012
1980	0.4521	0.3009
1981	0.4511	0.3002
1982	0.4523	0.3021
1983	0.452	0.3024
1984	0.4527	0.3034
1985	0.4519	0.3022
1986	0.4538	0.3041
1987	0.4519	0.3031
1988	0.4522	0.3021
1989	0.454	0.3041
1990	0.4522	0.3021
1991	0.4514	0.3022
1992	0.4538	0.3049
1993	0.4533	0.3045
1994	0.4523	0.3036
1995	0.4518	0.3014
1996	0.4515	0.3018
1997	0.4514	0.3013
1998	0.452	0.3024
1999	0.4531	0.3034
