epoch:	train_RMSD:	train_MAE:
2	4.9385	4.2855
3	4.0379	3.4454
0	6.9227	6.3043
4	3.758	3.1989
1	6.5571	5.925
5	3.5754	3.0409
6	3.4318	2.9148
2	4.9385	4.2855
7	3.3184	2.8122
3	4.0379	3.4454
8	3.2332	2.7292
4	3.758	3.1989
9	3.1799	2.6704
10	3.1521	2.6322
5	3.5754	3.0409
11	3.1402	2.6096
6	3.4318	2.9148
12	3.1361	2.5973
13	3.135	2.5914
7	3.3184	2.8122
14	3.1348	2.5895
8	3.2332	2.7292
15	3.1348	2.5891
16	3.1348	2.5897
9	3.1799	2.6704
17	3.1349	2.5908
10	3.1521	2.6322
18	3.1349	2.5914
19	3.1351	2.5925
11	3.1402	2.6096
20	3.135	2.5925
12	3.1361	2.5973
21	3.1349	2.5927
22	3.1345	2.591
13	3.135	2.5914
23	3.134	2.5906
14	3.1348	2.5895
24	3.1332	2.5911
15	3.1348	2.5892
25	3.1315	2.5892
16	3.1348	2.5896
26	3.1286	2.5878
17	3.1349	2.5908
27	3.1231	2.5824
18	3.1349	2.5914
28	3.1137	2.5745
19	3.1351	2.5925
29	3.0993	2.5619
20	3.135	2.5925
30	3.0814	2.5441
21	3.1349	2.5927
31	3.0605	2.5251
32	3.0295	2.497
22	3.1344	2.591
33	2.9899	2.4598
23	3.1339	2.5907
34	2.948	2.4191
24	3.1331	2.591
35	2.9004	2.3713
25	3.1313	2.5888
36	2.8351	2.3078
26	3.1282	2.5871
37	2.743	2.2226
38	2.6359	2.121
27	3.1223	2.5827
39	2.5018	1.9985
28	3.1124	2.5747
40	2.3898	1.8858
41	2.3103	1.7942
29	3.0965	2.5583
42	2.2526	1.7195
30	3.0778	2.5395
43	2.2128	1.6894
31	3.0555	2.5193
44	2.1843	1.6374
32	3.0251	2.4913
45	2.1584	1.6321
33	2.9908	2.4576
46	2.136	1.6085
34	2.955	2.4222
47	2.1191	1.5909
35	2.9165	2.3843
48	2.1188	1.5997
36	2.8755	2.3412
49	2.1014	1.5769
50	2.0912	1.565
37	2.8152	2.2831
51	2.0838	1.56
38	2.7202	2.2026
52	2.0764	1.5504
39	2.6071	2.0958
53	2.0815	1.5646
40	2.4729	1.9688
54	2.0678	1.5439
55	2.0683	1.5507
41	2.3621	1.8574
56	2.0614	1.5432
42	2.2839	1.7646
57	2.0609	1.5476
58	2.0501	1.5318
43	2.2321	1.7161
59	2.0439	1.5166
44	2.198	1.6536
60	2.0315	1.5115
45	2.172	1.6485
61	2.0285	1.5183
46	2.1464	1.6206
62	2.0121	1.4963
47	2.1273	1.5998
63	2.0005	1.4677
48	2.1259	1.6062
64	1.9811	1.4711
49	2.1054	1.5796
65	1.9718	1.4713
66	1.8983	1.3936
50	2.0964	1.5698
67	1.874	1.3875
51	2.0887	1.5672
68	1.8191	1.3418
52	2.0809	1.5569
69	1.8272	1.3574
53	2.0848	1.568
70	1.8017	1.3235
54	2.073	1.5491
71	1.7871	1.3126
55	2.0765	1.5581
72	1.775	1.3149
56	2.0691	1.5496
73	1.7736	1.3189
57	2.0682	1.5504
74	1.7648	1.2883
75	1.7387	1.2821
58	2.0605	1.5361
76	1.7238	1.2587
59	2.0633	1.5302
77	1.7002	1.25
60	2.0487	1.5281
78	1.6883	1.2351
79	1.7037	1.2399
61	2.0381	1.5229
80	1.6854	1.2294
62	2.0249	1.5109
81	1.663	1.2263
82	1.6489	1.2122
63	2.0152	1.4902
83	1.6264	1.1879
64	2.0194	1.5113
84	1.614	1.1805
85	1.609	1.1794
65	1.9715	1.4635
86	1.5998	1.1716
66	1.9377	1.4249
87	1.5836	1.1598
67	1.8913	1.4002
88	1.5773	1.1542
68	1.8547	1.3673
89	1.5684	1.145
69	1.8569	1.3886
90	1.6177	1.193
70	1.8447	1.3556
91	1.5566	1.1396
71	1.818	1.353
92	1.5876	1.159
93	1.5435	1.1323
72	1.8164	1.3619
94	1.5457	1.1289
73	1.797	1.3438
95	1.5303	1.1169
74	1.7855	1.3128
96	1.5448	1.1367
75	1.7624	1.3117
97	1.5537	1.1461
76	1.7452	1.2854
98	1.5158	1.1085
99	1.5119	1.1037
77	1.7256	1.2749
78	1.7113	1.2643
100	1.5543	1.1396
101	1.4949	1.0959
79	1.7137	1.2597
102	1.4928	1.0897
80	1.7137	1.2587
103	1.4883	1.0798
81	1.6728	1.236
104	1.4962	1.1035
105	1.473	1.0743
82	1.6951	1.2649
106	1.462	1.0641
83	1.6484	1.2133
107	1.4575	1.0636
84	1.6319	1.2023
108	1.523	1.1258
85	1.6356	1.2089
109	1.4532	1.058
110	1.4806	1.0815
86	1.6089	1.1835
111	1.5194	1.116
87	1.6048	1.1821
112	1.4428	1.0528
88	1.6217	1.1974
113	1.4678	1.0647
89	1.6141	1.1895
114	1.4336	1.043
90	1.5933	1.1734
115	1.4598	1.0663
91	1.5797	1.1627
116	1.4355	1.0451
117	1.434	1.0427
92	1.569	1.1485
118	1.4392	1.0478
93	1.5555	1.1397
119	1.4193	1.0317
94	1.5526	1.1376
120	1.4837	1.085
95	1.5815	1.1645
121	1.4205	1.0396
96	1.5307	1.1223
122	1.4238	1.0394
97	1.5164	1.1105
123	1.4047	1.0203
124	1.4191	1.0378
98	1.509	1.1032
125	1.4194	1.0331
99	1.5278	1.1169
126	1.4179	1.0386
100	1.5124	1.1043
127	1.3987	1.0199
101	1.4915	1.0915
128	1.3908	1.0097
102	1.491	1.0882
129	1.4537	1.0671
130	1.3945	1.0131
103	1.4896	1.0879
131	1.3806	1.0025
104	1.4783	1.0813
132	1.3883	1.0088
105	1.5059	1.1051
133	1.3749	0.9959
106	1.5151	1.1086
134	1.382	1.0073
135	1.3726	0.9937
107	1.5052	1.1008
136	1.3684	0.9906
108	1.4623	1.0648
137	1.3662	0.9879
109	1.4985	1.0983
138	1.3643	0.989
110	1.5019	1.0988
139	1.3715	0.9973
140	1.378	0.9999
111	1.4592	1.0626
141	1.368	0.99
112	1.4688	1.0725
142	1.3629	0.9859
113	1.4383	1.0455
143	1.3628	0.9893
114	1.432	1.0393
144	1.3537	0.98
115	1.4633	1.0663
145	1.3389	0.967
116	1.4319	1.039
146	1.3703	0.9929
147	1.3457	0.9735
117	1.4356	1.0429
148	1.3343	0.9652
118	1.4187	1.0298
149	1.3318	0.9619
119	1.4338	1.0401
150	1.3441	0.976
120	1.4698	1.0774
151	1.3433	0.9717
121	1.4457	1.0605
152	1.3466	0.9753
122	1.438	1.0478
153	1.3174	0.949
154	1.312	0.9451
123	1.4225	1.0316
155	1.3115	0.945
124	1.4716	1.0794
156	1.3174	0.9497
125	1.4061	1.0189
157	1.3179	0.949
126	1.4284	1.0409
158	1.3053	0.9394
127	1.4186	1.0345
159	1.343	0.976
128	1.3973	1.0082
160	1.3367	0.9723
161	1.3061	0.9406
129	1.478	1.084
162	1.2932	0.9274
130	1.4065	1.0184
163	1.2909	0.9268
131	1.3877	1.003
164	1.2804	0.9161
132	1.3967	1.0106
165	1.2767	0.9115
166	1.2878	0.9271
133	1.3811	0.9996
167	1.2858	0.9259
134	1.3859	1.0038
168	1.268	0.9072
135	1.3785	0.9931
169	1.2703	0.9103
136	1.3749	0.9916
170	1.2625	0.9038
171	1.2604	0.904
137	1.378	0.9933
172	1.27	0.9115
138	1.3692	0.9862
173	1.3042	0.9441
139	1.3814	1.0021
174	1.2581	0.9013
175	1.2739	0.9155
140	1.3929	1.0089
176	1.2539	0.8956
141	1.3686	0.9865
177	1.2441	0.8882
142	1.3678	0.983
178	1.3127	0.9512
179	1.2829	0.9246
143	1.3759	1.0002
180	1.2485	0.8943
144	1.3531	0.9755
181	1.2456	0.8898
145	1.3538	0.9732
182	1.2329	0.8806
146	1.3582	0.9773
183	1.2243	0.8726
147	1.3497	0.9704
184	1.2286	0.878
148	1.4087	1.0256
185	1.2379	0.8885
186	1.225	0.8747
149	1.3526	0.9738
187	1.2174	0.8671
150	1.3491	0.9738
188	1.237	0.8875
151	1.335	0.9626
189	1.2177	0.8713
190	1.2063	0.8589
152	1.3278	0.9544
191	1.2079	0.8595
153	1.3333	0.9579
192	1.2067	0.8599
154	1.3226	0.9525
193	1.215	0.868
155	1.3321	0.9588
194	1.228	0.8818
156	1.3321	0.9573
195	1.219	0.8738
157	1.315	0.9433
196	1.2029	0.8603
158	1.3243	0.9511
197	1.2104	0.8659
159	1.3176	0.9508
198	1.2405	0.9005
199	1.2361	0.892
160	1.3075	0.9381
200	1.1993	0.8583
161	1.3037	0.935
162	1.343	0.9698
201	1.1744	0.8364
202	1.1933	0.8516
163	1.3019	0.9343
203	1.1842	0.8477
164	1.2963	0.9294
204	1.202	0.8628
165	1.3017	0.9373
205	1.1777	0.8448
166	1.3132	0.9465
206	1.1764	0.8393
167	1.2842	0.9187
207	1.1754	0.8428
208	1.1665	0.8327
168	1.2801	0.9137
209	1.1649	0.835
169	1.2839	0.9183
210	1.1508	0.8204
170	1.2925	0.9254
211	1.1553	0.8229
171	1.3089	0.9433
212	1.153	0.825
172	1.2659	0.904
213	1.1428	0.8161
214	1.1428	0.8173
173	1.2653	0.9028
215	1.1384	0.8121
174	1.2612	0.8996
216	1.1297	0.8057
175	1.2982	0.9336
217	1.1325	0.8086
176	1.2623	0.8999
218	1.1406	0.816
177	1.2717	0.91
219	1.1239	0.8038
220	1.1196	0.7973
178	1.2453	0.8868
221	1.1157	0.7959
179	1.2458	0.8883
222	1.1142	0.7944
223	1.1057	0.7894
180	1.2579	0.9006
224	1.1066	0.7876
181	1.2576	0.9009
225	1.1037	0.7854
182	1.2583	0.8966
226	1.1024	0.7877
183	1.3191	0.9582
227	1.0984	0.7848
184	1.2312	0.8761
228	1.0982	0.7828
185	1.2341	0.881
229	1.0971	0.7828
186	1.2259	0.8716
230	1.0978	0.7865
187	1.2227	0.8705
231	1.0842	0.7722
188	1.2314	0.8795
232	1.0837	0.7727
189	1.2437	0.8903
233	1.0903	0.7792
190	1.2429	0.889
234	1.0755	0.7655
191	1.236	0.8851
235	1.0963	0.787
192	1.2078	0.8598
236	1.08	0.771
237	1.07	0.7635
193	1.2058	0.8581
238	1.1467	0.8353
194	1.2087	0.8606
239	1.0648	0.7577
195	1.2004	0.8544
240	1.0872	0.7837
241	1.0542	0.7501
196	1.1965	0.8511
242	1.061	0.7559
197	1.1933	0.8483
243	1.0713	0.7665
198	1.2032	0.8597
244	1.058	0.7563
245	1.0443	0.7421
199	1.193	0.8483
246	1.0451	0.7441
247	1.0468	0.7455
200	1.2012	0.8604
248	1.0415	0.7414
201	1.1839	0.8405
249	1.039	0.7374
202	1.2295	0.8837
250	1.031	0.7327
251	1.0312	0.7318
203	1.1901	0.8494
252	1.0278	0.7293
204	1.1807	0.839
253	1.0308	0.7327
205	1.2418	0.8946
254	1.0467	0.7452
206	1.2171	0.8757
255	1.031	0.7362
207	1.2184	0.8776
256	1.0213	0.7233
257	1.0231	0.7269
208	1.1779	0.8388
258	1.0261	0.7324
209	1.1954	0.8559
259	1.0195	0.7238
210	1.1781	0.8402
260	1.0147	0.7201
211	1.1622	0.8279
261	1.0096	0.7152
212	1.1619	0.8261
262	1.0104	0.7193
213	1.1754	0.8409
263	1.017	0.7252
214	1.1553	0.8236
264	1.0676	0.7641
215	1.1883	0.8536
265	1.0337	0.7452
216	1.1605	0.8271
266	1.0194	0.7273
217	1.1764	0.8443
267	1.0176	0.7218
218	1.145	0.8138
268	0.9986	0.71
269	1.0222	0.7327
219	1.1457	0.8172
270	0.997	0.7096
220	1.1655	0.8346
271	0.9996	0.7071
221	1.161	0.8339
272	1.0229	0.7308
222	1.1361	0.8085
273	0.9902	0.6982
223	1.1331	0.8064
274	0.9974	0.7086
224	1.1432	0.8177
275	0.9847	0.6947
225	1.1361	0.8098
276	0.9848	0.6971
226	1.1243	0.7989
277	0.9909	0.7056
278	0.9771	0.6923
227	1.1207	0.7978
279	0.9761	0.6883
228	1.1191	0.7944
280	0.9776	0.6928
229	1.1226	0.8007
281	0.9731	0.6849
230	1.1158	0.7907
282	0.9719	0.6865
283	0.9675	0.6815
231	1.1175	0.7964
284	0.9684	0.6823
232	1.1274	0.807
285	0.9706	0.6861
233	1.1363	0.815
286	0.9677	0.6804
234	1.1078	0.7869
287	0.9678	0.6834
235	1.1004	0.7814
288	0.9668	0.6809
236	1.1059	0.7866
289	0.9614	0.6774
237	1.0973	0.7779
290	0.9604	0.6762
238	1.1131	0.7947
291	0.9764	0.6918
239	1.091	0.7752
292	0.9607	0.6757
240	1.0867	0.7713
293	0.9548	0.6715
294	0.9736	0.6886
241	1.0928	0.7766
295	0.9526	0.6712
242	1.0823	0.7682
296	0.951	0.6687
243	1.1454	0.8278
297	0.9666	0.6878
244	1.1174	0.8066
298	0.951	0.6727
299	0.9535	0.6714
245	1.0841	0.7722
300	0.9466	0.6667
246	1.0805	0.7698
301	0.945	0.6631
302	0.9645	0.6802
247	1.0692	0.7587
303	0.9532	0.6761
248	1.0675	0.7565
304	0.9399	0.6616
249	1.0732	0.7616
305	0.9582	0.6763
250	1.0594	0.7501
306	0.9686	0.6931
251	1.0597	0.7495
307	0.9419	0.6637
252	1.0846	0.7749
308	0.941	0.6615
253	1.0891	0.7819
309	0.9419	0.664
254	1.052	0.7437
310	0.941	0.664
255	1.053	0.7467
311	0.9365	0.657
256	1.075	0.7701
312	0.9354	0.657
313	0.9337	0.6557
257	1.0924	0.7874
314	0.9392	0.6583
258	1.076	0.777
315	0.955	0.6778
259	1.045	0.7391
316	0.9303	0.6543
317	0.966	0.6938
260	1.065	0.761
318	0.9719	0.7037
261	1.0392	0.7335
319	0.9417	0.6665
320	1.0016	0.7203
262	1.0318	0.7285
321	0.9306	0.6543
263	1.0684	0.7651
322	0.9245	0.6485
323	0.9239	0.6499
264	1.0428	0.7397
324	0.9417	0.6671
265	1.0321	0.7292
325	0.9471	0.6712
266	1.0273	0.7244
326	0.9546	0.6776
327	0.9255	0.6516
267	1.0318	0.7315
328	0.9367	0.6631
268	1.0228	0.7223
329	0.9177	0.6424
330	0.9456	0.6776
269	1.0303	0.7307
331	0.9175	0.6445
270	1.0217	0.7222
332	0.9302	0.6579
271	1.0173	0.7165
333	0.9216	0.6491
272	1.0186	0.7231
334	0.9065	0.6357
273	1.0212	0.7221
335	0.9195	0.646
274	1.0179	0.7182
336	0.9342	0.6666
337	0.9079	0.6387
275	1.009	0.7111
338	0.9121	0.644
276	1.0171	0.7181
339	0.9068	0.6373
277	1.0138	0.718
340	0.9151	0.6446
341	0.9011	0.6309
278	1.013	0.7221
342	0.9028	0.6328
279	1.0131	0.7183
343	0.9	0.6271
344	0.8949	0.6231
280	1.0049	0.71
345	0.895	0.6254
281	1.0073	0.7128
346	0.8916	0.6202
282	0.9955	0.7028
347	0.8901	0.6222
283	0.9933	0.7018
348	0.8897	0.6183
284	0.9907	0.6949
349	0.8888	0.6205
350	0.8876	0.6197
285	0.9895	0.6971
286	0.986	0.6917
351	0.8934	0.6214
352	0.8958	0.6311
287	0.9892	0.6961
288	0.9922	0.7
353	0.9198	0.6599
289	0.983	0.6905
354	0.8992	0.6343
290	0.991	0.7019
355	0.9008	0.6354
291	0.9888	0.6968
356	0.8819	0.6135
292	0.9917	0.6994
357	0.8922	0.6279
358	0.89	0.6254
293	0.9944	0.7071
294	0.9836	0.6941
359	0.8843	0.6186
360	0.8833	0.6217
295	0.9822	0.6965
361	0.9035	0.6445
296	0.9812	0.6955
362	0.8849	0.6204
363	0.8977	0.6317
297	1.0124	0.7269
364	0.8825	0.619
298	1.0099	0.7278
365	0.8997	0.6391
299	0.982	0.6957
366	0.8927	0.6283
300	0.9944	0.7097
367	0.8815	0.6171
301	0.9794	0.6934
368	0.8801	0.6171
302	0.9784	0.6895
369	0.8786	0.6126
370	0.8686	0.6032
303	0.9743	0.6837
371	0.8806	0.6173
304	0.9801	0.6927
372	0.8747	0.6135
305	0.9805	0.6964
373	0.9067	0.6414
306	1.0271	0.748
374	0.8662	0.6034
375	0.8782	0.6139
307	0.9807	0.6988
376	0.8663	0.6045
308	0.9605	0.6739
377	0.8711	0.6064
309	0.9699	0.686
378	0.8595	0.5987
379	0.8586	0.6004
310	0.9634	0.6813
380	0.8672	0.6054
311	0.9547	0.6696
381	0.8572	0.5966
312	0.9537	0.669
382	0.8574	0.598
313	0.9671	0.683
383	0.8652	0.6034
314	0.9602	0.6757
384	0.8592	0.5977
385	0.857	0.596
315	0.9535	0.6715
386	0.8564	0.5992
316	0.9569	0.6725
387	0.8495	0.5929
388	0.8821	0.6263
317	0.9947	0.7175
389	0.8465	0.5893
318	1.0072	0.7311
390	0.8673	0.6112
319	0.9626	0.6827
391	0.8524	0.5929
320	0.9575	0.6751
392	0.8502	0.5942
321	0.9751	0.6879
393	0.8455	0.587
322	0.9439	0.6614
394	0.8455	0.5883
323	0.9684	0.6888
395	0.8409	0.5852
324	0.948	0.6679
396	0.8558	0.6006
325	0.9428	0.6603
397	0.842	0.5839
326	0.939	0.6578
398	0.8497	0.5954
327	0.94	0.6601
399	0.8347	0.5767
328	0.9357	0.6553
400	0.8523	0.5942
401	0.8369	0.5813
329	0.9377	0.6567
402	0.8376	0.5812
330	0.9328	0.6555
403	0.8838	0.6253
331	0.9287	0.6503
404	0.8327	0.5794
405	0.8387	0.5807
332	0.9303	0.6553
406	0.8333	0.5768
333	0.9262	0.6474
407	0.8324	0.5743
408	0.8277	0.5711
334	0.9258	0.6488
409	0.8397	0.5839
335	0.9228	0.6456
410	0.8291	0.5742
411	0.8301	0.5746
336	0.9272	0.6546
412	0.8257	0.5698
337	0.9237	0.6464
413	0.8204	0.5646
338	0.9247	0.6511
414	0.8365	0.5837
339	0.9245	0.6468
415	0.8284	0.5705
340	0.923	0.6448
416	0.8257	0.5701
417	0.8231	0.5698
341	0.9227	0.6457
418	0.8208	0.5703
342	0.928	0.6541
419	0.8305	0.582
420	0.8228	0.5739
343	0.9261	0.6497
421	0.8411	0.5926
422	0.8245	0.5752
344	0.933	0.6564
423	0.825	0.5756
345	0.9354	0.6604
424	0.8182	0.5699
346	0.9342	0.6607
425	0.8133	0.5611
426	0.8105	0.5582
347	0.9293	0.6542
427	0.8206	0.5693
348	0.915	0.6408
428	0.8152	0.567
349	0.9132	0.6421
429	0.8216	0.5717
350	0.9081	0.6367
430	0.8167	0.5609
431	0.8133	0.5628
351	0.9138	0.6395
432	0.833	0.5852
352	0.9122	0.6425
433	0.8476	0.6071
353	0.9652	0.7007
434	0.8055	0.5557
435	0.803	0.5526
354	0.9553	0.6927
436	0.8092	0.5618
355	0.9261	0.6518
437	0.8163	0.5675
356	0.916	0.6468
438	0.8048	0.5566
439	0.7996	0.5501
357	0.9054	0.6353
440	0.805	0.5547
358	0.9388	0.6724
441	0.8139	0.5699
359	0.9153	0.6462
442	0.8073	0.5607
360	0.9048	0.6379
443	0.8016	0.5555
361	0.918	0.6501
444	0.7981	0.5519
362	0.9091	0.64
445	0.8097	0.5615
363	0.8962	0.6234
446	0.8104	0.5678
447	0.8021	0.5553
364	0.8987	0.6294
448	0.8158	0.5743
365	0.8931	0.6218
449	0.7962	0.549
366	0.9215	0.6502
450	0.8426	0.6042
367	0.8953	0.6251
451	0.8125	0.571
368	0.9017	0.6369
452	0.7901	0.5455
453	0.7972	0.553
369	0.9092	0.6411
454	0.8027	0.5591
455	0.8042	0.5613
370	0.8996	0.6329
456	0.7921	0.5499
371	0.8872	0.6205
457	0.8209	0.5813
458	0.7962	0.5517
372	0.9143	0.6509
459	0.7983	0.5521
373	0.8862	0.6192
460	0.7921	0.5459
461	0.8212	0.582
374	0.8876	0.6259
462	0.7872	0.5429
375	0.8845	0.6175
463	0.7844	0.5422
376	0.8822	0.6156
464	0.8072	0.5689
377	0.8794	0.6136
465	0.7877	0.5447
378	0.8865	0.622
466	0.8017	0.5605
467	0.8164	0.5726
379	0.8774	0.6117
468	0.7882	0.5481
380	0.8731	0.6087
469	0.7874	0.5472
381	0.8774	0.6154
470	0.7821	0.542
471	0.7857	0.5456
382	0.8842	0.6223
472	0.7936	0.5544
383	0.8749	0.6111
473	0.7841	0.5417
384	0.8824	0.622
474	0.7753	0.5351
385	0.8909	0.6237
475	0.7743	0.532
386	0.8913	0.6304
476	0.7748	0.5329
477	0.8153	0.5714
387	0.8868	0.6209
478	0.8219	0.5845
388	0.9073	0.6406
479	0.7724	0.5354
480	0.7848	0.5531
389	0.874	0.6125
481	0.7686	0.5278
390	0.9009	0.6417
482	0.767	0.5296
391	0.8713	0.6106
483	0.7673	0.5297
392	0.8911	0.6309
484	0.7744	0.5343
393	0.866	0.6042
485	0.7945	0.5625
394	0.8623	0.6009
486	0.7871	0.554
395	0.8749	0.6167
487	0.7895	0.5568
488	0.7659	0.5309
396	0.8627	0.6053
489	0.7852	0.5509
397	0.8771	0.6157
490	0.7684	0.5273
398	0.8861	0.6317
491	0.7613	0.5245
492	0.7657	0.53
399	0.8618	0.5986
493	0.7677	0.5293
400	0.8564	0.6012
494	0.7766	0.5419
401	0.856	0.5939
495	0.7732	0.5362
402	0.8602	0.6055
496	0.7617	0.5243
403	0.865	0.6054
497	0.8166	0.5878
498	0.7803	0.5491
404	0.8535	0.5963
405	0.8899	0.6331
499	0.7567	0.5205
406	0.8957	0.6389
500	0.7538	0.5194
501	0.7532	0.5188
407	0.8615	0.6018
502	0.7571	0.5213
408	0.868	0.6093
409	0.8561	0.5966
503	0.7582	0.5249
410	0.8593	0.6024
504	0.7636	0.5316
411	0.861	0.6069
505	0.759	0.5287
506	0.7642	0.5331
412	0.8592	0.6064
507	0.7486	0.5116
413	0.8533	0.5974
508	0.7514	0.5187
414	0.8581	0.607
509	0.7584	0.5291
510	0.7488	0.5129
415	0.8554	0.6003
511	0.7514	0.5192
416	0.8438	0.5908
512	0.7506	0.5175
513	0.7689	0.5358
417	0.8405	0.5865
514	0.7608	0.5271
418	0.8468	0.5951
515	0.757	0.5238
419	0.8346	0.5816
516	0.7499	0.5189
517	0.7477	0.517
420	0.8353	0.5802
518	0.7461	0.5137
421	0.8494	0.5961
519	0.7405	0.5121
422	0.8306	0.5789
520	0.743	0.5079
423	0.8332	0.5796
521	0.7414	0.5102
522	0.7417	0.5117
424	0.8388	0.5901
523	0.755	0.5318
425	0.8362	0.5814
524	0.7858	0.5616
525	0.7412	0.5128
426	0.8382	0.5871
526	0.7429	0.5131
427	0.8331	0.5784
527	0.7369	0.5072
428	0.8309	0.5817
528	0.739	0.5081
529	0.7446	0.5192
429	0.8421	0.5914
530	0.742	0.5166
430	0.8294	0.577
531	0.7361	0.5089
431	0.8294	0.5757
532	0.7291	0.5022
432	0.8519	0.6023
533	0.7356	0.5086
433	0.8579	0.6074
534	0.7333	0.5072
434	0.8233	0.571
535	0.7341	0.5054
536	0.735	0.507
435	0.8256	0.5746
537	0.735	0.51
436	0.8212	0.5744
538	0.727	0.4979
539	0.733	0.5055
437	0.8192	0.5692
540	0.7513	0.529
438	0.8246	0.5783
439	0.823	0.5751
541	0.7392	0.514
440	0.8249	0.5731
542	0.7249	0.497
441	0.8352	0.5896
543	0.7273	0.4986
544	0.7299	0.5059
442	0.8336	0.5834
545	0.7295	0.5074
443	0.8369	0.5868
546	0.7241	0.4972
444	0.8155	0.5685
547	0.7455	0.5209
445	0.8144	0.564
548	0.7317	0.5103
446	0.824	0.5795
549	0.7311	0.5085
447	0.8281	0.5814
550	0.7252	0.5054
448	0.8146	0.5703
551	0.7231	0.4979
449	0.8092	0.5634
552	0.7229	0.5002
450	0.8118	0.5664
553	0.7328	0.5118
554	0.7568	0.5437
451	0.8139	0.5697
555	0.7403	0.5201
452	0.8101	0.5663
556	0.7194	0.4964
453	0.8168	0.5705
557	0.7272	0.4995
558	0.7214	0.5009
454	0.8022	0.5549
559	0.7315	0.5135
455	0.8118	0.5668
560	0.7535	0.5352
456	0.8061	0.5633
561	0.7358	0.5092
457	0.8085	0.5617
562	0.7131	0.4892
563	0.7408	0.5225
458	0.8156	0.5715
564	0.7127	0.4909
459	0.8028	0.5584
565	0.7309	0.509
566	0.7355	0.5114
460	0.8042	0.558
567	0.7093	0.4852
461	0.8276	0.5887
568	0.7205	0.4949
462	0.8015	0.557
569	0.7169	0.4954
463	0.8004	0.5563
570	0.7085	0.4884
571	0.7114	0.4912
464	0.8078	0.5644
572	0.7498	0.5293
465	0.8077	0.5707
573	0.7363	0.5193
466	0.8264	0.5842
574	0.7071	0.4844
467	0.9105	0.6639
575	0.7286	0.5082
468	0.851	0.6105
576	0.716	0.4985
577	0.7146	0.4949
469	0.8039	0.5644
578	0.7087	0.492
470	0.8141	0.575
579	0.7121	0.4922
471	0.8029	0.5662
580	0.7153	0.4919
472	0.8186	0.5793
581	0.7099	0.4947
473	0.8063	0.5684
582	0.7252	0.5088
583	0.7072	0.4884
474	0.8108	0.5664
584	0.7156	0.4911
585	0.7023	0.484
475	0.8153	0.5749
586	0.708	0.4918
476	0.8491	0.6086
587	0.7043	0.489
477	0.7831	0.5413
588	0.6972	0.4778
589	0.7008	0.4881
478	0.8011	0.5598
590	0.7014	0.486
479	0.7896	0.5497
591	0.6994	0.4805
480	0.7889	0.5494
592	0.6968	0.4791
481	0.7811	0.5388
593	0.7003	0.4841
482	0.7822	0.5433
594	0.6948	0.4793
483	0.7928	0.5542
595	0.7405	0.5293
596	0.752	0.5468
484	0.7816	0.5427
597	0.7131	0.4986
485	0.7779	0.5399
598	0.6984	0.482
486	0.7946	0.556
599	0.7219	0.5089
600	0.7	0.484
487	0.7816	0.5447
601	0.7023	0.4889
488	0.7793	0.5422
602	0.6971	0.4806
489	0.7741	0.5356
603	0.6962	0.4783
604	0.7105	0.4923
490	0.7749	0.5331
605	0.6894	0.4732
491	0.7761	0.5377
606	0.6881	0.4728
492	0.7711	0.5307
607	0.6859	0.4721
608	0.6947	0.4816
493	0.7778	0.5416
609	0.6951	0.4818
494	0.7769	0.5388
610	0.6955	0.4865
611	0.6969	0.4852
495	0.7741	0.5384
612	0.6875	0.4736
496	0.7695	0.532
613	0.6837	0.4707
497	0.7747	0.5369
614	0.687	0.4722
498	0.7732	0.5364
615	0.6858	0.4706
499	0.7711	0.5324
616	0.6871	0.4745
500	0.7684	0.5346
617	0.696	0.4872
501	0.7638	0.5262
618	0.7166	0.5102
619	0.6929	0.4771
502	0.771	0.5347
620	0.6897	0.4748
503	0.7841	0.5473
621	0.6993	0.4832
504	0.8155	0.5821
622	0.6949	0.4827
505	0.7648	0.5309
623	0.6883	0.4786
624	0.682	0.4706
506	0.7656	0.5291
625	0.6855	0.4756
507	0.7596	0.5253
626	0.6876	0.4754
508	0.7771	0.5428
627	0.6887	0.4739
509	0.7683	0.5372
628	0.7017	0.4944
510	0.7712	0.5376
629	0.7022	0.4898
511	0.7648	0.531
630	0.6805	0.4711
631	0.695	0.4879
512	0.7651	0.5316
632	0.6773	0.4634
513	0.7758	0.5415
633	0.6936	0.4846
514	0.8081	0.5769
634	0.6971	0.4894
635	0.6914	0.4785
515	0.764	0.5266
636	0.6945	0.4862
516	0.7589	0.5241
637	0.6856	0.4769
517	0.7581	0.5243
638	0.6771	0.4663
639	0.6772	0.4656
518	0.7546	0.5227
640	0.6804	0.4718
519	0.7833	0.5533
641	0.6756	0.4651
520	0.7687	0.5345
642	0.6828	0.4758
643	0.6957	0.4882
521	0.7612	0.5298
644	0.6956	0.484
522	0.7594	0.5253
645	0.6701	0.4603
646	0.683	0.4757
523	0.7683	0.54
647	0.7093	0.5013
524	0.7915	0.5589
648	0.6917	0.4912
525	0.7605	0.5319
649	0.6707	0.4642
650	0.6717	0.4643
526	0.7572	0.5259
651	0.6654	0.457
527	0.7517	0.5205
652	0.6632	0.4546
528	0.7611	0.5314
653	0.6828	0.4774
654	0.6693	0.4615
529	0.7518	0.5232
655	0.6648	0.4565
530	0.7487	0.5186
656	0.6587	0.451
531	0.7466	0.5156
657	0.6675	0.4606
532	0.7464	0.5142
658	0.6894	0.486
533	0.7648	0.5368
659	0.6741	0.4663
534	0.7625	0.535
660	0.6774	0.4747
535	0.745	0.5102
661	0.6644	0.4595
536	0.7478	0.5179
662	0.6707	0.4635
663	0.6614	0.4576
537	0.7407	0.5087
664	0.6581	0.4533
538	0.7423	0.5139
665	0.6602	0.4523
539	0.7406	0.5075
666	0.6913	0.4918
540	0.7407	0.5139
667	0.6603	0.4535
668	0.6661	0.4612
541	0.7444	0.5179
669	0.6645	0.4599
542	0.7381	0.5058
670	0.6651	0.4579
543	0.7408	0.5117
671	0.6625	0.4591
544	0.7373	0.5076
672	0.6637	0.4578
545	0.773	0.5506
673	0.6641	0.4561
546	0.7451	0.5141
674	0.6583	0.4519
547	0.7501	0.5198
675	0.6677	0.4645
676	0.6612	0.462
548	0.7385	0.5065
677	0.6671	0.463
549	0.7398	0.511
678	0.6627	0.4586
550	0.738	0.5128
679	0.6571	0.4524
680	0.6541	0.4499
551	0.7366	0.5068
681	0.6498	0.444
552	0.7332	0.5041
682	0.6533	0.4509
683	0.6631	0.4586
553	0.7432	0.51
684	0.6689	0.4652
554	0.765	0.5449
685	0.6776	0.4769
555	0.7529	0.5278
686	0.666	0.4602
556	0.7477	0.5237
687	0.6699	0.4686
557	0.7442	0.5159
688	0.7013	0.5032
558	0.7409	0.5164
689	0.6972	0.498
559	0.7839	0.5631
690	0.6547	0.4503
691	0.6716	0.4665
560	0.8045	0.5849
692	0.6724	0.4673
561	0.7584	0.5308
693	0.6639	0.4612
562	0.7337	0.5053
694	0.6515	0.4459
563	0.7833	0.5557
695	0.6496	0.4464
564	0.7392	0.512
696	0.6555	0.4542
565	0.7778	0.5579
697	0.6472	0.445
566	0.7341	0.5085
698	0.6497	0.4475
567	0.7428	0.515
699	0.6632	0.4635
568	0.7313	0.5028
700	0.6437	0.4416
701	0.6467	0.446
569	0.7361	0.5071
702	0.6529	0.4517
570	0.7287	0.5006
703	0.6395	0.4407
571	0.728	0.5021
704	0.6483	0.4463
572	0.7425	0.5172
705	0.645	0.4447
706	0.6442	0.442
573	0.7239	0.5012
707	0.6453	0.4455
574	0.7311	0.5059
708	0.6499	0.4517
575	0.7325	0.5101
709	0.6529	0.4528
576	0.725	0.5009
710	0.6385	0.4385
577	0.7216	0.4993
711	0.649	0.4508
578	0.7325	0.5089
712	0.6353	0.4345
713	0.6429	0.441
579	0.7219	0.4963
580	0.7173	0.4957
714	0.6342	0.4343
581	0.7168	0.493
715	0.6389	0.4409
716	0.648	0.4538
582	0.7269	0.5052
717	0.6423	0.4432
583	0.7188	0.4918
718	0.6365	0.4393
584	0.7196	0.4953
719	0.6548	0.4577
585	0.7308	0.5057
720	0.7136	0.5225
721	0.656	0.4621
586	0.7288	0.5045
722	0.643	0.4434
587	0.7216	0.4994
723	0.6436	0.4474
588	0.7174	0.491
724	0.638	0.4374
589	0.7112	0.4882
725	0.632	0.4337
590	0.7185	0.4978
726	0.635	0.4374
591	0.7208	0.4977
727	0.6343	0.4362
728	0.6695	0.4675
592	0.7173	0.4963
729	0.6435	0.4424
593	0.7153	0.4933
730	0.6323	0.435
594	0.7202	0.4991
731	0.6548	0.4584
732	0.6673	0.4747
595	0.7245	0.506
733	0.6585	0.4666
596	0.7243	0.503
734	0.6411	0.4461
597	0.7161	0.4943
735	0.6288	0.4317
736	0.6255	0.4299
598	0.7176	0.4934
737	0.6303	0.4328
599	0.7159	0.4979
738	0.6298	0.4331
600	0.7153	0.493
739	0.6283	0.4316
601	0.7154	0.4945
740	0.6304	0.4354
602	0.716	0.4947
741	0.6485	0.457
603	0.7078	0.4879
742	0.643	0.4513
604	0.7316	0.5139
743	0.6318	0.4409
744	0.6343	0.4423
605	0.7174	0.4966
745	0.6709	0.4763
606	0.7249	0.5058
746	0.6494	0.4563
607	0.7053	0.4818
747	0.6307	0.4358
608	0.7166	0.4956
748	0.6277	0.4353
749	0.6333	0.4434
609	0.7123	0.4902
750	0.626	0.4344
610	0.715	0.4971
751	0.6326	0.4412
752	0.6428	0.4527
611	0.7013	0.4814
753	0.652	0.4615
612	0.7046	0.4822
754	0.6319	0.4413
613	0.729	0.5126
755	0.6612	0.471
614	0.8031	0.5888
756	0.6516	0.462
615	0.739	0.5172
757	0.6222	0.4297
758	0.614	0.4218
616	0.7141	0.4947
617	0.7073	0.4905
759	0.6193	0.4233
760	0.6164	0.4246
618	0.7192	0.5031
761	0.6115	0.4202
619	0.7062	0.4873
762	0.6171	0.4235
620	0.6986	0.4816
763	0.6268	0.4382
621	0.7025	0.4831
764	0.6163	0.4265
622	0.7289	0.5069
765	0.6172	0.4274
766	0.6158	0.4213
623	0.7117	0.4925
767	0.6136	0.4229
624	0.715	0.497
768	0.6223	0.4321
625	0.7066	0.4873
769	0.617	0.4282
770	0.612	0.4216
626	0.7184	0.4977
771	0.6133	0.4215
627	0.7189	0.4967
772	0.6156	0.4252
628	0.6952	0.4776
773	0.6098	0.4188
629	0.7087	0.4892
774	0.6122	0.4231
775	0.6204	0.4291
630	0.6949	0.4771
776	0.619	0.431
631	0.7136	0.5006
777	0.6089	0.4207
632	0.6903	0.4712
778	0.6096	0.4197
633	0.69	0.4728
779	0.6074	0.4166
634	0.6911	0.4755
780	0.6078	0.4179
781	0.6078	0.4213
635	0.692	0.4723
782	0.606	0.4167
636	0.7083	0.4904
783	0.6106	0.4204
637	0.6909	0.4719
784	0.6034	0.4132
638	0.6968	0.4817
785	0.6173	0.4316
639	0.6871	0.4675
786	0.603	0.4155
640	0.7046	0.4914
787	0.6124	0.4236
788	0.6051	0.4179
641	0.7236	0.5124
789	0.6064	0.4179
642	0.7202	0.5049
790	0.6169	0.4272
643	0.6943	0.4776
791	0.6122	0.4216
644	0.6957	0.4773
792	0.6205	0.4372
793	0.6198	0.4356
645	0.687	0.4701
794	0.6209	0.4401
646	0.6909	0.4755
795	0.6055	0.4185
647	0.6855	0.4708
796	0.6167	0.4281
648	0.7093	0.4981
797	0.6026	0.4172
798	0.5999	0.4148
649	0.6842	0.4711
799	0.618	0.4334
650	0.6974	0.4843
800	0.6163	0.4331
651	0.6775	0.4616
801	0.6208	0.4389
652	0.6923	0.4779
802	0.6094	0.4259
653	0.7239	0.513
803	0.6156	0.4292
804	0.6094	0.421
654	0.7176	0.5057
805	0.6018	0.4166
655	0.6986	0.4819
806	0.6013	0.4184
656	0.6884	0.4716
807	0.5994	0.4127
657	0.6883	0.4731
808	0.6199	0.4338
658	0.68	0.4665
809	0.5965	0.41
659	0.6853	0.4714
810	0.6024	0.4177
660	0.678	0.4643
811	0.6084	0.4235
661	0.6876	0.4767
812	0.5992	0.416
813	0.6003	0.4171
662	0.6892	0.475
814	0.6012	0.4185
663	0.6909	0.4792
815	0.6046	0.4227
664	0.6796	0.4653
816	0.5948	0.4111
817	0.5908	0.4058
665	0.6882	0.4743
818	0.5954	0.4098
666	0.6878	0.4774
819	0.5927	0.4084
667	0.68	0.4639
820	0.5953	0.4101
668	0.6878	0.4688
821	0.5882	0.4043
822	0.592	0.4098
669	0.6713	0.4566
823	0.5968	0.4121
670	0.693	0.4844
824	0.5999	0.4173
671	0.6762	0.4661
825	0.6061	0.4255
672	0.6765	0.4616
826	0.5982	0.4136
673	0.6818	0.4695
827	0.5918	0.409
674	0.6831	0.4677
828	0.5942	0.4108
829	0.611	0.4274
675	0.6784	0.463
830	0.5945	0.4139
676	0.6688	0.4542
831	0.6021	0.4191
677	0.687	0.4722
832	0.586	0.4026
833	0.5913	0.4068
678	0.6777	0.4678
834	0.5868	0.407
679	0.6723	0.4593
835	0.5888	0.4067
680	0.6723	0.4618
836	0.5835	0.4012
681	0.6689	0.4572
837	0.6038	0.4233
682	0.6709	0.4612
838	0.5921	0.4139
683	0.6762	0.4669
839	0.5859	0.4023
840	0.6064	0.4321
684	0.6808	0.4728
685	0.7055	0.501
841	0.5836	0.3999
842	0.5876	0.4076
686	0.6842	0.4739
843	0.5934	0.4106
687	0.674	0.4606
844	0.5937	0.417
688	0.6673	0.4536
845	0.5944	0.4166
689	0.6829	0.4717
846	0.6214	0.4483
690	0.6781	0.466
847	0.6039	0.4224
691	0.6785	0.47
848	0.5823	0.4019
692	0.6837	0.4726
849	0.5815	0.3992
693	0.6786	0.4655
850	0.5892	0.4091
851	0.5828	0.402
694	0.6731	0.4625
852	0.5909	0.4126
695	0.6733	0.4617
853	0.5842	0.4058
696	0.6961	0.4885
854	0.6	0.4217
697	0.6897	0.4804
855	0.594	0.4178
856	0.581	0.4026
698	0.6682	0.4582
857	0.591	0.4139
699	0.678	0.4699
858	0.5788	0.4012
700	0.6631	0.4503
859	0.5813	0.402
860	0.5768	0.3964
701	0.662	0.4523
861	0.5809	0.4022
702	0.6653	0.4535
862	0.5965	0.4168
703	0.6638	0.457
863	0.5968	0.4203
704	0.6705	0.4598
864	0.5796	0.3984
865	0.583	0.4047
705	0.7057	0.4956
866	0.5835	0.4056
706	0.734	0.5269
867	0.5951	0.4171
707	0.6896	0.4803
868	0.602	0.4249
869	0.5952	0.4162
708	0.6867	0.4786
870	0.601	0.4225
709	0.6855	0.4793
871	0.6022	0.4255
710	0.6616	0.4509
872	0.6097	0.4318
873	0.5964	0.4189
711	0.6782	0.4713
874	0.6014	0.4253
712	0.6664	0.4569
875	0.5793	0.4011
713	0.6603	0.4499
876	0.5717	0.393
714	0.6598	0.4495
877	0.5775	0.401
715	0.657	0.4459
878	0.5681	0.3887
716	0.661	0.452
879	0.5783	0.4006
717	0.6565	0.448
880	0.5817	0.4024
718	0.6592	0.4522
881	0.5766	0.3985
719	0.6629	0.458
882	0.5812	0.4015
720	0.7159	0.5155
883	0.5803	0.4038
884	0.5829	0.405
721	0.6794	0.4751
885	0.5839	0.4098
722	0.6644	0.4577
886	0.5717	0.3938
723	0.6556	0.4498
887	0.5768	0.4028
724	0.664	0.4531
888	0.5797	0.4045
725	0.6576	0.4521
889	0.5733	0.3961
890	0.5729	0.3944
726	0.6617	0.4533
727	0.6511	0.4412
891	0.5871	0.409
728	0.6702	0.4597
892	0.5869	0.4134
893	0.5893	0.4131
729	0.6543	0.4423
894	0.571	0.3943
730	0.6555	0.4462
895	0.5668	0.3904
896	0.5675	0.3924
731	0.6571	0.4513
897	0.5828	0.4131
732	0.6515	0.4455
898	0.5817	0.4103
733	0.6479	0.4448
899	0.5698	0.3931
734	0.6569	0.4511
900	0.5701	0.3946
901	0.5646	0.3882
735	0.659	0.4569
902	0.5738	0.4031
736	0.6429	0.436
903	0.5967	0.426
737	0.6468	0.4401
904	0.5612	0.3865
738	0.6555	0.4488
905	0.5679	0.393
906	0.5794	0.4059
739	0.6532	0.4488
907	0.5727	0.3969
740	0.6602	0.4545
908	0.5745	0.4026
909	0.5753	0.4029
741	0.656	0.4488
910	0.5663	0.3916
742	0.672	0.4686
911	0.5917	0.4171
743	0.6575	0.4551
912	0.5767	0.4028
913	0.564	0.393
744	0.649	0.447
914	0.5641	0.3912
745	0.6567	0.451
915	0.6003	0.434
746	0.6385	0.4321
916	0.5572	0.3822
747	0.6499	0.444
917	0.5727	0.4059
918	0.5563	0.3817
748	0.6393	0.4338
919	0.5717	0.3991
749	0.6515	0.4474
920	0.5579	0.3846
750	0.6535	0.4532
921	0.5567	0.3842
922	0.5734	0.4045
751	0.6996	0.5053
923	0.5581	0.3867
752	0.7123	0.5156
924	0.5609	0.3872
753	0.7095	0.513
925	0.5688	0.3975
754	0.6392	0.4371
926	0.5563	0.3833
927	0.5727	0.406
755	0.6489	0.4451
928	0.5692	0.3992
756	0.6444	0.4445
929	0.5725	0.4021
757	0.6365	0.4333
930	0.5708	0.3972
758	0.6346	0.4313
931	0.5909	0.4209
759	0.6313	0.4272
932	0.5916	0.4208
760	0.6368	0.4321
933	0.5555	0.3841
761	0.638	0.4322
934	0.5636	0.3945
935	0.5551	0.3849
762	0.6426	0.4375
936	0.5597	0.3863
763	0.652	0.4516
937	0.5526	0.3813
764	0.6478	0.4474
938	0.5534	0.3818
765	0.6365	0.436
939	0.5502	0.3792
766	0.6364	0.4329
940	0.557	0.385
767	0.6362	0.4341
941	0.5546	0.3872
768	0.6306	0.4282
942	0.566	0.3947
769	0.6429	0.4457
943	0.5543	0.383
770	0.634	0.4319
944	0.5641	0.3977
945	0.5685	0.4014
771	0.6322	0.4302
946	0.5536	0.3837
772	0.6393	0.437
947	0.5549	0.3856
948	0.5519	0.3857
773	0.6318	0.4318
949	0.5525	0.3816
774	0.6631	0.4683
950	0.5478	0.3787
775	0.6239	0.4225
951	0.5506	0.3793
952	0.5564	0.3898
776	0.6348	0.4339
953	0.5575	0.3892
777	0.6271	0.4274
954	0.5668	0.3991
778	0.626	0.425
955	0.5481	0.3767
779	0.6373	0.4371
956	0.5471	0.3776
780	0.6285	0.4281
957	0.5755	0.4115
781	0.6445	0.4483
958	0.5662	0.3994
782	0.6441	0.4473
959	0.5545	0.3836
783	0.6268	0.429
960	0.5875	0.4243
961	0.5555	0.387
784	0.631	0.4314
962	0.5732	0.405
785	0.6285	0.4277
963	0.5609	0.3905
786	0.6261	0.4238
964	0.5528	0.3841
787	0.652	0.4576
965	0.5567	0.3888
966	0.564	0.3993
788	0.6559	0.4608
967	0.5613	0.3952
789	0.6669	0.4755
968	0.5507	0.3815
790	0.6839	0.489
969	0.5425	0.3739
791	0.6547	0.4597
970	0.5429	0.3779
792	0.6395	0.4438
971	0.5469	0.3805
793	0.6305	0.434
972	0.5476	0.3803
973	0.5607	0.3919
794	0.6343	0.4409
974	0.5414	0.3741
795	0.6219	0.4223
975	0.541	0.3722
976	0.5525	0.3847
796	0.6203	0.4231
797	0.6201	0.4188
977	0.5475	0.3796
798	0.6244	0.4286
978	0.5428	0.3748
799	0.6225	0.4258
979	0.547	0.3821
980	0.5465	0.3824
800	0.6204	0.4253
981	0.5544	0.3915
801	0.6224	0.4279
982	0.5663	0.4046
802	0.6263	0.4323
983	0.5609	0.3978
803	0.6164	0.4164
984	0.5437	0.3765
985	0.5456	0.3778
804	0.6557	0.4584
986	0.5403	0.3729
805	0.6382	0.4392
987	0.5445	0.38
806	0.6219	0.4254
988	0.54	0.3759
807	0.6166	0.417
989	0.5502	0.3882
808	0.6425	0.4478
990	0.555	0.3926
991	0.5455	0.3783
809	0.6274	0.4279
810	0.6565	0.4596
992	0.5474	0.382
811	0.6235	0.4236
993	0.5348	0.3683
812	0.6181	0.4236
994	0.5453	0.3779
813	0.6167	0.4208
995	0.5426	0.3796
996	0.5325	0.3685
814	0.6273	0.4307
997	0.5672	0.4017
815	0.6121	0.4136
998	0.5444	0.379
999	0.5374	0.3706
816	0.6224	0.4274
1000	0.5428	0.3764
817	0.6196	0.4265
1001	0.5418	0.3755
818	0.6423	0.4481
1002	0.5768	0.4118
819	0.6443	0.4533
1003	0.5514	0.3887
820	0.6153	0.416
1004	0.5505	0.3864
1005	0.5371	0.3713
821	0.6107	0.4133
822	0.6159	0.421
1006	0.537	0.3721
823	0.6218	0.4264
1007	0.5377	0.3722
824	0.632	0.4381
1008	0.5348	0.3708
1009	0.5581	0.3941
825	0.6312	0.4398
1010	0.5558	0.3911
826	0.6193	0.4225
1011	0.5608	0.3972
827	0.6135	0.414
1012	0.5574	0.3909
828	0.6141	0.4189
1013	0.5424	0.3804
829	0.6247	0.4303
1014	0.5394	0.3754
1015	0.5406	0.378
830	0.6149	0.4224
1016	0.5502	0.3868
831	0.6095	0.4134
1017	0.5559	0.3948
832	0.607	0.4102
1018	0.5287	0.3648
833	0.6112	0.4121
1019	0.5381	0.3763
834	0.6081	0.4144
1020	0.538	0.3774
835	0.608	0.4131
1021	0.5532	0.3951
1022	0.5303	0.3703
836	0.6155	0.4257
1023	0.53	0.3665
837	0.6237	0.4326
1024	0.5362	0.3739
838	0.6214	0.4285
1025	0.544	0.3814
1026	0.5392	0.3754
839	0.6203	0.4257
1027	0.5515	0.3888
840	0.6407	0.455
1028	0.5472	0.3828
841	0.612	0.4208
1029	0.542	0.3807
842	0.6406	0.4534
1030	0.5418	0.3781
843	0.6137	0.4198
1031	0.5316	0.3665
1032	0.5355	0.374
844	0.6244	0.4335
1033	0.546	0.3833
845	0.6101	0.4162
1034	0.5231	0.36
846	0.6116	0.4186
1035	0.5342	0.3703
1036	0.5315	0.3712
847	0.6224	0.4318
1037	0.538	0.3794
848	0.614	0.4195
1038	0.5279	0.3668
849	0.6311	0.4466
1039	0.5456	0.3861
850	0.6095	0.4181
1040	0.5523	0.3941
851	0.6144	0.4227
1041	0.5428	0.3854
852	0.6291	0.4442
1042	0.5219	0.3588
853	0.6181	0.4269
1043	0.5287	0.3658
854	0.622	0.4329
1044	0.5384	0.3801
1045	0.5233	0.3609
855	0.6502	0.4617
1046	0.5384	0.374
856	0.6169	0.4241
1047	0.5342	0.3708
1048	0.5358	0.3732
857	0.6277	0.4381
1049	0.5368	0.3785
858	0.6418	0.4556
1050	0.5323	0.3705
859	0.6066	0.4107
1051	0.5242	0.3638
860	0.6019	0.4065
1052	0.5225	0.3594
861	0.6144	0.4226
1053	0.5188	0.3587
862	0.6078	0.4141
1054	0.5168	0.3547
1055	0.5394	0.381
863	0.612	0.4205
1056	0.5406	0.3823
864	0.6014	0.4078
1057	0.5394	0.3788
865	0.5974	0.4081
1058	0.5271	0.3671
866	0.6052	0.4203
1059	0.5149	0.3549
867	0.5998	0.4094
1060	0.5272	0.3682
868	0.6003	0.4119
1061	0.5209	0.363
869	0.599	0.406
1062	0.5134	0.3544
870	0.5913	0.4007
1063	0.5199	0.3603
1064	0.5224	0.3629
871	0.6012	0.4107
1065	0.5259	0.3669
872	0.5988	0.4095
1066	0.5281	0.3688
873	0.5997	0.4118
1067	0.5233	0.3628
874	0.6006	0.4102
1068	0.5271	0.3677
875	0.6178	0.4313
1069	0.5418	0.3833
876	0.616	0.4326
1070	0.5199	0.3582
877	0.6024	0.4145
1071	0.5249	0.3654
878	0.6044	0.4152
1072	0.5168	0.3573
1073	0.5246	0.366
879	0.5928	0.4063
1074	0.5272	0.3671
880	0.5997	0.4111
1075	0.5204	0.3622
881	0.5924	0.4025
1076	0.5219	0.3619
1077	0.5171	0.3587
882	0.6128	0.4239
1078	0.5324	0.3741
883	0.6118	0.4268
1079	0.5093	0.3501
1080	0.5162	0.3588
884	0.6118	0.429
1081	0.5207	0.3623
885	0.6034	0.4179
1082	0.5233	0.3616
886	0.5947	0.405
1083	0.5159	0.3582
887	0.6067	0.4261
1084	0.5202	0.3649
888	0.6027	0.4136
1085	0.5532	0.3942
1086	0.5324	0.3749
889	0.5885	0.4006
1087	0.5128	0.3549
890	0.591	0.4006
1088	0.514	0.3553
891	0.5852	0.3979
1089	0.524	0.3675
1090	0.5206	0.364
892	0.5868	0.3973
1091	0.5679	0.4185
893	0.5943	0.4058
1092	0.5114	0.3539
894	0.6272	0.4437
1093	0.5077	0.3513
1094	0.5279	0.3739
895	0.5896	0.4008
1095	0.5258	0.368
896	0.5966	0.4069
1096	0.5103	0.3522
897	0.5811	0.3906
1097	0.5124	0.3526
898	0.5914	0.4061
1098	0.519	0.3641
1099	0.5153	0.3549
899	0.5999	0.415
1100	0.5155	0.3577
900	0.5854	0.3979
1101	0.5352	0.378
901	0.5821	0.3952
1102	0.5413	0.3858
902	0.5969	0.4119
1103	0.532	0.375
903	0.5835	0.3963
1104	0.531	0.375
904	0.59	0.4056
1105	0.5351	0.3799
905	0.5817	0.3945
1106	0.5406	0.383
1107	0.5481	0.3936
906	0.5861	0.396
1108	0.5258	0.3705
907	0.6044	0.4187
1109	0.5161	0.3598
908	0.5854	0.4004
1110	0.5123	0.3574
1111	0.5172	0.3598
909	0.6107	0.4314
1112	0.5081	0.3511
910	0.5884	0.3994
1113	0.5335	0.3804
911	0.5932	0.4068
1114	0.5523	0.4054
912	0.5871	0.4003
1115	0.5086	0.3527
1116	0.5228	0.3703
913	0.5962	0.4108
1117	0.531	0.3784
914	0.5862	0.4008
1118	0.5452	0.3931
1119	0.5012	0.3449
915	0.5791	0.3929
1120	0.5052	0.3517
916	0.581	0.3942
1121	0.5093	0.3521
917	0.5906	0.4069
1122	0.5087	0.352
1123	0.5102	0.3539
918	0.5791	0.3905
1124	0.5005	0.3441
919	0.593	0.4068
1125	0.5133	0.357
1126	0.5105	0.3564
920	0.5942	0.4076
1127	0.551	0.4
921	0.5846	0.3968
1128	0.5249	0.3714
922	0.5847	0.4038
1129	0.5196	0.3661
923	0.582	0.3998
1130	0.4979	0.3429
1131	0.5068	0.3504
924	0.5836	0.4007
1132	0.502	0.3485
925	0.5809	0.3956
1133	0.5116	0.3575
1134	0.4988	0.3445
926	0.5759	0.3897
1135	0.5189	0.3626
927	0.582	0.3957
1136	0.5143	0.3609
928	0.5829	0.398
1137	0.5238	0.3735
929	0.604	0.4242
1138	0.5305	0.3788
1139	0.5158	0.3632
930	0.5745	0.3897
931	0.6088	0.4274
1140	0.5455	0.395
1141	0.5757	0.4299
932	0.5739	0.3887
1142	0.5672	0.4227
933	0.6395	0.4657
1143	0.5336	0.3844
934	0.598	0.4136
1144	0.5023	0.3492
935	0.5815	0.3966
1145	0.5176	0.366
1146	0.5011	0.3487
936	0.5843	0.3978
1147	0.5076	0.3514
937	0.5776	0.3914
1148	0.5083	0.354
938	0.5735	0.3907
939	0.5789	0.3972
1149	0.519	0.3689
1150	0.496	0.3408
940	0.5736	0.3884
1151	0.5042	0.3518
941	0.5781	0.396
1152	0.501	0.3492
942	0.5758	0.3917
1153	0.5002	0.3474
943	0.5714	0.3877
1154	0.4972	0.3453
1155	0.4958	0.3419
944	0.5803	0.3977
1156	0.499	0.3466
945	0.585	0.4005
1157	0.4971	0.3456
946	0.5821	0.4039
1158	0.5048	0.3521
947	0.5697	0.3861
1159	0.5003	0.3466
1160	0.4956	0.341
948	0.5688	0.3861
1161	0.4995	0.3463
949	0.5715	0.3875
1162	0.4939	0.3394
950	0.5734	0.3893
1163	0.5041	0.3557
951	0.5675	0.3823
1164	0.5048	0.3523
1165	0.4984	0.3453
952	0.59	0.4108
1166	0.4887	0.3374
953	0.5771	0.3945
1167	0.494	0.3397
954	0.5735	0.3913
1168	0.4965	0.3442
1169	0.4947	0.3428
955	0.576	0.391
1170	0.498	0.3456
956	0.563	0.3817
1171	0.4943	0.3421
957	0.5699	0.3899
1172	0.5058	0.3578
958	0.5762	0.3953
1173	0.4953	0.3449
1174	0.4926	0.3402
959	0.5758	0.3936
1175	0.4924	0.3405
960	0.6127	0.4402
1176	0.504	0.3528
1177	0.5135	0.3639
961	0.5885	0.4128
1178	0.5079	0.3534
962	0.5898	0.4094
1179	0.4975	0.3485
963	0.5814	0.3969
1180	0.4973	0.3434
1181	0.4875	0.3357
964	0.5742	0.3898
1182	0.4886	0.3379
965	0.5644	0.3831
1183	0.5193	0.3754
966	0.5802	0.4025
1184	0.5098	0.3617
967	0.57	0.3928
1185	0.5004	0.3524
1186	0.4951	0.3449
968	0.5685	0.3879
1187	0.5019	0.3516
969	0.5686	0.3859
1188	0.4935	0.3438
970	0.56	0.3799
1189	0.4936	0.3436
971	0.5695	0.3893
1190	0.4898	0.3374
972	0.5651	0.3838
1191	0.4912	0.34
973	0.5695	0.3855
1192	0.5018	0.3536
974	0.5634	0.3856
1193	0.4937	0.3467
975	0.5722	0.39
1194	0.4961	0.3469
1195	0.4827	0.3338
976	0.5664	0.3841
1196	0.4902	0.3396
977	0.6133	0.4365
1197	0.4901	0.3409
978	0.5757	0.3911
1198	0.5064	0.3553
979	0.591	0.4116
1199	0.5226	0.3789
1200	0.4954	0.3458
980	0.5628	0.3825
1201	0.487	0.3391
981	0.5935	0.4189
1202	0.5051	0.3571
982	0.5652	0.3902
1203	0.4904	0.3395
1204	0.5014	0.3488
983	0.564	0.385
1205	0.4963	0.3469
984	0.5884	0.4121
1206	0.4898	0.3422
985	0.5829	0.4028
1207	0.4981	0.349
1208	0.4866	0.3392
986	0.6005	0.4234
1209	0.4849	0.3351
987	0.5794	0.4062
1210	0.4908	0.3422
1211	0.5007	0.3564
988	0.5736	0.3986
989	0.5697	0.3895
1212	0.4848	0.3355
990	0.5886	0.4127
1213	0.4943	0.3456
991	0.5912	0.4121
1214	0.4869	0.3369
1215	0.4921	0.3449
992	0.5876	0.4103
1216	0.483	0.3347
993	0.5748	0.3961
1217	0.4959	0.3518
1218	0.4883	0.3414
994	0.5983	0.422
1219	0.4923	0.3437
995	0.6054	0.4363
1220	0.4873	0.3375
996	0.5815	0.4049
1221	0.4911	0.3416
997	0.5585	0.3796
1222	0.5066	0.3602
1223	0.4925	0.346
998	0.5525	0.3725
1224	0.5038	0.3581
999	0.5557	0.3755
1225	0.486	0.3383
1000	0.5582	0.3788
1226	0.4917	0.3463
1001	0.553	0.3749
1227	0.5074	0.3613
1002	0.5564	0.3765
1228	0.4798	0.3307
1003	0.5574	0.3754
1229	0.4911	0.3439
1230	0.4763	0.3279
1004	0.5651	0.3873
1231	0.4995	0.3522
1005	0.5617	0.3834
1232	0.4811	0.3338
1006	0.5886	0.413
1233	0.4812	0.3327
1234	0.5091	0.3637
1007	0.5686	0.388
1235	0.4924	0.3461
1008	0.5698	0.3902
1236	0.5032	0.3563
1009	0.5855	0.4091
1237	0.4758	0.3281
1010	0.5554	0.3756
1238	0.4924	0.3441
1011	0.5616	0.3844
1239	0.4788	0.3321
1012	0.5565	0.3774
1240	0.48	0.3328
1013	0.5698	0.3918
1241	0.4831	0.3349
1014	0.587	0.4114
1242	0.4881	0.3434
1015	0.5549	0.3754
1243	0.4899	0.3451
1016	0.5501	0.3726
1017	0.5586	0.3811
1244	0.4967	0.3529
1018	0.5569	0.3815
1245	0.4964	0.3499
1019	0.563	0.3876
1246	0.49	0.3455
1247	0.476	0.3301
1020	0.5506	0.3754
1248	0.4889	0.3417
1021	0.5527	0.3767
1249	0.4736	0.3275
1022	0.5495	0.3715
1250	0.4782	0.3319
1023	0.5464	0.3717
1251	0.4977	0.3514
1024	0.5495	0.3723
1252	0.4863	0.3384
1025	0.555	0.3753
1253	0.4809	0.3353
1026	0.5479	0.3701
1254	0.4843	0.3373
1027	0.5543	0.3771
1255	0.4877	0.3408
1256	0.5057	0.3631
1028	0.5435	0.3633
1257	0.4997	0.3564
1029	0.5523	0.3772
1258	0.4902	0.3466
1259	0.4929	0.3457
1030	0.5488	0.3724
1260	0.4889	0.3477
1031	0.5483	0.368
1261	0.4787	0.3321
1032	0.5479	0.3695
1262	0.5199	0.3816
1263	0.504	0.3653
1033	0.5648	0.3889
1264	0.4867	0.3409
1034	0.5428	0.3661
1265	0.4795	0.3345
1035	0.5544	0.3764
1266	0.4737	0.3268
1267	0.4946	0.3511
1036	0.5541	0.3799
1268	0.4937	0.3471
1037	0.5684	0.3954
1269	0.4679	0.3213
1270	0.4803	0.3354
1038	0.5681	0.3965
1271	0.472	0.3267
1039	0.5631	0.3894
1272	0.4727	0.329
1040	0.5489	0.3709
1273	0.4876	0.3466
1041	0.5478	0.3716
1274	0.4809	0.3363
1275	0.4791	0.3342
1042	0.5863	0.4103
1276	0.4926	0.3532
1277	0.4669	0.323
1043	0.5581	0.3812
1278	0.4693	0.3235
1044	0.5511	0.3762
1279	0.4722	0.3275
1045	0.5633	0.3886
1280	0.4665	0.3225
1281	0.4723	0.3273
1046	0.5737	0.4016
1282	0.4739	0.3274
1047	0.5608	0.3806
1283	0.477	0.3339
1048	0.5525	0.3747
1284	0.4682	0.3223
1049	0.5473	0.3714
1285	0.4687	0.3231
1286	0.4755	0.3294
1050	0.5462	0.3718
1287	0.4721	0.3307
1051	0.5434	0.3669
1288	0.4733	0.3303
1052	0.544	0.3695
1289	0.4777	0.3327
1053	0.5465	0.3746
1290	0.4705	0.3254
1291	0.4716	0.328
1054	0.5392	0.363
1292	0.4772	0.3349
1055	0.5501	0.3763
1293	0.4623	0.318
1056	0.544	0.3708
1294	0.5162	0.3762
1295	0.4916	0.3492
1057	0.5401	0.3646
1296	0.4733	0.3326
1058	0.5579	0.3841
1297	0.4896	0.3491
1298	0.4792	0.3352
1059	0.5543	0.3794
1299	0.5009	0.3591
1060	0.5443	0.3705
1300	0.4713	0.3289
1061	0.5376	0.3645
1301	0.477	0.3347
1062	0.5394	0.3661
1302	0.546	0.4124
1303	0.5443	0.4089
1063	0.5767	0.4041
1304	0.5313	0.3969
1064	0.5353	0.3606
1305	0.4818	0.3402
1065	0.5485	0.3788
1306	0.4661	0.3233
1066	0.5675	0.4004
1307	0.4673	0.3234
1067	0.5529	0.3791
1308	0.4732	0.3332
1309	0.4666	0.3243
1068	0.5415	0.3652
1310	0.4711	0.3264
1069	0.5769	0.4054
1311	0.4752	0.333
1070	0.5568	0.3812
1312	0.4694	0.327
1313	0.4692	0.3267
1071	0.5897	0.419
1314	0.4651	0.3221
1072	0.5382	0.3621
1315	0.4703	0.3284
1073	0.5425	0.3667
1316	0.477	0.3349
1074	0.5611	0.3885
1317	0.4699	0.3287
1075	0.5514	0.3768
1318	0.4777	0.3358
1076	0.5383	0.3648
1319	0.4821	0.3416
1077	0.5374	0.3627
1320	0.467	0.3253
1078	0.5394	0.3663
1321	0.4598	0.3155
1322	0.4757	0.3366
1079	0.5554	0.3844
1323	0.4962	0.3553
1080	0.5443	0.3721
1324	0.5133	0.3742
1081	0.5412	0.3672
1325	0.4946	0.3552
1082	0.5359	0.3589
1326	0.4979	0.356
1327	0.4622	0.3195
1083	0.5395	0.3645
1328	0.4637	0.3208
1084	0.5392	0.3673
1329	0.4573	0.3154
1085	0.5639	0.3906
1330	0.4552	0.3121
1086	0.5368	0.3612
1331	0.4615	0.32
1087	0.5489	0.3792
1332	0.465	0.3266
1333	0.4828	0.3456
1088	0.5379	0.3641
1334	0.4605	0.3183
1089	0.5366	0.3624
1335	0.4806	0.3381
1336	0.4749	0.3331
1090	0.5319	0.3615
1337	0.4675	0.3267
1091	0.5578	0.3925
1338	0.469	0.3261
1092	0.5306	0.3579
1339	0.4596	0.318
1093	0.531	0.358
1340	0.4639	0.321
1094	0.5298	0.3573
1341	0.4504	0.3084
1095	0.5326	0.3594
1342	0.4681	0.3281
1096	0.5307	0.36
1343	0.4611	0.32
1097	0.5339	0.3602
1344	0.4579	0.3153
1098	0.5286	0.3579
1345	0.4561	0.3154
1099	0.5273	0.3519
1346	0.4593	0.3159
1100	0.5379	0.3673
1347	0.4815	0.3435
1101	0.5319	0.359
1348	0.4746	0.3355
1102	0.5381	0.3678
1349	0.4707	0.3311
1103	0.529	0.3587
1350	0.4864	0.3465
1104	0.5356	0.3661
1351	0.4798	0.3382
1105	0.5305	0.3589
1352	0.4643	0.3253
1106	0.5421	0.3706
1353	0.468	0.3264
1354	0.4607	0.3209
1107	0.5549	0.3824
1355	0.4564	0.3157
1108	0.5475	0.3819
1356	0.4665	0.3251
1109	0.5533	0.3871
1357	0.471	0.3271
1110	0.5436	0.3737
1358	0.471	0.3305
1111	0.5366	0.3655
1359	0.4552	0.3139
1112	0.5246	0.3524
1360	0.4559	0.3174
1113	0.5545	0.3855
1361	0.4542	0.3139
1114	0.5361	0.3691
1362	0.4611	0.3193
1115	0.5572	0.3884
1363	0.4657	0.3252
1116	0.5346	0.365
1364	0.4762	0.3388
1365	0.4595	0.3199
1117	0.5348	0.3656
1366	0.4641	0.325
1118	0.5273	0.3568
1367	0.4621	0.3219
1119	0.5299	0.3559
1120	0.5372	0.3695
1368	0.4635	0.3214
1369	0.4832	0.343
1121	0.5412	0.3709
1370	0.5481	0.4099
1122	0.5413	0.3717
1371	0.4805	0.3398
1123	0.5302	0.3582
1124	0.5375	0.3732
1372	0.465	0.3235
1125	0.5269	0.355
1373	0.4665	0.3262
1374	0.4597	0.3205
1126	0.5192	0.3485
1127	0.5768	0.4106
1375	0.4734	0.3372
1376	0.4578	0.3187
1128	0.5839	0.4176
1377	0.4554	0.3159
1129	0.5337	0.3657
1378	0.4526	0.3117
1130	0.5565	0.3942
1379	0.4548	0.3157
1131	0.5357	0.3651
1380	0.4549	0.3156
1132	0.519	0.3493
1381	0.4547	0.317
1133	0.5246	0.3563
1134	0.5223	0.3539
1382	0.4519	0.313
1135	0.5236	0.3545
1383	0.4614	0.3234
1136	0.5171	0.3462
1384	0.4538	0.3143
1137	0.5226	0.3527
1385	0.4536	0.3154
1138	0.5304	0.3613
1386	0.4553	0.3159
1139	0.5302	0.3625
1387	0.4581	0.3212
1140	0.532	0.3682
1388	0.4498	0.3094
1141	0.524	0.3574
1389	0.4494	0.3085
1142	0.5251	0.3542
1390	0.4549	0.3141
1143	0.543	0.3786
1391	0.4497	0.3111
1144	0.5185	0.3483
1392	0.4641	0.3268
1145	0.5151	0.3454
1393	0.4556	0.3162
1146	0.5687	0.4135
1394	0.4503	0.311
1147	0.5567	0.398
1395	0.4662	0.3276
1148	0.5196	0.3528
1396	0.4862	0.353
1149	0.5511	0.3928
1397	0.4869	0.353
1150	0.5348	0.3651
1398	0.4639	0.3294
1151	0.5213	0.354
1399	0.4517	0.3121
1152	0.5211	0.3549
1400	0.4602	0.3202
1153	0.536	0.3676
1401	0.4553	0.3158
1154	0.5183	0.3548
1155	0.5332	0.366
1402	0.4618	0.3269
1403	0.4586	0.3235
1156	0.543	0.3804
1404	0.4601	0.3241
1157	0.524	0.3569
1405	0.4602	0.3257
1158	0.5354	0.3683
1406	0.4483	0.3081
1159	0.5272	0.3596
1407	0.4572	0.3177
1160	0.5126	0.3447
1408	0.4554	0.3175
1161	0.5165	0.3464
1409	0.4848	0.3526
1410	0.4515	0.3132
1162	0.5181	0.3493
1411	0.4562	0.3189
1163	0.5216	0.3582
1412	0.4843	0.3505
1164	0.5213	0.3563
1413	0.5152	0.3816
1165	0.5214	0.356
1414	0.4518	0.3133
1166	0.5143	0.3458
1415	0.4578	0.3217
1167	0.5198	0.3517
1416	0.4528	0.3126
1168	0.5153	0.3479
1417	0.4508	0.3118
1169	0.5161	0.348
1418	0.4686	0.3319
1170	0.5169	0.3516
1419	0.4994	0.3635
1171	0.5566	0.4001
1420	0.4628	0.3256
1172	0.5458	0.3836
1421	0.461	0.3232
1173	0.5121	0.3459
1174	0.5301	0.3641
1422	0.4636	0.3256
1175	0.5297	0.3616
1423	0.4439	0.3071
1176	0.5109	0.3428
1424	0.4522	0.3154
1177	0.516	0.3469
1425	0.4514	0.3146
1178	0.5221	0.3549
1426	0.4523	0.3151
1427	0.4476	0.3092
1179	0.5534	0.395
1428	0.4417	0.3058
1180	0.5169	0.3514
1429	0.4582	0.3207
1181	0.5226	0.3571
1430	0.4427	0.3053
1182	0.511	0.3437
1431	0.4551	0.3183
1183	0.5848	0.4325
1432	0.4458	0.3094
1184	0.513	0.3454
1433	0.458	0.3245
1185	0.5473	0.3829
1434	0.4489	0.3132
1186	0.5201	0.3526
1435	0.4608	0.326
1187	0.5188	0.3521
1436	0.488	0.3551
1188	0.5137	0.3479
1437	0.4454	0.3082
1189	0.5108	0.347
1438	0.4488	0.3114
1190	0.5112	0.3451
1439	0.452	0.3146
1191	0.533	0.3734
1440	0.4553	0.3191
1192	0.5427	0.3832
1441	0.4569	0.3229
1193	0.5189	0.3529
1194	0.5097	0.3431
1442	0.4589	0.3232
1195	0.5152	0.3497
1443	0.453	0.3152
1196	0.5208	0.355
1444	0.4429	0.3072
1197	0.5191	0.3537
1445	0.4613	0.3279
1198	0.5265	0.3629
1446	0.4521	0.3181
1199	0.5151	0.3523
1447	0.4479	0.309
1200	0.5145	0.348
1448	0.4384	0.3029
1201	0.5186	0.3545
1449	0.4595	0.3247
1202	0.5137	0.3516
1450	0.4366	0.3001
1203	0.5187	0.3513
1451	0.4462	0.3113
1204	0.5217	0.3567
1452	0.4492	0.3146
1205	0.5075	0.3417
1453	0.4602	0.3267
1206	0.507	0.3443
1454	0.464	0.3282
1207	0.5199	0.3607
1455	0.4458	0.3076
1208	0.5173	0.356
1456	0.4463	0.3104
1209	0.5081	0.3442
1457	0.4784	0.3481
1210	0.5367	0.3713
1458	0.4692	0.3382
1211	0.515	0.3543
1459	0.4439	0.308
1212	0.5033	0.3379
1460	0.4868	0.3553
1213	0.5133	0.3474
1461	0.4414	0.3072
1214	0.5097	0.3446
1462	0.4421	0.305
1215	0.5091	0.3465
1463	0.4389	0.3041
1216	0.5083	0.3454
1464	0.4465	0.3116
1217	0.5084	0.3461
1465	0.4582	0.3247
1218	0.5035	0.3393
1466	0.4758	0.3447
1219	0.5092	0.3462
1467	0.4648	0.3326
1220	0.5075	0.3438
1468	0.4491	0.3129
1221	0.5104	0.3476
1469	0.4444	0.308
1222	0.5129	0.3502
1470	0.4387	0.3036
1223	0.5064	0.3433
1471	0.4417	0.3087
1224	0.506	0.3433
1225	0.5013	0.3385
1472	0.4412	0.3072
1226	0.5024	0.3418
1473	0.4375	0.3029
1227	0.5266	0.3708
1474	0.4356	0.3001
1228	0.5165	0.3582
1475	0.4566	0.3238
1229	0.5274	0.3668
1476	0.4449	0.3093
1230	0.5118	0.3486
1477	0.4622	0.3284
1231	0.5206	0.359
1478	0.4371	0.3012
1232	0.5051	0.3421
1479	0.4411	0.3058
1480	0.4435	0.3103
1233	0.5228	0.3605
1481	0.4496	0.3196
1234	0.5811	0.4234
1482	0.4351	0.301
1235	0.5358	0.3739
1483	0.4508	0.317
1236	0.5282	0.3676
1484	0.4563	0.324
1237	0.5072	0.3424
1485	0.4565	0.3243
1238	0.506	0.3419
1486	0.4361	0.3011
1239	0.5182	0.3566
1487	0.4375	0.3035
1240	0.5239	0.3624
1488	0.4335	0.2982
1489	0.4356	0.2999
1241	0.521	0.3632
1490	0.4504	0.3168
1242	0.5388	0.3839
1491	0.4441	0.3112
1243	0.5323	0.3785
1492	0.4355	0.3023
1244	0.5198	0.3633
1493	0.4339	0.2992
1245	0.5312	0.3759
1494	0.4361	0.302
1246	0.5385	0.3866
1495	0.4372	0.3026
1247	0.5313	0.3742
1496	0.4357	0.3
1248	0.4997	0.3386
1497	0.4412	0.3088
1498	0.4829	0.3569
1249	0.5096	0.3485
1499	0.4569	0.3242
1250	0.5087	0.3523
1251	0.5084	0.3428
1500	0.4297	0.2945
1252	0.4947	0.3301
1501	0.4271	0.293
1253	0.5073	0.3467
1502	0.4233	0.289
1254	0.5023	0.3415
1503	0.4221	0.2877
1504	0.421	0.2866
1255	0.5044	0.3422
1505	0.4207	0.2863
1256	0.4997	0.3391
1506	0.4233	0.2893
1257	0.4976	0.3343
1507	0.4244	0.29
1258	0.4927	0.3309
1508	0.4208	0.2871
1259	0.495	0.3315
1509	0.419	0.2847
1260	0.5054	0.3452
1510	0.4192	0.284
1261	0.4996	0.3377
1511	0.4213	0.2874
1262	0.5078	0.3516
1512	0.4186	0.2847
1263	0.5006	0.3421
1513	0.4177	0.2831
1264	0.5066	0.3467
1514	0.4189	0.2849
1265	0.5249	0.3667
1515	0.4211	0.2872
1266	0.5225	0.3641
1516	0.4193	0.2846
1267	0.5009	0.3381
1517	0.4173	0.282
1268	0.5002	0.3401
1518	0.4186	0.2834
1269	0.5205	0.3679
1519	0.417	0.2819
1270	0.5226	0.3703
1520	0.4204	0.2869
1271	0.5306	0.3807
1272	0.5275	0.3747
1521	0.4167	0.2829
1273	0.49	0.3256
1522	0.4178	0.2839
1274	0.4977	0.3373
1275	0.4961	0.3351
1523	0.4168	0.2823
1524	0.4176	0.2834
1276	0.5029	0.3425
1277	0.5009	0.3421
1525	0.4183	0.2834
1278	0.493	0.3314
1526	0.4156	0.2803
1279	0.4973	0.3372
1527	0.4166	0.2822
1280	0.4918	0.332
1528	0.4161	0.2826
1281	0.4909	0.3311
1529	0.4159	0.2818
1282	0.4943	0.3373
1530	0.4163	0.2816
1283	0.4894	0.3303
1531	0.416	0.2819
1284	0.4973	0.3381
1532	0.4177	0.284
1533	0.4165	0.2832
1285	0.4948	0.3378
1534	0.4152	0.2811
1286	0.5093	0.3534
1535	0.4149	0.2806
1287	0.5	0.3446
1536	0.4147	0.2804
1288	0.512	0.359
1537	0.4145	0.2809
1289	0.5001	0.3418
1538	0.4147	0.2809
1290	0.498	0.3377
1539	0.4158	0.282
1291	0.5071	0.3475
1540	0.4153	0.2809
1292	0.4994	0.3406
1541	0.4145	0.2804
1293	0.4865	0.3266
1542	0.4171	0.2848
1294	0.511	0.3521
1543	0.4158	0.2829
1295	0.5222	0.3667
1544	0.4155	0.2811
1296	0.4885	0.3287
1545	0.4145	0.2805
1297	0.4917	0.3331
1546	0.415	0.2811
1298	0.4933	0.3348
1547	0.421	0.2878
1299	0.4867	0.3306
1548	0.4161	0.2826
1300	0.4841	0.327
1549	0.4146	0.2811
1301	0.4898	0.3343
1550	0.4141	0.28
1302	0.5029	0.3506
1551	0.4153	0.2814
1303	0.4871	0.3319
1552	0.4139	0.2799
1304	0.4853	0.3258
1553	0.4145	0.2808
1305	0.5094	0.3526
1554	0.4149	0.2818
1306	0.517	0.3616
1555	0.4148	0.2811
1307	0.5124	0.3584
1556	0.413	0.2799
1308	0.5032	0.3447
1557	0.4148	0.2822
1309	0.4908	0.3327
1558	0.4145	0.2808
1310	0.4929	0.3357
1559	0.4133	0.2787
1311	0.4974	0.341
1560	0.4145	0.281
1561	0.4154	0.2821
1312	0.4826	0.3247
1562	0.4142	0.2807
1313	0.4848	0.3276
1563	0.4145	0.2811
1314	0.4891	0.3318
1564	0.416	0.2826
1315	0.505	0.3509
1565	0.4128	0.2792
1316	0.5114	0.3585
1566	0.4129	0.2789
1317	0.4931	0.3359
1567	0.4145	0.28
1568	0.4158	0.2828
1318	0.485	0.3274
1569	0.4126	0.2788
1319	0.4899	0.3347
1320	0.4814	0.3242
1570	0.4173	0.2844
1321	0.4873	0.3286
1571	0.4154	0.2825
1322	0.5035	0.3465
1323	0.5239	0.3678
1572	0.4174	0.2848
1324	0.5156	0.3614
1573	0.4174	0.2842
1325	0.4865	0.3282
1574	0.414	0.2804
1575	0.4151	0.2824
1326	0.4971	0.3412
1576	0.4137	0.2805
1327	0.4796	0.3227
1577	0.4138	0.2805
1328	0.4761	0.3173
1329	0.4785	0.323
1578	0.4125	0.2791
1330	0.4802	0.3233
1579	0.4157	0.2829
1331	0.5117	0.3592
1580	0.4141	0.2804
1332	0.4777	0.3218
1581	0.4135	0.2798
1333	0.5183	0.371
1582	0.414	0.2803
1334	0.4751	0.3185
1583	0.414	0.2806
1335	0.4752	0.3207
1584	0.4135	0.2807
1585	0.413	0.2798
1336	0.4882	0.3312
1337	0.4806	0.3242
1586	0.4122	0.2791
1587	0.4123	0.2788
1338	0.4936	0.3417
1588	0.4131	0.2791
1339	0.4829	0.3258
1589	0.4133	0.2794
1340	0.487	0.3305
1590	0.4121	0.2785
1341	0.4913	0.3367
1342	0.4777	0.3213
1591	0.4144	0.2818
1343	0.4831	0.3243
1592	0.4122	0.279
1344	0.4757	0.3174
1593	0.4141	0.2814
1345	0.4726	0.3184
1346	0.4767	0.3205
1594	0.4161	0.284
1347	0.4736	0.3178
1595	0.4126	0.2799
1348	0.4881	0.3348
1596	0.413	0.2793
1349	0.4744	0.3194
1597	0.4143	0.2807
1350	0.4733	0.3192
1598	0.4119	0.2783
1351	0.4753	0.32
1599	0.4126	0.2798
1352	0.4802	0.324
1600	0.4123	0.2796
1353	0.4851	0.3362
1601	0.4126	0.2793
1354	0.4795	0.3227
1602	0.4129	0.279
1355	0.4942	0.3432
1603	0.4127	0.2789
1356	0.4835	0.3294
1604	0.4131	0.2798
1357	0.4796	0.3268
1605	0.4127	0.2799
1606	0.4131	0.2807
1358	0.5195	0.3735
1607	0.4143	0.282
1359	0.497	0.3437
1608	0.4126	0.2795
1609	0.4116	0.2784
1360	0.4849	0.3317
1361	0.4753	0.3212
1610	0.4116	0.278
1362	0.4943	0.3397
1611	0.4125	0.279
1363	0.5239	0.3733
1612	0.4115	0.2786
1364	0.5178	0.3655
1613	0.4133	0.2807
1365	0.4831	0.3287
1614	0.4146	0.2817
1615	0.4122	0.2789
1366	0.4877	0.3355
1616	0.4131	0.28
1367	0.4922	0.3441
1617	0.4164	0.2848
1368	0.5254	0.3758
1618	0.412	0.2793
1369	0.495	0.339
1619	0.4111	0.2791
1370	0.5239	0.3758
1371	0.4843	0.3285
1620	0.4138	0.2821
1372	0.4762	0.3235
1621	0.4114	0.2782
1373	0.4752	0.3193
1622	0.4112	0.2781
1374	0.4754	0.3217
1623	0.411	0.278
1375	0.4887	0.3391
1624	0.4118	0.279
1376	0.5045	0.3601
1625	0.4134	0.2803
1377	0.473	0.3197
1626	0.4147	0.2824
1378	0.4717	0.3183
1627	0.4117	0.2784
1379	0.4921	0.3398
1628	0.4118	0.2797
1380	0.4733	0.3189
1629	0.4113	0.2792
1381	0.4764	0.3248
1630	0.4105	0.2778
1382	0.5004	0.3456
1631	0.4109	0.2775
1383	0.4714	0.3163
1632	0.4104	0.2774
1633	0.4117	0.2789
1384	0.4756	0.3221
1634	0.4139	0.2815
1385	0.4696	0.3176
1635	0.4118	0.2787
1386	0.4752	0.3231
1636	0.4101	0.2769
1387	0.4702	0.3156
1637	0.411	0.2778
1388	0.4723	0.3156
1638	0.4146	0.2822
1389	0.4695	0.3163
1639	0.4144	0.2821
1390	0.5026	0.3586
1640	0.4128	0.2806
1391	0.483	0.3293
1641	0.412	0.2794
1392	0.4874	0.3359
1642	0.4116	0.2794
1393	0.4857	0.3312
1643	0.4134	0.2809
1394	0.4779	0.3231
1644	0.4125	0.2798
1395	0.4837	0.3346
1645	0.4109	0.2778
1396	0.4819	0.3339
1646	0.4101	0.2769
1397	0.4719	0.3206
1647	0.4109	0.2782
1398	0.4739	0.3236
1648	0.4119	0.2786
1399	0.4719	0.3203
1649	0.4109	0.2772
1400	0.4861	0.337
1650	0.4112	0.278
1401	0.4886	0.3418
1651	0.4095	0.2768
1402	0.4693	0.3173
1652	0.4108	0.2782
1403	0.4714	0.3195
1653	0.4104	0.2775
1404	0.4717	0.3187
1654	0.4115	0.2784
1405	0.4699	0.3207
1655	0.4105	0.2772
1406	0.4741	0.3264
1656	0.4111	0.2779
1407	0.4873	0.3391
1408	0.4897	0.343
1657	0.413	0.2803
1409	0.4911	0.3465
1658	0.4107	0.278
1410	0.4657	0.3129
1659	0.4095	0.2767
1411	0.4736	0.3229
1660	0.4091	0.2762
1412	0.4772	0.3288
1661	0.4091	0.2756
1413	0.4695	0.3187
1662	0.4095	0.2765
1414	0.4779	0.3288
1663	0.412	0.2801
1415	0.4683	0.3156
1664	0.4159	0.2849
1416	0.5201	0.3721
1665	0.4131	0.2813
1417	0.5014	0.3535
1666	0.4115	0.2786
1418	0.5184	0.373
1667	0.4097	0.2771
1419	0.4959	0.3464
1668	0.4083	0.2753
1420	0.4634	0.3087
1669	0.4087	0.2755
1421	0.4744	0.322
1670	0.4114	0.2775
1422	0.4695	0.319
1671	0.4101	0.2765
1423	0.4717	0.3223
1672	0.4104	0.2775
1424	0.4847	0.3388
1673	0.4143	0.282
1425	0.4703	0.3221
1674	0.4093	0.2758
1426	0.4678	0.3159
1675	0.4091	0.276
1427	0.4778	0.329
1676	0.41	0.2777
1428	0.4752	0.3284
1677	0.4102	0.2776
1429	0.4788	0.3266
1678	0.4085	0.2756
1430	0.4653	0.3143
1679	0.408	0.2743
1680	0.4085	0.2751
1431	0.4733	0.3236
1681	0.4087	0.2752
1432	0.4724	0.3257
1682	0.4094	0.2765
1433	0.4675	0.3178
1434	0.4606	0.3079
1683	0.4115	0.2794
1435	0.4852	0.3418
1684	0.411	0.2783
1436	0.5279	0.3901
1685	0.4127	0.281
1437	0.4779	0.3277
1686	0.4086	0.2755
1438	0.4684	0.3196
1687	0.4087	0.2759
1439	0.4762	0.3274
1688	0.4097	0.277
1689	0.4087	0.276
1440	0.4607	0.3096
1690	0.4088	0.2766
1441	0.4681	0.32
1691	0.4108	0.279
1442	0.4671	0.3182
1692	0.4071	0.2744
1443	0.4673	0.3184
1693	0.4094	0.2775
1444	0.4832	0.3399
1694	0.4115	0.2796
1445	0.5089	0.3675
1695	0.4096	0.2773
1446	0.4633	0.3133
1696	0.4104	0.2783
1447	0.4606	0.3105
1697	0.4097	0.2773
1448	0.4608	0.3116
1698	0.408	0.2755
1449	0.463	0.315
1699	0.4079	0.276
1450	0.458	0.3064
1700	0.4085	0.2766
1451	0.4581	0.3075
1701	0.4086	0.2766
1452	0.4679	0.3207
1702	0.4075	0.2755
1453	0.4651	0.3191
1454	0.4624	0.3128
1703	0.4077	0.275
1455	0.4665	0.3193
1704	0.4085	0.2757
1456	0.4575	0.3077
1705	0.4084	0.2755
1457	0.463	0.3135
1706	0.4096	0.2769
1458	0.4688	0.3186
1707	0.4073	0.2742
1459	0.4741	0.3248
1708	0.4091	0.2773
1460	0.4688	0.3191
1709	0.4085	0.2759
1461	0.4628	0.314
1710	0.4096	0.2773
1462	0.4626	0.3107
1711	0.4112	0.2787
1463	0.458	0.3111
1712	0.4083	0.2757
1464	0.465	0.3182
1713	0.409	0.2765
1465	0.5001	0.3575
1714	0.4083	0.2758
1466	0.4713	0.3229
1715	0.4084	0.2758
1467	0.4588	0.3098
1716	0.4076	0.2741
1717	0.4082	0.2752
1468	0.4604	0.3123
1469	0.4757	0.3315
1718	0.4076	0.2749
1470	0.4694	0.3224
1719	0.4073	0.2749
1471	0.4571	0.3074
1720	0.4078	0.2751
1472	0.4623	0.3127
1721	0.407	0.2745
1473	0.4635	0.3153
1722	0.408	0.2763
1474	0.4545	0.3043
1723	0.409	0.2774
1475	0.468	0.3193
1724	0.4083	0.2772
1476	0.4681	0.3191
1725	0.406	0.274
1477	0.4619	0.3132
1726	0.4066	0.2745
1478	0.4652	0.3208
1479	0.4664	0.3221
1727	0.4105	0.2795
1480	0.4557	0.3076
1728	0.4087	0.2762
1481	0.4819	0.3359
1729	0.4077	0.2751
1482	0.4551	0.3071
1730	0.4068	0.2744
1483	0.4717	0.3276
1731	0.4103	0.2795
1484	0.4554	0.3078
1732	0.4086	0.277
1485	0.4752	0.3245
1733	0.413	0.2818
1734	0.4077	0.275
1486	0.4717	0.3234
1487	0.4532	0.3054
1735	0.4077	0.2749
1736	0.4067	0.274
1488	0.4792	0.3331
1737	0.4063	0.2741
1489	0.4642	0.317
1738	0.4082	0.2762
1490	0.462	0.3156
1739	0.4062	0.2739
1491	0.4573	0.3066
1740	0.4073	0.2755
1492	0.4876	0.3433
1741	0.4077	0.2758
1493	0.47	0.3258
1742	0.4087	0.277
1494	0.4621	0.3148
1743	0.4082	0.2774
1495	0.4553	0.3077
1744	0.4083	0.2768
1496	0.4648	0.3158
1745	0.4075	0.2758
1497	0.4545	0.307
1746	0.4083	0.277
1747	0.4078	0.2758
1498	0.4719	0.3276
1499	0.4728	0.3275
1748	0.409	0.2766
1500	0.446	0.2963
1749	0.4069	0.2755
1501	0.4464	0.2984
1750	0.4094	0.2782
1502	0.4401	0.2912
1751	0.4075	0.2753
1503	0.4398	0.2897
1752	0.4079	0.2763
1504	0.44	0.2909
1753	0.4073	0.2753
1505	0.4388	0.2893
1754	0.4065	0.2744
1506	0.4386	0.2898
1755	0.4065	0.2743
1756	0.4077	0.2758
1507	0.4421	0.2945
1508	0.4384	0.2896
1757	0.4056	0.2737
1509	0.4367	0.2873
1758	0.408	0.2775
1759	0.4073	0.2754
1510	0.4369	0.2873
1760	0.407	0.2753
1511	0.4384	0.2901
1761	0.4062	0.2742
1512	0.4363	0.2873
1762	0.4072	0.2762
1513	0.437	0.2878
1763	0.4062	0.2745
1514	0.436	0.2875
1764	0.4053	0.2728
1515	0.4402	0.2935
1765	0.4059	0.2742
1516	0.437	0.2884
1766	0.4048	0.2732
1517	0.437	0.2889
1767	0.4078	0.2766
1518	0.4374	0.2884
1519	0.4351	0.2862
1768	0.406	0.2746
1520	0.4359	0.2864
1769	0.4062	0.2745
1521	0.4354	0.2878
1770	0.409	0.2778
1522	0.4377	0.2911
1771	0.4071	0.2759
1523	0.4353	0.2871
1772	0.4062	0.2745
1524	0.436	0.2875
1773	0.4052	0.273
1525	0.4358	0.2861
1774	0.4078	0.2757
1526	0.4348	0.2865
1775	0.4072	0.2755
1527	0.438	0.2906
1528	0.4348	0.2864
1776	0.4076	0.2757
1777	0.4052	0.2731
1529	0.4346	0.285
1778	0.4091	0.2778
1530	0.4339	0.2842
1779	0.4078	0.2758
1531	0.4346	0.285
1780	0.4105	0.2804
1532	0.4352	0.2849
1781	0.4064	0.2739
1533	0.4336	0.284
1782	0.4054	0.272
1534	0.4344	0.2851
1783	0.4054	0.2728
1535	0.4329	0.2838
1784	0.4059	0.2742
1536	0.4338	0.2859
1785	0.406	0.2741
1537	0.4344	0.2864
1786	0.4082	0.2772
1538	0.4358	0.2883
1787	0.4139	0.2837
1539	0.434	0.2858
1788	0.4082	0.2768
1540	0.4334	0.2849
1789	0.4056	0.2737
1541	0.4329	0.2845
1790	0.4066	0.2749
1791	0.4062	0.2749
1542	0.4335	0.2851
1792	0.4052	0.273
1543	0.433	0.2843
1793	0.4044	0.2728
1544	0.4349	0.2849
1794	0.4055	0.2739
1545	0.4348	0.2863
1795	0.4047	0.2727
1546	0.4367	0.2879
1796	0.4055	0.2739
1547	0.4316	0.2833
1797	0.4051	0.273
1548	0.4323	0.2846
1798	0.4073	0.2764
1549	0.433	0.2848
1550	0.4319	0.2832
1799	0.4094	0.2786
1551	0.4329	0.285
1800	0.4061	0.274
1552	0.4322	0.2837
1801	0.4061	0.2741
1553	0.4325	0.2843
1802	0.407	0.2751
1554	0.4325	0.2844
1803	0.4051	0.2727
1804	0.4056	0.2734
1555	0.4312	0.2827
1805	0.4055	0.2734
1556	0.4346	0.2874
1806	0.4049	0.2728
1557	0.4323	0.2842
1807	0.4069	0.2756
1558	0.4311	0.2823
1808	0.4088	0.2783
1559	0.4324	0.2842
1809	0.4068	0.2751
1560	0.4307	0.2824
1810	0.4054	0.2742
1561	0.431	0.2831
1811	0.404	0.272
1562	0.4342	0.2863
1812	0.4057	0.2742
1563	0.431	0.2829
1813	0.4075	0.277
1564	0.4312	0.283
1814	0.4047	0.2728
1565	0.4308	0.2829
1815	0.406	0.2745
1816	0.4062	0.2754
1566	0.4351	0.2869
1817	0.4047	0.273
1567	0.4338	0.286
1818	0.4048	0.2732
1568	0.4333	0.285
1819	0.4038	0.2724
1569	0.4311	0.2823
1570	0.4311	0.284
1820	0.4046	0.2733
1821	0.4049	0.2729
1571	0.431	0.2839
1572	0.4332	0.2867
1822	0.404	0.2725
1573	0.4325	0.2866
1823	0.4068	0.2761
1574	0.431	0.2832
1824	0.4053	0.2742
1575	0.4332	0.2851
1825	0.4053	0.2735
1576	0.4329	0.2844
1826	0.4047	0.2726
1577	0.4328	0.285
1827	0.4052	0.2737
1578	0.4327	0.2843
1579	0.4318	0.2838
1828	0.4049	0.2733
1580	0.4308	0.2834
1829	0.4062	0.2748
1581	0.4312	0.2837
1830	0.4052	0.2736
1582	0.4323	0.2848
1831	0.4053	0.2733
1832	0.4047	0.2736
1583	0.4322	0.2856
1584	0.43	0.2826
1833	0.4037	0.2718
1834	0.4053	0.2734
1585	0.4346	0.2872
1835	0.4038	0.2721
1586	0.4342	0.2864
1836	0.4029	0.271
1587	0.4321	0.2846
1837	0.4044	0.2729
1588	0.4313	0.2831
1838	0.404	0.2727
1589	0.4307	0.2825
1839	0.4029	0.2717
1590	0.4316	0.2844
1840	0.4032	0.2719
1591	0.432	0.284
1841	0.4029	0.2715
1592	0.4321	0.2851
1842	0.4058	0.2747
1843	0.4036	0.2725
1593	0.4302	0.2823
1844	0.4072	0.277
1594	0.4328	0.2855
1845	0.4047	0.2736
1595	0.4309	0.2838
1846	0.4043	0.2728
1596	0.431	0.2838
1847	0.4048	0.2735
1597	0.4321	0.2847
1848	0.4035	0.2724
1598	0.4303	0.2823
1849	0.4034	0.272
1599	0.4309	0.283
1850	0.4044	0.273
1600	0.4303	0.2829
1851	0.4049	0.2742
1601	0.4293	0.2817
1852	0.4049	0.2739
1602	0.4291	0.2819
1853	0.4054	0.2741
1603	0.4296	0.2817
1604	0.4307	0.2828
1854	0.4043	0.273
1605	0.4298	0.2827
1855	0.4041	0.2728
1606	0.4315	0.2852
1856	0.405	0.2734
1607	0.43	0.2835
1857	0.4038	0.2727
1858	0.404	0.2732
1608	0.4292	0.2817
1859	0.4035	0.2718
1609	0.4302	0.2822
1860	0.4037	0.2725
1610	0.4285	0.2812
1861	0.4045	0.2738
1611	0.4287	0.2819
1862	0.4045	0.2737
1612	0.429	0.2823
1863	0.4039	0.2727
1613	0.43	0.2839
1864	0.4035	0.273
1865	0.4043	0.2733
1614	0.4321	0.2847
1866	0.4029	0.2721
1615	0.4294	0.2823
1867	0.403	0.272
1616	0.4292	0.2816
1868	0.4033	0.273
1869	0.4032	0.2731
1617	0.4343	0.2889
1618	0.4295	0.2823
1870	0.4054	0.2747
1619	0.4301	0.2831
1871	0.4038	0.2725
1620	0.4308	0.2839
1872	0.4094	0.2797
1621	0.4297	0.2822
1873	0.4069	0.2767
1874	0.4035	0.2727
1622	0.4278	0.2805
1875	0.406	0.2762
1623	0.4294	0.2824
1876	0.4017	0.2705
1624	0.4306	0.2842
1877	0.4037	0.2726
1625	0.4308	0.2827
1878	0.4046	0.2741
1626	0.429	0.2823
1879	0.4047	0.2734
1627	0.4281	0.2809
1880	0.4027	0.2713
1628	0.4288	0.2819
1881	0.4026	0.2706
1629	0.4289	0.2826
1882	0.4033	0.2718
1630	0.4282	0.2816
1883	0.4033	0.2719
1884	0.4029	0.2723
1631	0.4322	0.2871
1885	0.4029	0.2724
1632	0.4298	0.2839
1886	0.4032	0.2721
1633	0.4294	0.2835
1887	0.4028	0.2712
1634	0.4274	0.2802
1888	0.4025	0.2716
1635	0.4323	0.2851
1889	0.4045	0.2739
1636	0.429	0.2815
1637	0.4292	0.2814
1890	0.4071	0.278
1638	0.4296	0.2813
1891	0.4056	0.2759
1639	0.4294	0.2816
1892	0.4045	0.2739
1640	0.4282	0.2809
1893	0.4043	0.2731
1641	0.4286	0.2814
1894	0.4043	0.2732
1642	0.428	0.2803
1895	0.4038	0.2725
1643	0.4296	0.2836
1896	0.4048	0.274
1644	0.4287	0.282
1897	0.4013	0.2703
1645	0.4283	0.2823
1898	0.4011	0.2702
1646	0.4279	0.2818
1647	0.4276	0.2809
1899	0.4038	0.2734
1648	0.4272	0.2793
1900	0.4026	0.2719
1901	0.4013	0.2708
1649	0.4269	0.2796
1902	0.4033	0.2734
1650	0.427	0.2797
1903	0.4033	0.2725
1651	0.4275	0.2816
1904	0.4095	0.2799
1652	0.4269	0.2805
1905	0.4078	0.2782
1653	0.4272	0.2805
1906	0.4082	0.2783
1654	0.4269	0.2799
1907	0.407	0.2766
1655	0.4271	0.28
1656	0.4266	0.2795
1908	0.406	0.2756
1657	0.4263	0.2792
1909	0.4046	0.2731
1910	0.4028	0.2711
1658	0.4289	0.2821
1911	0.4054	0.275
1659	0.4285	0.2811
1912	0.4024	0.2711
1660	0.4278	0.28
1913	0.403	0.2721
1661	0.428	0.2803
1914	0.4024	0.2714
1662	0.4264	0.2792
1915	0.4024	0.2717
1663	0.4263	0.2794
1916	0.4023	0.2714
1664	0.4271	0.2806
1917	0.4047	0.2745
1918	0.4004	0.2694
1665	0.4295	0.2828
1666	0.4271	0.2809
1919	0.4011	0.2702
1667	0.4278	0.281
1920	0.4013	0.27
1668	0.4259	0.2798
1921	0.4018	0.271
1669	0.4273	0.2807
1922	0.4023	0.2706
1670	0.4255	0.279
1923	0.4025	0.271
1671	0.4265	0.2804
1924	0.4045	0.2744
1672	0.4283	0.2823
1925	0.4027	0.2718
1673	0.4266	0.2801
1926	0.4023	0.2708
1674	0.4276	0.2814
1927	0.4027	0.272
1675	0.4267	0.2804
1928	0.4017	0.2708
1676	0.4251	0.2789
1929	0.4089	0.2798
1677	0.4264	0.2805
1930	0.4028	0.2727
1678	0.4255	0.2788
1931	0.4019	0.2711
1679	0.4248	0.2783
1932	0.4035	0.2738
1680	0.4261	0.2804
1933	0.4024	0.2726
1681	0.4274	0.2819
1934	0.4015	0.2711
1682	0.427	0.2811
1935	0.4025	0.2718
1683	0.4286	0.2828
1936	0.4014	0.2699
1684	0.4272	0.2807
1937	0.4027	0.272
1685	0.4293	0.2844
1938	0.4056	0.2754
1686	0.4252	0.2786
1939	0.4022	0.2705
1687	0.4273	0.282
1940	0.4032	0.272
1688	0.4259	0.2796
1941	0.4012	0.2706
1689	0.4272	0.2829
1942	0.4012	0.2705
1690	0.4328	0.2897
1943	0.4025	0.2716
1691	0.439	0.2977
1944	0.4038	0.2731
1692	0.4292	0.2845
1945	0.4002	0.2691
1693	0.4297	0.285
1946	0.4054	0.2748
1694	0.4315	0.2864
1947	0.404	0.273
1695	0.4288	0.2828
1948	0.4012	0.2706
1696	0.4269	0.2806
1949	0.4006	0.2692
1697	0.4248	0.2775
1950	0.4023	0.2717
1698	0.4262	0.2806
1951	0.4013	0.2707
1699	0.4259	0.2794
1952	0.4023	0.272
1700	0.4247	0.2784
1953	0.4012	0.2706
1701	0.4259	0.2789
1954	0.4013	0.2704
1702	0.4262	0.2801
1955	0.4006	0.2694
1703	0.4247	0.2777
1956	0.4007	0.2698
1704	0.4242	0.2773
1957	0.4028	0.2724
1958	0.4004	0.2694
1705	0.4254	0.279
1959	0.3999	0.2691
1706	0.4276	0.2808
1960	0.4034	0.2731
1707	0.4254	0.2795
1961	0.4009	0.2702
1708	0.426	0.28
1962	0.4018	0.2716
1709	0.427	0.2825
1963	0.4023	0.2723
1710	0.4264	0.2804
1964	0.4003	0.2696
1711	0.4253	0.2799
1965	0.4011	0.2702
1712	0.4256	0.2788
1966	0.4019	0.2714
1713	0.4258	0.2795
1967	0.4009	0.2701
1714	0.4241	0.2776
1968	0.3995	0.2688
1715	0.4241	0.278
1969	0.4007	0.2704
1716	0.4252	0.2789
1970	0.4042	0.2753
1717	0.4265	0.2795
1971	0.4059	0.2773
1718	0.424	0.2772
1972	0.4014	0.2708
1719	0.425	0.2792
1973	0.4011	0.2708
1974	0.4022	0.2719
1720	0.4263	0.2814
1975	0.4031	0.2725
1721	0.4244	0.2791
1976	0.4082	0.2793
1722	0.426	0.2798
1977	0.4002	0.2697
1723	0.4256	0.2804
1978	0.4012	0.2701
1724	0.4264	0.2811
1725	0.4267	0.2801
1979	0.3995	0.2689
1726	0.4249	0.2796
1980	0.4014	0.2715
1727	0.4255	0.2795
1981	0.4004	0.2692
1728	0.4241	0.2778
1982	0.4025	0.2719
1729	0.4258	0.2806
1983	0.4017	0.2715
1730	0.4249	0.2791
1984	0.4001	0.2695
1731	0.4242	0.2791
1985	0.4033	0.2741
1732	0.4237	0.2787
1986	0.4	0.2699
1733	0.424	0.2788
1987	0.4031	0.2742
1734	0.4235	0.2776
1988	0.3995	0.2694
1735	0.4238	0.2787
1989	0.4019	0.2726
1736	0.422	0.2761
1990	0.4009	0.2709
1737	0.4218	0.2762
1991	0.4012	0.2712
1738	0.4229	0.2772
1992	0.4001	0.2699
1739	0.4232	0.2779
1993	0.3994	0.2687
1740	0.4234	0.2785
1994	0.4012	0.2703
1741	0.423	0.2775
1995	0.4018	0.2713
1742	0.4248	0.2798
1996	0.4023	0.2721
1997	0.4005	0.2701
1743	0.4227	0.2771
1998	0.401	0.2704
1744	0.4227	0.2767
1999	0.3992	0.2681
1745	0.4244	0.2805
1746	0.4239	0.279
1747	0.4226	0.2769
1748	0.4247	0.2779
1749	0.4226	0.277
1750	0.423	0.2777
1751	0.4229	0.2779
1752	0.4226	0.277
1753	0.4238	0.2777
1754	0.4239	0.2788
1755	0.4217	0.2762
1756	0.4229	0.2781
1757	0.4235	0.2786
1758	0.425	0.2807
1759	0.4238	0.2791
1760	0.4222	0.2771
1761	0.4227	0.2781
1762	0.4233	0.2793
1763	0.4217	0.2771
1764	0.4218	0.2764
1765	0.4218	0.2768
1766	0.4222	0.2774
1767	0.4228	0.2777
1768	0.4244	0.2803
1769	0.4221	0.2767
1770	0.4207	0.2755
1771	0.4221	0.2775
1772	0.4226	0.2774
1773	0.4227	0.2785
1774	0.4226	0.2775
1775	0.4239	0.2787
1776	0.4226	0.2772
1777	0.4221	0.2774
1778	0.4217	0.2755
1779	0.4226	0.2774
1780	0.4237	0.2795
1781	0.4218	0.2755
1782	0.4233	0.2778
1783	0.4262	0.2795
1784	0.4233	0.2786
1785	0.4227	0.2776
1786	0.4226	0.2777
1787	0.426	0.2827
1788	0.4239	0.2794
1789	0.422	0.2771
1790	0.4225	0.2774
1791	0.4212	0.276
1792	0.4209	0.2758
1793	0.4209	0.2763
1794	0.4207	0.2759
1795	0.4216	0.2774
1796	0.4201	0.2754
1797	0.4208	0.2761
1798	0.4202	0.2758
1799	0.4215	0.2767
1800	0.4236	0.2786
1801	0.4207	0.2755
1802	0.426	0.2803
1803	0.426	0.2813
1804	0.4216	0.2767
1805	0.4203	0.2758
1806	0.4224	0.2779
1807	0.4207	0.2766
1808	0.4206	0.2761
1809	0.4218	0.2777
1810	0.4215	0.2768
1811	0.4203	0.2762
1812	0.4212	0.2757
1813	0.4209	0.276
1814	0.4198	0.2751
1815	0.4202	0.2764
1816	0.4196	0.2754
1817	0.4195	0.2761
1818	0.4204	0.2764
1819	0.4194	0.2754
1820	0.4212	0.2767
1821	0.4201	0.2755
1822	0.4212	0.2769
1823	0.4214	0.2765
1824	0.4193	0.2746
1825	0.4252	0.2811
1826	0.4254	0.2819
1827	0.4221	0.2762
1828	0.4193	0.275
1829	0.4196	0.2749
1830	0.4207	0.2769
1831	0.4197	0.2753
1832	0.4206	0.2766
1833	0.4196	0.2757
1834	0.4206	0.2774
1835	0.4199	0.2768
1836	0.42	0.2754
1837	0.4204	0.2766
1838	0.4203	0.2767
1839	0.4198	0.2757
1840	0.4205	0.2757
1841	0.4188	0.2747
1842	0.4189	0.2753
1843	0.4193	0.2761
1844	0.4188	0.2755
1845	0.4201	0.2765
1846	0.4206	0.277
1847	0.4194	0.2756
1848	0.4191	0.2747
1849	0.4172	0.2727
1850	0.4186	0.2743
1851	0.4205	0.2778
1852	0.4215	0.2778
1853	0.4211	0.2785
1854	0.4198	0.2759
1855	0.4188	0.2746
1856	0.4202	0.2754
1857	0.4191	0.2756
1858	0.4206	0.2766
1859	0.4183	0.2741
1860	0.4217	0.2789
1861	0.4192	0.276
1862	0.4209	0.2764
1863	0.4203	0.2763
1864	0.4208	0.2772
1865	0.4207	0.2769
1866	0.4185	0.2753
1867	0.4196	0.2751
1868	0.4186	0.2752
1869	0.42	0.2751
1870	0.4205	0.2762
1871	0.4225	0.279
1872	0.4206	0.2781
1873	0.4201	0.2774
1874	0.4194	0.2758
1875	0.4226	0.2801
1876	0.4199	0.277
1877	0.4189	0.2753
1878	0.4206	0.2773
1879	0.4176	0.2734
1880	0.418	0.2736
1881	0.4192	0.2744
1882	0.4174	0.2732
1883	0.419	0.2756
1884	0.4195	0.2756
1885	0.417	0.273
1886	0.4179	0.2748
1887	0.4178	0.2735
1888	0.4178	0.2737
1889	0.4167	0.2733
1890	0.421	0.2797
1891	0.4286	0.2894
1892	0.4223	0.2795
1893	0.4264	0.2859
1894	0.4216	0.2794
1895	0.4171	0.2743
1896	0.4176	0.2737
1897	0.4198	0.2778
1898	0.4178	0.2742
1899	0.4164	0.2734
1900	0.4176	0.2748
1901	0.4177	0.2744
1902	0.4184	0.2753
1903	0.4176	0.2736
1904	0.4172	0.274
1905	0.4174	0.2746
1906	0.4179	0.2737
1907	0.4185	0.2747
1908	0.4181	0.2743
1909	0.4177	0.2743
1910	0.4173	0.2744
1911	0.42	0.2777
1912	0.4168	0.2734
1913	0.4173	0.273
1914	0.4172	0.2737
1915	0.4192	0.2756
1916	0.4195	0.2761
1917	0.4199	0.2756
1918	0.4166	0.2728
1919	0.416	0.2719
1920	0.4167	0.2726
1921	0.4203	0.2759
1922	0.4187	0.2753
1923	0.4177	0.274
1924	0.4171	0.2733
1925	0.4157	0.2716
1926	0.4178	0.274
1927	0.4194	0.276
1928	0.4177	0.2744
1929	0.4216	0.2782
1930	0.4166	0.2727
1931	0.4164	0.2728
1932	0.4163	0.2728
1933	0.4164	0.2731
1934	0.4155	0.2713
1935	0.418	0.2746
1936	0.415	0.2716
1937	0.4164	0.2735
1938	0.4154	0.2722
1939	0.417	0.2729
1940	0.4172	0.2736
1941	0.4173	0.2732
1942	0.4182	0.2765
1943	0.4161	0.2734
1944	0.4182	0.2771
1945	0.4173	0.2746
1946	0.4156	0.2721
1947	0.4154	0.2721
1948	0.4167	0.2738
1949	0.4158	0.2735
1950	0.4157	0.2725
1951	0.4162	0.2741
1952	0.4169	0.2734
1953	0.4162	0.2731
1954	0.4158	0.2723
1955	0.4156	0.2725
1956	0.4153	0.2733
1957	0.4158	0.2736
1958	0.4149	0.2725
1959	0.4159	0.2733
1960	0.4225	0.2801
1961	0.417	0.2743
1962	0.4166	0.2752
1963	0.4172	0.276
1964	0.4186	0.2772
1965	0.4197	0.2786
1966	0.4162	0.2726
1967	0.4164	0.2737
1968	0.4155	0.2731
1969	0.4162	0.2739
1970	0.4185	0.2777
1971	0.4157	0.2726
1972	0.4162	0.2747
1973	0.4164	0.2745
1974	0.42	0.2803
1975	0.4175	0.2767
1976	0.4169	0.2754
1977	0.4146	0.2726
1978	0.4159	0.2751
1979	0.4155	0.2738
1980	0.4158	0.2741
1981	0.4139	0.2712
1982	0.4145	0.2712
1983	0.4146	0.272
1984	0.4156	0.2733
1985	0.4187	0.2763
1986	0.4139	0.2709
1987	0.4173	0.2739
1988	0.4138	0.2711
1989	0.4171	0.2741
1990	0.414	0.2713
1991	0.4162	0.2755
1992	0.4165	0.2759
1993	0.4139	0.2722
1994	0.4149	0.2736
1995	0.4164	0.2752
1996	0.4175	0.2762
1997	0.4144	0.2719
1998	0.4168	0.2756
1999	0.4137	0.272
