epoch:	train_RMSD:	train_MAE:
0	7.0257	6.1157
1	6.44	5.4419
2	4.6517	3.3953
3	4.1168	2.9531
4	3.9019	2.848
5	3.749	2.8109
6	3.6326	2.8046
7	3.5493	2.815
8	3.5008	2.8338
9	3.4804	2.853
10	3.4741	2.8686
11	3.4732	2.8786
12	3.4733	2.8828
13	3.4734	2.8837
14	3.4733	2.8829
15	3.4732	2.8808
16	3.4732	2.8807
17	3.4731	2.8792
18	3.4732	2.8801
19	3.4732	2.8818
20	3.4733	2.883
21	3.4731	2.8808
22	3.473	2.8804
23	3.4727	2.879
24	3.4725	2.8806
25	3.4722	2.8799
26	3.4718	2.8788
27	3.4713	2.8761
28	3.4708	2.8768
29	3.4701	2.8781
30	3.4686	2.8747
31	3.4662	2.873
32	3.4619	2.8681
33	3.4559	2.8623
34	3.4469	2.85
35	3.4344	2.8412
36	3.4153	2.8191
37	3.385	2.7837
38	3.3153	2.6914
39	3.2048	2.5461
40	3.0241	2.3016
41	2.8193	2.0037
42	2.6716	1.8239
43	2.5846	1.7238
44	2.5339	1.679
45	2.5017	1.6411
46	2.4876	1.6308
47	2.4594	1.6157
48	2.4299	1.5875
49	2.3892	1.5583
50	2.3753	1.55
51	2.3531	1.5392
52	2.337	1.5266
53	2.3226	1.51
54	2.2966	1.4873
55	2.2874	1.4757
56	2.2818	1.4745
57	2.2711	1.4601
58	2.2613	1.4529
59	2.2531	1.4514
60	2.2526	1.4551
61	2.2355	1.4272
62	2.2281	1.4164
63	2.213	1.4057
64	2.207	1.4068
65	2.2011	1.3992
66	2.1831	1.3784
67	2.1699	1.3706
68	2.1948	1.428
69	2.1284	1.343
70	2.0734	1.3156
71	2.0606	1.3065
72	2.0054	1.268
73	2.0216	1.3262
74	2.0192	1.3191
75	1.9421	1.2279
76	1.9251	1.2171
77	1.9051	1.1934
78	1.8959	1.1831
79	1.8749	1.1807
80	1.9076	1.2028
81	1.8682	1.1726
82	1.8331	1.1482
83	1.8211	1.1371
84	1.8118	1.1319
85	1.7979	1.1278
86	1.7919	1.1332
87	1.7794	1.1125
88	1.7929	1.1246
89	1.7581	1.0993
90	1.7508	1.0907
91	1.773	1.1382
92	1.8209	1.1991
93	1.7247	1.0835
94	1.7271	1.0777
95	1.7016	1.0646
96	1.6915	1.0594
97	1.7075	1.0924
98	1.7285	1.1183
99	1.682	1.0543
100	1.6779	1.0458
101	1.6654	1.0363
102	1.6533	1.032
103	1.636	1.0213
104	1.6258	1.017
105	1.6324	1.0302
106	1.6346	1.0396
107	1.6074	1.0045
108	1.637	1.0221
109	1.6912	1.0669
110	1.6759	1.0632
111	1.6038	1.001
112	1.5945	1.0099
113	1.5962	1.0144
114	1.6012	1.0258
115	1.5811	0.9791
116	1.599	1.0114
117	1.6212	1.0298
118	1.5569	0.9742
119	1.5638	0.993
120	1.5795	1.0113
121	1.5546	0.9914
122	1.5414	0.961
123	1.5464	0.964
124	1.5275	0.9505
125	1.5274	0.9529
126	1.5171	0.963
127	1.5345	0.986
128	1.5001	0.9361
129	1.5143	0.9469
130	1.4941	0.9313
131	1.4854	0.933
132	1.4801	0.9302
133	1.4719	0.9181
134	1.4646	0.9138
135	1.4714	0.9149
136	1.4554	0.9029
137	1.4542	0.9059
138	1.4431	0.8965
139	1.442	0.9068
140	1.4338	0.8968
141	1.432	0.891
142	1.4284	0.8897
143	1.4426	0.9026
144	1.4591	0.9226
145	1.4113	0.8764
146	1.4109	0.8827
147	1.4002	0.8676
148	1.4309	0.8978
149	1.4504	0.9177
150	1.4768	0.9332
151	1.4254	0.8929
152	1.3876	0.8596
153	1.3816	0.8532
154	1.3817	0.855
155	1.3992	0.8743
156	1.3863	0.8643
157	1.4011	0.8761
158	1.3884	0.8684
159	1.4123	0.8894
160	1.3477	0.8356
161	1.3516	0.845
162	1.3372	0.8274
163	1.3316	0.82
164	1.3282	0.8206
165	1.3216	0.8134
166	1.3258	0.8182
167	1.3183	0.8137
168	1.3082	0.8071
169	1.3068	0.8086
170	1.31	0.8164
171	1.3631	0.8792
172	1.3076	0.8195
173	1.2941	0.8037
174	1.3268	0.8338
175	1.2919	0.8035
176	1.2825	0.7936
177	1.2826	0.7974
178	1.2751	0.7945
179	1.3052	0.8325
180	1.3014	0.8373
181	1.271	0.7918
182	1.259	0.7799
183	1.2497	0.7715
184	1.2654	0.7966
185	1.2494	0.775
186	1.2458	0.7699
187	1.2621	0.7989
188	1.2569	0.7896
189	1.2355	0.7642
190	1.2294	0.769
191	1.2295	0.7624
192	1.2855	0.8262
193	1.3017	0.8414
194	1.2882	0.8278
195	1.2306	0.7667
196	1.2102	0.7511
197	1.2072	0.7479
198	1.2043	0.7478
199	1.2168	0.7652
200	1.2033	0.7474
201	1.1914	0.7373
202	1.192	0.7411
203	1.188	0.7408
204	1.1877	0.7387
205	1.1853	0.7388
206	1.2204	0.7746
207	1.2148	0.7778
208	1.1891	0.7466
209	1.2042	0.7619
210	1.1802	0.7382
211	1.2164	0.7786
212	1.1761	0.7349
213	1.165	0.7238
214	1.1644	0.7265
215	1.1839	0.7505
216	1.1594	0.7203
217	1.1513	0.7167
218	1.1425	0.7058
219	1.1414	0.7067
220	1.1405	0.7102
221	1.1406	0.7058
222	1.134	0.7046
223	1.1359	0.7083
224	1.1573	0.7324
225	1.1473	0.7291
226	1.1446	0.7188
227	1.1612	0.7468
228	1.1443	0.7247
229	1.1499	0.7305
230	1.1685	0.7556
231	1.1236	0.7042
232	1.1168	0.6947
233	1.1178	0.7015
234	1.1132	0.7002
235	1.1012	0.6843
236	1.1057	0.6895
237	1.1082	0.6947
238	1.1004	0.6871
239	1.1004	0.6877
240	1.1016	0.6891
241	1.0925	0.6843
242	1.0921	0.6829
243	1.0873	0.6762
244	1.0869	0.678
245	1.0844	0.6793
246	1.078	0.6714
247	1.0775	0.6763
248	1.0747	0.6674
249	1.0732	0.6706
250	1.0688	0.6655
251	1.0935	0.6902
252	1.068	0.668
253	1.0809	0.6865
254	1.0716	0.6715
255	1.0714	0.6722
256	1.0685	0.6733
257	1.0686	0.671
258	1.0937	0.6993
259	1.0676	0.6787
260	1.0618	0.6745
261	1.0633	0.6769
262	1.0883	0.7039
263	1.0964	0.7088
264	1.0626	0.6807
265	1.0538	0.6667
266	1.0453	0.6595
267	1.0507	0.6597
268	1.0461	0.6575
269	1.0527	0.6656
270	1.0382	0.6544
271	1.0392	0.6578
272	1.0438	0.6642
273	1.0607	0.6855
274	1.0395	0.661
275	1.0225	0.6455
276	1.0215	0.6456
277	1.0224	0.6451
278	1.0339	0.6634
279	1.0173	0.641
280	1.012	0.6383
281	1.013	0.6409
282	1.0102	0.6364
283	1.0065	0.6354
284	1.0062	0.6363
285	1.0068	0.6343
286	1.0044	0.6373
287	1.0098	0.641
288	1.0359	0.6715
289	1.0007	0.6379
290	0.9955	0.6303
291	0.9974	0.635
292	0.9889	0.6232
293	0.9873	0.6248
294	0.9911	0.6278
295	0.9848	0.6261
296	0.9832	0.6247
297	0.9911	0.6315
298	0.9799	0.6197
299	0.9837	0.6267
300	0.9885	0.6299
301	0.9772	0.6234
302	0.9757	0.6222
303	1.0158	0.6661
304	0.9742	0.6213
305	0.9942	0.6449
306	0.9718	0.6203
307	0.9979	0.6443
308	0.989	0.6401
309	0.9738	0.6233
310	0.961	0.6146
311	0.9605	0.6116
312	0.9579	0.611
313	0.9583	0.6096
314	0.9793	0.6315
315	0.9522	0.6081
316	0.9561	0.6129
317	0.9648	0.6265
318	0.9546	0.6108
319	0.9732	0.6358
320	0.9482	0.6059
321	0.9436	0.6026
322	0.9482	0.6061
323	0.9468	0.6071
324	0.9402	0.6024
325	0.9394	0.6044
326	0.9596	0.6309
327	0.9715	0.6444
328	0.9331	0.6019
329	0.9366	0.6025
330	0.9329	0.6013
331	0.9343	0.6015
332	0.9326	0.6017
333	0.932	0.603
334	0.9222	0.597
335	0.9548	0.6278
336	0.9404	0.6172
337	0.9261	0.6023
338	0.925	0.5995
339	0.9298	0.6059
340	0.937	0.6203
341	0.928	0.6061
342	0.912	0.5879
343	0.9121	0.5892
344	0.9111	0.5883
345	0.9067	0.5849
346	0.9404	0.6226
347	1.0269	0.7148
348	0.9271	0.6158
349	0.9075	0.5887
350	0.8969	0.578
351	0.8982	0.583
352	0.9004	0.5833
353	0.9122	0.5939
354	0.9043	0.5894
355	0.8934	0.5822
356	0.8935	0.5787
357	0.8966	0.5887
358	0.9587	0.6501
359	0.9192	0.611
360	0.892	0.582
361	0.8933	0.5851
362	0.9243	0.6204
363	0.9531	0.6522
364	0.9316	0.6262
365	0.9153	0.6115
366	0.9914	0.6874
367	0.8947	0.5891
368	0.8888	0.5872
369	0.8954	0.5904
370	0.8787	0.5754
371	0.8746	0.5734
372	0.872	0.5738
373	0.8744	0.5736
374	0.8731	0.5707
375	0.8691	0.5676
376	0.8658	0.5672
377	0.8638	0.5643
378	0.869	0.5711
379	0.864	0.5669
380	0.9174	0.6088
381	0.8815	0.5842
382	0.8583	0.5653
383	0.8633	0.5698
384	0.8739	0.5767
385	0.8615	0.5712
386	0.8737	0.5782
387	0.8552	0.5647
388	0.8527	0.5627
389	0.8631	0.5725
390	0.923	0.6407
391	0.9604	0.6777
392	0.86	0.5738
393	0.8503	0.5628
394	0.858	0.5764
395	0.8414	0.5543
396	0.8406	0.5543
397	0.8401	0.5546
398	0.8382	0.5547
399	0.8398	0.5565
400	0.8359	0.5529
401	0.836	0.5554
402	0.8547	0.5662
403	0.8415	0.5628
404	0.8453	0.5632
405	0.8559	0.5811
406	0.8471	0.5676
407	0.841	0.5636
408	0.8539	0.5748
409	0.8315	0.5528
410	0.8306	0.5521
411	0.8272	0.5496
412	0.8245	0.5446
413	0.8435	0.5703
414	0.8609	0.5871
415	0.8355	0.5594
416	0.8185	0.5426
417	0.817	0.5462
418	0.8144	0.5405
419	0.8252	0.5527
420	0.8196	0.5494
421	0.8121	0.5393
422	0.8248	0.5545
423	0.8151	0.5482
424	0.8473	0.584
425	0.834	0.5665
426	0.8333	0.5626
427	0.8353	0.567
428	0.8145	0.5483
429	0.8127	0.5425
430	0.8018	0.532
431	0.8037	0.5383
432	0.8061	0.5401
433	0.7995	0.532
434	0.8055	0.5377
435	0.812	0.5513
436	0.8054	0.5445
437	0.813	0.5513
438	0.7954	0.53
439	0.7947	0.5321
440	0.7926	0.531
441	0.7941	0.533
442	0.8192	0.5572
443	0.7921	0.5323
444	0.7939	0.534
445	0.7897	0.529
446	0.8136	0.5544
447	0.7968	0.5374
448	0.8045	0.5465
449	0.8354	0.5836
450	0.792	0.533
451	0.8403	0.589
452	0.8282	0.5764
453	0.7847	0.5293
454	0.7787	0.5253
455	0.7916	0.5349
456	0.7777	0.5225
457	0.7759	0.5195
458	0.7834	0.5356
459	0.7851	0.5289
460	0.7827	0.5317
461	0.7775	0.5239
462	0.7981	0.5413
463	0.7828	0.5294
464	0.7758	0.5263
465	0.7782	0.5245
466	0.776	0.5218
467	0.7745	0.5251
468	0.767	0.5159
469	0.7786	0.5292
470	0.7706	0.5227
471	0.7764	0.5315
472	0.7804	0.5344
473	0.7797	0.5384
474	0.7748	0.5297
475	0.765	0.5199
476	0.8083	0.5626
477	0.7767	0.5347
478	0.7606	0.5171
479	0.763	0.5194
480	0.7531	0.5105
481	0.7962	0.5532
482	0.7574	0.5132
483	0.7679	0.5239
484	0.7589	0.517
485	0.7603	0.522
486	0.7649	0.5261
487	0.7533	0.5097
488	0.7552	0.5144
489	0.7542	0.5124
490	0.7569	0.5179
491	0.7476	0.5088
492	0.7489	0.5116
493	0.7639	0.5226
494	0.7569	0.519
495	0.7501	0.5153
496	0.7514	0.5128
497	0.744	0.5072
498	0.7579	0.5214
499	0.7653	0.5316
500	0.739	0.5009
501	0.7419	0.5067
502	0.7401	0.5057
503	0.7348	0.4993
504	0.747	0.5123
505	0.7653	0.5352
506	0.7672	0.5355
507	0.7783	0.5469
508	0.7627	0.534
509	0.8259	0.5961
510	0.7505	0.5162
511	0.77	0.5379
512	0.7543	0.5241
513	0.747	0.5115
514	0.7395	0.5062
515	0.7417	0.5119
516	0.7324	0.5038
517	0.7274	0.497
518	0.7289	0.4971
519	0.7272	0.4974
520	0.7255	0.4968
521	0.7323	0.504
522	0.7668	0.5357
523	0.7284	0.502
524	0.7633	0.5391
525	0.7314	0.5034
526	0.7304	0.5006
527	0.7427	0.5119
528	0.72	0.4925
529	0.7203	0.4933
530	0.7584	0.5351
531	0.7259	0.5017
532	0.7167	0.4897
533	0.7179	0.4907
534	0.7255	0.4992
535	0.7341	0.5063
536	0.7199	0.4953
537	0.7266	0.5047
538	0.7164	0.4916
539	0.7132	0.4908
540	0.7131	0.4909
541	0.7218	0.497
542	0.7164	0.4941
543	0.713	0.493
544	0.7523	0.5296
545	0.7329	0.5151
546	0.7172	0.4941
547	0.7094	0.4893
548	0.7128	0.4911
549	0.7089	0.4893
550	0.7201	0.4998
551	0.7161	0.4937
552	0.7088	0.4887
553	0.7086	0.4895
554	0.7141	0.4969
555	0.7126	0.4966
556	0.7242	0.5062
557	0.7075	0.489
558	0.7486	0.5352
559	0.7693	0.5554
560	0.7214	0.5054
561	0.6978	0.4814
562	0.7123	0.4941
563	0.7088	0.495
564	0.6992	0.4825
565	0.7204	0.5061
566	0.7027	0.4843
567	0.7107	0.4949
568	0.7183	0.5106
569	0.7091	0.4948
570	0.7012	0.4863
571	0.7061	0.489
572	0.6981	0.4838
573	0.6988	0.4849
574	0.7279	0.5089
575	0.746	0.5325
576	0.7067	0.4921
577	0.6944	0.4778
578	0.6969	0.4833
579	0.687	0.4708
580	0.7007	0.4844
581	0.6918	0.4785
582	0.6996	0.4908
583	0.7312	0.5241
584	0.728	0.5135
585	0.6882	0.4762
586	0.7128	0.4989
587	0.702	0.4917
588	0.6954	0.4832
589	0.7249	0.5144
590	0.705	0.4947
591	0.6849	0.4734
592	0.6846	0.4751
593	0.687	0.4761
594	0.6817	0.4743
595	0.6894	0.4779
596	0.6898	0.482
597	0.6914	0.482
598	0.718	0.5134
599	0.6878	0.4818
600	0.6772	0.4711
601	0.6932	0.4854
602	0.682	0.472
603	0.6825	0.4731
604	0.7133	0.5061
605	0.7216	0.5201
606	0.6823	0.4754
607	0.6762	0.4702
608	0.6811	0.4722
609	0.6765	0.4704
610	0.6795	0.4741
611	0.6736	0.4682
612	0.6689	0.4637
613	0.6705	0.4667
614	0.6693	0.4645
615	0.6688	0.4618
616	0.6903	0.483
617	0.6834	0.4778
618	0.6945	0.49
619	0.7148	0.5106
620	0.7192	0.5126
621	0.7043	0.4996
622	0.6699	0.465
623	0.6732	0.4715
624	0.6733	0.4683
625	0.6988	0.4913
626	0.6906	0.48
627	0.7092	0.5047
628	0.672	0.4725
629	0.6691	0.4629
630	0.6721	0.4712
631	0.6755	0.4757
632	0.6785	0.4749
633	0.673	0.4693
634	0.6636	0.463
635	0.6881	0.4867
636	0.6789	0.481
637	0.6658	0.4662
638	0.6655	0.465
639	0.6605	0.4605
640	0.6725	0.4725
641	0.6939	0.4978
642	0.6723	0.4704
643	0.673	0.4709
644	0.6603	0.4591
645	0.6578	0.4614
646	0.6638	0.464
647	0.6689	0.4718
648	0.6567	0.4567
649	0.6738	0.4726
650	0.6546	0.4543
651	0.6742	0.4791
652	0.6647	0.4633
653	0.6593	0.4615
654	0.6567	0.4584
655	0.6644	0.4671
656	0.6594	0.4581
657	0.657	0.46
658	0.6639	0.4679
659	0.6491	0.4521
660	0.6452	0.4488
661	0.6458	0.4467
662	0.6472	0.4497
663	0.6545	0.456
664	0.6472	0.4499
665	0.6436	0.4467
666	0.6562	0.461
667	0.6531	0.4549
668	0.6688	0.4745
669	0.6873	0.4972
670	0.6482	0.4509
671	0.6554	0.4585
672	0.7467	0.5456
673	0.6809	0.4834
674	0.6455	0.4491
675	0.6633	0.4662
676	0.6471	0.4503
677	0.6456	0.452
678	0.6451	0.449
679	0.6674	0.4702
680	0.6441	0.4491
681	0.6781	0.4818
682	0.6525	0.4577
683	0.6461	0.4509
684	0.6431	0.4522
685	0.6471	0.453
686	0.6384	0.447
687	0.6358	0.4437
688	0.663	0.4665
689	0.6652	0.4729
690	0.6363	0.4422
691	0.646	0.4518
692	0.6449	0.4507
693	0.6403	0.4489
694	0.6379	0.4427
695	0.6475	0.4545
696	0.6383	0.4483
697	0.6407	0.4478
698	0.6443	0.4549
699	0.6288	0.4356
700	0.6337	0.4411
701	0.6382	0.4454
702	0.6429	0.4532
703	0.6355	0.4471
704	0.6354	0.4471
705	0.6587	0.4664
706	0.6395	0.4471
707	0.6325	0.4404
708	0.6414	0.4514
709	0.6336	0.4448
710	0.6294	0.4389
711	0.6525	0.4627
712	0.6624	0.4771
713	0.6346	0.4463
714	0.6858	0.4901
715	0.6881	0.4976
716	0.6499	0.4562
717	0.6527	0.4616
718	0.7201	0.5277
719	0.644	0.4559
720	0.6398	0.4546
721	0.6303	0.4414
722	0.6224	0.4327
723	0.6267	0.4365
724	0.6259	0.4374
725	0.6267	0.4376
726	0.6254	0.4391
727	0.6269	0.4351
728	0.6263	0.4386
729	0.6245	0.4375
730	0.6226	0.435
731	0.653	0.4703
732	0.6246	0.4356
733	0.6265	0.4419
734	0.6256	0.4383
735	0.6229	0.4364
736	0.6286	0.4404
737	0.6209	0.4343
738	0.6485	0.4565
739	0.6376	0.4491
740	0.6207	0.4331
741	0.6175	0.4332
742	0.6157	0.4299
743	0.6325	0.4447
744	0.6206	0.4349
745	0.6224	0.4393
746	0.6359	0.4481
747	0.6341	0.4479
748	0.6232	0.4434
749	0.6147	0.4315
750	0.6187	0.4336
751	0.6137	0.4291
752	0.6237	0.4377
753	0.6264	0.4419
754	0.6324	0.4455
755	0.6185	0.4334
756	0.6207	0.437
757	0.6082	0.4215
758	0.614	0.4294
759	0.6615	0.4744
760	0.7144	0.5261
761	0.6176	0.4306
762	0.61	0.4245
763	0.6287	0.4451
764	0.6214	0.4357
765	0.6513	0.4674
766	0.6614	0.4791
767	0.635	0.4529
768	0.6143	0.4321
769	0.6069	0.4225
770	0.6087	0.4264
771	0.6267	0.4401
772	0.6171	0.437
773	0.6311	0.4466
774	0.6261	0.4444
775	0.6323	0.4453
776	0.6139	0.4324
777	0.6172	0.4327
778	0.663	0.4766
779	0.6364	0.4512
780	0.6061	0.4216
781	0.609	0.4255
782	0.6142	0.4311
783	0.6093	0.4262
784	0.6251	0.4425
785	0.5976	0.4142
786	0.6044	0.4229
787	0.6123	0.4289
788	0.597	0.4177
789	0.6072	0.4246
790	0.602	0.4218
791	0.6023	0.421
792	0.6085	0.4279
793	0.5979	0.4168
794	0.6075	0.4285
795	0.6165	0.4371
796	0.6117	0.4324
797	0.6298	0.4446
798	0.5974	0.4165
799	0.6707	0.492
800	0.6173	0.4342
801	0.6256	0.443
802	0.6159	0.4389
803	0.6001	0.4222
804	0.6004	0.4207
805	0.6292	0.4468
806	0.5959	0.4181
807	0.6116	0.4368
808	0.5957	0.4164
809	0.6077	0.4283
810	0.6242	0.4435
811	0.5957	0.4153
812	0.6134	0.4339
813	0.5996	0.4198
814	0.6292	0.4483
815	0.6082	0.4283
816	0.5908	0.4105
817	0.5983	0.4197
818	0.65	0.4806
819	0.6149	0.437
820	0.6624	0.4793
821	0.609	0.4296
822	0.6004	0.4229
823	0.5994	0.4214
824	0.5939	0.4166
825	0.5983	0.4217
826	0.5922	0.4131
827	0.5935	0.4157
828	0.6067	0.4297
829	0.6363	0.4596
830	0.5945	0.4144
831	0.5925	0.4144
832	0.5909	0.4138
833	0.6029	0.4261
834	0.5955	0.4168
835	0.5857	0.4099
836	0.5985	0.4176
837	0.6362	0.4536
838	0.6019	0.4213
839	0.5931	0.4146
840	0.592	0.4159
841	0.6135	0.4395
842	0.59	0.4134
843	0.5837	0.406
844	0.5782	0.4009
845	0.5914	0.4162
846	0.5842	0.4072
847	0.6145	0.4377
848	0.6053	0.4262
849	0.6048	0.4319
850	0.5981	0.4188
851	0.5891	0.4129
852	0.5836	0.4064
853	0.5904	0.4191
854	0.608	0.4285
855	0.5895	0.4133
856	0.5815	0.4041
857	0.5937	0.4161
858	0.6299	0.4494
859	0.6089	0.4308
860	0.5915	0.4137
861	0.6014	0.4312
862	0.6136	0.4428
863	0.6194	0.451
864	0.6152	0.4436
865	0.59	0.415
866	0.5835	0.4048
867	0.5825	0.4085
868	0.5823	0.4063
869	0.5795	0.403
870	0.5817	0.4065
871	0.5791	0.4023
872	0.5753	0.4019
873	0.5921	0.4203
874	0.5796	0.406
875	0.5781	0.4004
876	0.6157	0.4391
877	0.5831	0.4066
878	0.5703	0.3972
879	0.598	0.4236
880	0.5812	0.4043
881	0.5743	0.4007
882	0.5725	0.3985
883	0.5757	0.4017
884	0.5761	0.4014
885	0.614	0.4374
886	0.587	0.4115
887	0.5906	0.4177
888	0.5879	0.4168
889	0.5718	0.3972
890	0.5817	0.411
891	0.5726	0.3987
892	0.5828	0.4136
893	0.6204	0.4534
894	0.5795	0.4121
895	0.5735	0.4002
896	0.5681	0.3962
897	0.5665	0.3941
898	0.5783	0.4059
899	0.5708	0.3994
900	0.5658	0.3911
901	0.5798	0.4083
902	0.5978	0.4234
903	0.6015	0.4339
904	0.5856	0.4146
905	0.5776	0.4037
906	0.5784	0.4079
907	0.5893	0.4144
908	0.5644	0.3911
909	0.5653	0.3898
910	0.5716	0.4002
911	0.5845	0.4163
912	0.5732	0.4037
913	0.5677	0.3968
914	0.5832	0.4093
915	0.5624	0.3912
916	0.5706	0.3987
917	0.5827	0.4108
918	0.5725	0.4032
919	0.5704	0.4029
920	0.5772	0.4091
921	0.5691	0.3975
922	0.5716	0.4001
923	0.572	0.4045
924	0.6006	0.4317
925	0.5693	0.3999
926	0.5842	0.4137
927	0.5834	0.41
928	0.5798	0.4102
929	0.5731	0.4025
930	0.5714	0.4015
931	0.5747	0.4061
932	0.5893	0.4232
933	0.5869	0.4164
934	0.5678	0.3952
935	0.5708	0.399
936	0.59	0.4193
937	0.5652	0.3967
938	0.5824	0.4175
939	0.5924	0.4257
940	0.5858	0.4159
941	0.5651	0.3927
942	0.5624	0.3954
943	0.5572	0.3881
944	0.5769	0.4138
945	0.562	0.3957
946	0.5606	0.3929
947	0.554	0.386
948	0.5572	0.3875
949	0.556	0.3873
950	0.5559	0.3894
951	0.565	0.3932
952	0.5864	0.4168
953	0.5543	0.3872
954	0.5897	0.4241
955	0.5868	0.4231
956	0.5718	0.4054
957	0.5657	0.3968
958	0.5522	0.3854
959	0.5628	0.3971
960	0.5635	0.3964
961	0.5546	0.3871
962	0.5499	0.3829
963	0.6171	0.4496
964	0.6178	0.4495
965	0.5646	0.3934
966	0.5617	0.3968
967	0.5534	0.3845
968	0.5617	0.3954
969	0.5686	0.4002
970	0.5496	0.3824
971	0.5609	0.3945
972	0.5822	0.4107
973	0.5747	0.4065
974	0.5581	0.392
975	0.5545	0.3873
976	0.564	0.3947
977	0.5777	0.415
978	0.5679	0.4025
979	0.5509	0.3846
980	0.5657	0.3961
981	0.5562	0.3885
982	0.5595	0.396
983	0.5639	0.3963
984	0.5583	0.3925
985	0.5578	0.3899
986	0.5458	0.3794
987	0.5654	0.3975
988	0.5652	0.3975
989	0.5483	0.3817
990	0.5558	0.3905
991	0.556	0.3918
992	0.5995	0.4383
993	0.5552	0.3893
994	0.5637	0.3971
995	0.565	0.3983
996	0.5707	0.4103
997	0.5568	0.39
998	0.5665	0.4011
999	0.5812	0.4168
1000	0.5675	0.4036
1001	0.5483	0.3847
1002	0.5468	0.3816
1003	0.5457	0.3819
1004	0.553	0.3873
1005	0.5537	0.3909
1006	0.553	0.3855
1007	0.539	0.3743
1008	0.5408	0.3768
1009	0.5601	0.3966
1010	0.5434	0.3775
1011	0.5426	0.3802
1012	0.5485	0.3811
1013	0.578	0.4159
1014	0.5634	0.3955
1015	0.5654	0.3994
1016	0.555	0.3899
1017	0.543	0.3787
1018	0.5381	0.376
1019	0.5372	0.3735
1020	0.5414	0.3792
1021	0.5548	0.3878
1022	0.5721	0.4067
1023	0.5413	0.3764
1024	0.5586	0.3913
1025	0.5476	0.3841
1026	0.5495	0.3834
1027	0.5447	0.3835
1028	0.5471	0.3844
1029	0.5557	0.3926
1030	0.5467	0.3831
1031	0.5415	0.3792
1032	0.5503	0.3825
1033	0.5408	0.3771
1034	0.5449	0.3801
1035	0.5807	0.4176
1036	0.5824	0.4207
1037	0.5906	0.424
1038	0.5407	0.3776
1039	0.5501	0.3878
1040	0.6005	0.439
1041	0.5591	0.3945
1042	0.5692	0.4037
1043	0.5824	0.416
1044	0.5555	0.3902
1045	0.5485	0.3875
1046	0.5396	0.3775
1047	0.5548	0.3935
1048	0.5385	0.3791
1049	0.5362	0.3741
1050	0.5341	0.3726
1051	0.5336	0.3723
1052	0.5408	0.3778
1053	0.5344	0.3747
1054	0.5557	0.3997
1055	0.5571	0.4006
1056	0.6128	0.4616
1057	0.5921	0.4376
1058	0.5348	0.3732
1059	0.5364	0.3758
1060	0.5372	0.3765
1061	0.5534	0.3913
1062	0.5347	0.3728
1063	0.5428	0.3798
1064	0.5406	0.3791
1065	0.5578	0.3953
1066	0.5577	0.3954
1067	0.5364	0.3749
1068	0.5356	0.3769
1069	0.5469	0.3895
1070	0.5288	0.3702
1071	0.5361	0.3757
1072	0.5446	0.385
1073	0.5509	0.3913
1074	0.5305	0.3687
1075	0.5289	0.3694
1076	0.5309	0.3703
1077	0.5366	0.3812
1078	0.5409	0.3751
1079	0.5345	0.3746
1080	0.5357	0.3741
1081	0.5317	0.3712
1082	0.5263	0.3662
1083	0.5232	0.3644
1084	0.5262	0.3682
1085	0.5293	0.3724
1086	0.5303	0.3697
1087	0.5291	0.3723
1088	0.5344	0.3739
1089	0.5243	0.3666
1090	0.5328	0.3745
1091	0.5304	0.373
1092	0.5404	0.3837
1093	0.5255	0.3676
1094	0.5308	0.3736
1095	0.5283	0.3699
1096	0.5336	0.3724
1097	0.5766	0.4129
1098	0.5364	0.3787
1099	0.5693	0.4087
1100	0.5393	0.3762
1101	0.5325	0.373
1102	0.5365	0.3796
1103	0.523	0.3653
1104	0.5679	0.4143
1105	0.5321	0.3763
1106	0.548	0.3875
1107	0.532	0.3731
1108	0.5227	0.3629
1109	0.5232	0.366
1110	0.5267	0.3659
1111	0.5279	0.3686
1112	0.5317	0.3723
1113	0.5242	0.3658
1114	0.5283	0.3731
1115	0.5523	0.3959
1116	0.5243	0.3641
1117	0.5308	0.3721
1118	0.5299	0.3719
1119	0.5341	0.3775
1120	0.5298	0.3732
1121	0.5379	0.3776
1122	0.5284	0.3721
1123	0.5353	0.377
1124	0.5309	0.3721
1125	0.5255	0.3709
1126	0.5346	0.3753
1127	0.5141	0.3576
1128	0.5293	0.3734
1129	0.5351	0.3801
1130	0.5396	0.3776
1131	0.517	0.3589
1132	0.5288	0.371
1133	0.5514	0.3922
1134	0.5261	0.3688
1135	0.5174	0.3583
1136	0.5241	0.3693
1137	0.52	0.3621
1138	0.5251	0.3658
1139	0.5197	0.3611
1140	0.5194	0.3631
1141	0.5204	0.3648
1142	0.5239	0.366
1143	0.5167	0.3594
1144	0.527	0.3707
1145	0.5247	0.3648
1146	0.5156	0.3588
1147	0.5231	0.3706
1148	0.5192	0.3647
1149	0.5174	0.3608
1150	0.5152	0.3606
1151	0.5381	0.3824
1152	0.5569	0.3986
1153	0.5296	0.3743
1154	0.5405	0.3807
1155	0.5228	0.3673
1156	0.5142	0.3593
1157	0.5518	0.3873
1158	0.5407	0.3844
1159	0.5194	0.3628
1160	0.5147	0.3564
1161	0.5127	0.3567
1162	0.5141	0.3572
1163	0.5243	0.3693
1164	0.5145	0.3598
1165	0.5146	0.3579
1166	0.5396	0.3828
1167	0.5102	0.3535
1168	0.534	0.3757
1169	0.509	0.3535
1170	0.5114	0.3561
1171	0.5059	0.3507
1172	0.5114	0.3562
1173	0.5193	0.3607
1174	0.5255	0.3681
1175	0.516	0.361
1176	0.5184	0.362
1177	0.5218	0.3688
1178	0.5124	0.3576
1179	0.5093	0.3544
1180	0.5108	0.3526
1181	0.5073	0.353
1182	0.5228	0.3695
1183	0.5834	0.4264
1184	0.5317	0.3817
1185	0.5306	0.3774
1186	0.5114	0.3557
1187	0.5112	0.3564
1188	0.5199	0.3661
1189	0.5245	0.3707
1190	0.5424	0.3864
1191	0.5148	0.3621
1192	0.512	0.3567
1193	0.5201	0.3659
1194	0.5222	0.3702
1195	0.5146	0.3592
1196	0.5057	0.3492
1197	0.5151	0.3612
1198	0.5084	0.3532
1199	0.5126	0.3572
1200	0.5084	0.355
1201	0.5139	0.3609
1202	0.5163	0.3643
1203	0.5278	0.3765
1204	0.5134	0.361
1205	0.5131	0.3599
1206	0.5097	0.3513
1207	0.5095	0.3566
1208	0.5074	0.354
1209	0.5183	0.3654
1210	0.5191	0.3655
1211	0.5227	0.3677
1212	0.5046	0.3501
1213	0.5042	0.3509
1214	0.5079	0.3532
1215	0.5189	0.3636
1216	0.5143	0.362
1217	0.5007	0.3487
1218	0.5019	0.3488
1219	0.5171	0.3673
1220	0.5054	0.354
1221	0.5059	0.3554
1222	0.5142	0.3586
1223	0.5251	0.3754
1224	0.5114	0.3624
1225	0.5185	0.3691
1226	0.5155	0.3652
1227	0.5221	0.3705
1228	0.5224	0.3662
1229	0.5137	0.3599
1230	0.5005	0.3472
1231	0.4988	0.3461
1232	0.5127	0.3639
1233	0.5286	0.3767
1234	0.5062	0.355
1235	0.5171	0.3631
1236	0.53	0.3737
1237	0.5057	0.3554
1238	0.51	0.3563
1239	0.5158	0.3628
1240	0.4975	0.348
1241	0.5091	0.3576
1242	0.5019	0.3499
1243	0.5016	0.3496
1244	0.4974	0.345
1245	0.4957	0.3441
1246	0.5115	0.3569
1247	0.5056	0.3543
1248	0.5009	0.3514
1249	0.5032	0.3489
1250	0.5074	0.3527
1251	0.5276	0.3776
1252	0.5073	0.3563
1253	0.5105	0.3585
1254	0.5593	0.4062
1255	0.5372	0.3884
1256	0.5044	0.3542
1257	0.5257	0.3784
1258	0.4983	0.3466
1259	0.5315	0.375
1260	0.515	0.3643
1261	0.5121	0.3597
1262	0.5146	0.3658
1263	0.5211	0.3695
1264	0.504	0.3508
1265	0.497	0.3457
1266	0.5077	0.3546
1267	0.4984	0.3442
1268	0.5121	0.362
1269	0.5316	0.3816
1270	0.4994	0.3492
1271	0.4972	0.3456
1272	0.4933	0.3432
1273	0.4963	0.3469
1274	0.5019	0.3513
1275	0.4969	0.348
1276	0.5096	0.3576
1277	0.5032	0.3495
1278	0.527	0.376
1279	0.4912	0.3421
1280	0.5046	0.3565
1281	0.4967	0.3456
1282	0.5148	0.3682
1283	0.5007	0.3505
1284	0.5084	0.3615
1285	0.5057	0.3559
1286	0.501	0.3497
1287	0.5299	0.3817
1288	0.5051	0.357
1289	0.4984	0.3512
1290	0.52	0.3679
1291	0.5081	0.3582
1292	0.5215	0.3719
1293	0.5131	0.3582
1294	0.4956	0.3452
1295	0.4952	0.3444
1296	0.4934	0.3428
1297	0.5065	0.3573
1298	0.5015	0.3486
1299	0.5053	0.3547
1300	0.5008	0.3505
1301	0.5154	0.3633
1302	0.5147	0.3668
1303	0.4946	0.346
1304	0.4918	0.3407
1305	0.5159	0.3675
1306	0.5266	0.378
1307	0.4946	0.3438
1308	0.4957	0.3468
1309	0.497	0.3481
1310	0.4929	0.345
1311	0.4961	0.3464
1312	0.4918	0.3428
1313	0.4849	0.3373
1314	0.4985	0.3511
1315	0.5059	0.3577
1316	0.4911	0.3397
1317	0.4998	0.3501
1318	0.4983	0.349
1319	0.498	0.3475
1320	0.4934	0.3448
1321	0.4906	0.3414
1322	0.5002	0.3544
1323	0.5101	0.3629
1324	0.5097	0.3567
1325	0.4998	0.3509
1326	0.5051	0.3597
1327	0.5085	0.3612
1328	0.4893	0.3388
1329	0.4982	0.3497
1330	0.4886	0.34
1331	0.4882	0.3394
1332	0.4867	0.3377
1333	0.4934	0.3457
1334	0.5049	0.3593
1335	0.5003	0.3544
1336	0.4872	0.3393
1337	0.4967	0.3523
1338	0.4863	0.3405
1339	0.4911	0.3416
1340	0.4877	0.3388
1341	0.4884	0.3417
1342	0.4843	0.3377
1343	0.4901	0.3419
1344	0.4922	0.3453
1345	0.487	0.3391
1346	0.4914	0.3457
1347	0.4914	0.3444
1348	0.4984	0.3527
1349	0.4867	0.3381
1350	0.4869	0.3364
1351	0.4944	0.3495
1352	0.4803	0.336
1353	0.5229	0.3718
1354	0.4918	0.343
1355	0.4874	0.3405
1356	0.4982	0.3536
1357	0.4965	0.3486
1358	0.5001	0.3541
1359	0.4867	0.3391
1360	0.491	0.3418
1361	0.4849	0.3392
1362	0.4938	0.3485
1363	0.4921	0.3434
1364	0.4816	0.335
1365	0.4845	0.3361
1366	0.4812	0.3341
1367	0.4871	0.3381
1368	0.477	0.3301
1369	0.5349	0.3871
1370	0.5253	0.3749
1371	0.4865	0.3375
1372	0.5014	0.3568
1373	0.499	0.3554
1374	0.5059	0.3591
1375	0.514	0.37
1376	0.4888	0.343
1377	0.478	0.3291
1378	0.4974	0.348
1379	0.496	0.35
1380	0.4851	0.3392
1381	0.4762	0.3296
1382	0.479	0.3339
1383	0.486	0.3384
1384	0.4779	0.3319
1385	0.4902	0.3414
1386	0.491	0.3453
1387	0.4935	0.3509
1388	0.538	0.3985
1389	0.5097	0.3655
1390	0.4933	0.3488
1391	0.514	0.3743
1392	0.5257	0.385
1393	0.4842	0.3369
1394	0.4886	0.3442
1395	0.4862	0.3388
1396	0.4864	0.3382
1397	0.4857	0.3378
1398	0.4803	0.3344
1399	0.4794	0.3351
1400	0.4937	0.3481
1401	0.4794	0.334
1402	0.4851	0.3384
1403	0.4806	0.3334
1404	0.4802	0.3353
1405	0.4765	0.3296
1406	0.4797	0.3321
1407	0.4719	0.3275
1408	0.4894	0.3482
1409	0.5123	0.3717
1410	0.5203	0.376
1411	0.5057	0.3616
1412	0.4955	0.3502
1413	0.4903	0.3444
1414	0.485	0.3398
1415	0.478	0.3318
1416	0.4738	0.328
1417	0.4793	0.3334
1418	0.479	0.334
1419	0.4919	0.3469
1420	0.4759	0.3321
1421	0.4811	0.3374
1422	0.4763	0.3308
1423	0.4874	0.341
1424	0.4832	0.3376
1425	0.4747	0.3274
1426	0.4789	0.3311
1427	0.4818	0.3371
1428	0.4854	0.3393
1429	0.4842	0.338
1430	0.4785	0.3327
1431	0.4791	0.3333
1432	0.4845	0.3399
1433	0.4702	0.3244
1434	0.4716	0.3275
1435	0.4719	0.3262
1436	0.4792	0.3324
1437	0.4896	0.3438
1438	0.4863	0.3435
1439	0.4884	0.3413
1440	0.4752	0.3301
1441	0.4684	0.3234
1442	0.4811	0.3376
1443	0.5091	0.3637
1444	0.4863	0.3421
1445	0.499	0.3513
1446	0.4791	0.3357
1447	0.4758	0.3319
1448	0.4748	0.3325
1449	0.4809	0.3371
1450	0.4891	0.3445
1451	0.4774	0.3348
1452	0.4862	0.3438
1453	0.5091	0.3687
1454	0.4697	0.3249
1455	0.4712	0.3284
1456	0.4718	0.3284
1457	0.481	0.3365
1458	0.4898	0.3463
1459	0.4906	0.3499
1460	0.4777	0.3346
1461	0.4757	0.3306
1462	0.4718	0.3271
1463	0.477	0.3351
1464	0.4673	0.3235
1465	0.4824	0.3407
1466	0.4691	0.3261
1467	0.4671	0.3231
1468	0.4714	0.3276
1469	0.4732	0.3321
1470	0.4697	0.3269
1471	0.4974	0.3554
1472	0.5072	0.36
1473	0.5203	0.3709
1474	0.4845	0.3411
1475	0.4999	0.353
1476	0.4877	0.3464
1477	0.4923	0.3484
1478	0.4757	0.3355
1479	0.4694	0.3276
1480	0.4743	0.3311
1481	0.4726	0.3317
1482	0.4882	0.3457
1483	0.4868	0.3442
1484	0.4823	0.3384
1485	0.4705	0.3273
1486	0.4667	0.3245
1487	0.4757	0.331
1488	0.482	0.3377
1489	0.4827	0.3406
1490	0.4907	0.3466
1491	0.4886	0.3472
1492	0.4728	0.3286
1493	0.4724	0.3288
1494	0.4704	0.3283
1495	0.4738	0.3311
1496	0.478	0.3348
1497	0.4727	0.3288
1498	0.4794	0.3379
1499	0.4672	0.3241
1500	0.4605	0.3196
1501	0.4526	0.3095
1502	0.4533	0.31
1503	0.4508	0.3065
1504	0.4514	0.3077
1505	0.4494	0.3058
1506	0.4492	0.3061
1507	0.4496	0.307
1508	0.4484	0.3056
1509	0.4484	0.3059
1510	0.4509	0.3092
1511	0.4474	0.3047
1512	0.4491	0.3066
1513	0.4473	0.304
1514	0.447	0.3023
1515	0.4472	0.3038
1516	0.4479	0.3047
1517	0.4468	0.3037
1518	0.4459	0.3029
1519	0.4462	0.3031
1520	0.4471	0.3044
1521	0.4491	0.3073
1522	0.4462	0.3037
1523	0.446	0.3038
1524	0.445	0.302
1525	0.4469	0.3038
1526	0.4466	0.304
1527	0.4487	0.3067
1528	0.4469	0.3045
1529	0.4457	0.3029
1530	0.4463	0.3023
1531	0.4475	0.3048
1532	0.4457	0.3023
1533	0.4459	0.3031
1534	0.4455	0.3033
1535	0.446	0.3027
1536	0.4451	0.3021
1537	0.4455	0.3028
1538	0.4446	0.3012
1539	0.445	0.3014
1540	0.4459	0.3029
1541	0.4446	0.3018
1542	0.4445	0.3021
1543	0.4442	0.3024
1544	0.4448	0.3019
1545	0.4445	0.3021
1546	0.4432	0.3011
1547	0.444	0.3015
1548	0.4427	0.3002
1549	0.444	0.3015
1550	0.4502	0.309
1551	0.4504	0.3105
1552	0.4436	0.3017
1553	0.4435	0.3014
1554	0.4437	0.3013
1555	0.4432	0.3018
1556	0.4431	0.3005
1557	0.4432	0.3023
1558	0.4436	0.3019
1559	0.4443	0.3017
1560	0.4456	0.3041
1561	0.4434	0.3008
1562	0.4433	0.3015
1563	0.4435	0.3021
1564	0.446	0.3051
1565	0.4473	0.3066
1566	0.4429	0.3011
1567	0.4436	0.3018
1568	0.4435	0.3012
1569	0.4416	0.2991
1570	0.4433	0.3013
1571	0.4462	0.3059
1572	0.4457	0.3048
1573	0.4417	0.2999
1574	0.4418	0.2996
1575	0.4415	0.299
1576	0.441	0.2986
1577	0.4428	0.3011
1578	0.4421	0.2998
1579	0.4415	0.2996
1580	0.4421	0.2997
1581	0.4416	0.2996
1582	0.444	0.3035
1583	0.4425	0.3015
1584	0.4412	0.2993
1585	0.4435	0.3019
1586	0.4422	0.3004
1587	0.4432	0.3016
1588	0.4408	0.2984
1589	0.4415	0.2995
1590	0.4414	0.2984
1591	0.4408	0.2988
1592	0.4412	0.2997
1593	0.4407	0.2983
1594	0.4406	0.2982
1595	0.4407	0.2988
1596	0.4443	0.3033
1597	0.4416	0.2988
1598	0.4415	0.2991
1599	0.442	0.3005
1600	0.442	0.2997
1601	0.4405	0.2978
1602	0.449	0.3091
1603	0.4406	0.2982
1604	0.4403	0.2977
1605	0.4405	0.298
1606	0.4427	0.3008
1607	0.441	0.2989
1608	0.4411	0.2983
1609	0.4423	0.3013
1610	0.446	0.3045
1611	0.4404	0.2987
1612	0.4395	0.2974
1613	0.4414	0.3007
1614	0.4399	0.2981
1615	0.4414	0.2994
1616	0.4407	0.2989
1617	0.4413	0.2998
1618	0.4414	0.2991
1619	0.4395	0.2973
1620	0.4393	0.2967
1621	0.4416	0.3008
1622	0.4415	0.3003
1623	0.4416	0.2993
1624	0.4431	0.3016
1625	0.4409	0.3002
1626	0.4409	0.3
1627	0.4406	0.2993
1628	0.4386	0.2969
1629	0.4391	0.2979
1630	0.4397	0.2985
1631	0.4391	0.2977
1632	0.4398	0.2988
1633	0.4388	0.2973
1634	0.439	0.2973
1635	0.439	0.2975
1636	0.4387	0.2976
1637	0.4392	0.2977
1638	0.4405	0.2995
1639	0.4402	0.2994
1640	0.4388	0.2971
1641	0.4446	0.3043
1642	0.4422	0.3014
1643	0.4402	0.2982
1644	0.4402	0.299
1645	0.4385	0.2977
1646	0.4395	0.2991
1647	0.4412	0.3
1648	0.4393	0.2981
1649	0.4411	0.2998
1650	0.44	0.2985
1651	0.4398	0.2987
1652	0.4385	0.2968
1653	0.4395	0.2983
1654	0.4395	0.2986
1655	0.4425	0.3021
1656	0.4407	0.3001
1657	0.4401	0.2995
1658	0.4394	0.2979
1659	0.439	0.2978
1660	0.441	0.2994
1661	0.4396	0.2985
1662	0.4403	0.2989
1663	0.4387	0.2972
1664	0.438	0.2966
1665	0.439	0.2979
1666	0.4392	0.2975
1667	0.4383	0.296
1668	0.4399	0.2985
1669	0.4383	0.2956
1670	0.4393	0.2978
1671	0.4401	0.299
1672	0.4424	0.303
1673	0.4414	0.3011
1674	0.441	0.3008
1675	0.4381	0.2965
1676	0.4384	0.2973
1677	0.4391	0.2979
1678	0.4374	0.2956
1679	0.4378	0.2969
1680	0.4389	0.2973
1681	0.4383	0.2969
1682	0.4399	0.2985
1683	0.4439	0.3034
1684	0.4393	0.2983
1685	0.4383	0.2972
1686	0.4378	0.2967
1687	0.4391	0.298
1688	0.4378	0.2964
1689	0.4399	0.2998
1690	0.4371	0.2959
1691	0.4381	0.2972
1692	0.4393	0.2989
1693	0.4391	0.2979
1694	0.4394	0.2993
1695	0.437	0.2958
1696	0.4389	0.2992
1697	0.4389	0.2989
1698	0.4397	0.299
1699	0.4374	0.2964
1700	0.4367	0.2955
1701	0.4374	0.2963
1702	0.4388	0.2978
1703	0.4383	0.2977
1704	0.4393	0.2985
1705	0.4364	0.2947
1706	0.4376	0.2973
1707	0.4374	0.2965
1708	0.4378	0.297
1709	0.4377	0.2969
1710	0.4372	0.2965
1711	0.4377	0.2973
1712	0.4404	0.3008
1713	0.4384	0.2983
1714	0.4378	0.2973
1715	0.4374	0.2961
1716	0.4376	0.2974
1717	0.4369	0.2957
1718	0.4364	0.2949
1719	0.4362	0.2951
1720	0.4368	0.2961
1721	0.4375	0.2971
1722	0.4366	0.2956
1723	0.4363	0.296
1724	0.4364	0.2958
1725	0.4395	0.2999
1726	0.4401	0.3007
1727	0.4358	0.2947
1728	0.4393	0.2999
1729	0.4353	0.2944
1730	0.4361	0.2953
1731	0.4361	0.2952
1732	0.4372	0.2967
1733	0.443	0.3051
1734	0.4376	0.2977
1735	0.437	0.2964
1736	0.4363	0.296
1737	0.4374	0.297
1738	0.4364	0.296
1739	0.4364	0.2958
1740	0.4351	0.2942
1741	0.4413	0.3013
1742	0.4393	0.2989
1743	0.4421	0.302
1744	0.4361	0.2952
1745	0.4353	0.2942
1746	0.4369	0.2966
1747	0.4388	0.2987
1748	0.4353	0.2947
1749	0.4395	0.2987
1750	0.4376	0.2972
1751	0.4352	0.2944
1752	0.436	0.295
1753	0.4361	0.2952
1754	0.437	0.2963
1755	0.4348	0.294
1756	0.4356	0.2953
1757	0.4384	0.2989
1758	0.4358	0.2955
1759	0.4365	0.2957
1760	0.4365	0.2963
1761	0.4361	0.2951
1762	0.4357	0.2947
1763	0.4352	0.2948
1764	0.434	0.2933
1765	0.4349	0.2945
1766	0.4363	0.2966
1767	0.4368	0.2967
1768	0.4374	0.2971
1769	0.4354	0.2946
1770	0.4342	0.2937
1771	0.4368	0.2958
1772	0.4353	0.2947
1773	0.4391	0.3001
1774	0.4353	0.2951
1775	0.4369	0.2971
1776	0.4346	0.2941
1777	0.4348	0.2939
1778	0.434	0.2936
1779	0.4336	0.293
1780	0.433	0.292
1781	0.4335	0.2932
1782	0.4359	0.2953
1783	0.4345	0.2941
1784	0.4354	0.2954
1785	0.435	0.2946
1786	0.4345	0.2935
1787	0.4356	0.2956
1788	0.4339	0.2932
1789	0.4362	0.2954
1790	0.4363	0.2964
1791	0.4403	0.3019
1792	0.4367	0.2963
1793	0.4344	0.2931
1794	0.4383	0.2993
1795	0.4362	0.2955
1796	0.4372	0.2967
1797	0.4353	0.2942
1798	0.4346	0.2939
1799	0.4341	0.2929
1800	0.4364	0.2952
1801	0.4369	0.296
1802	0.4343	0.2942
1803	0.4344	0.2937
1804	0.4347	0.2948
1805	0.4345	0.2934
1806	0.4367	0.296
1807	0.4343	0.2942
1808	0.4359	0.296
1809	0.4345	0.2938
1810	0.4351	0.2954
1811	0.4327	0.2924
1812	0.436	0.2964
1813	0.4377	0.2993
1814	0.434	0.2944
1815	0.4358	0.2959
1816	0.4368	0.2974
1817	0.4346	0.2948
1818	0.4334	0.2932
1819	0.4341	0.2942
1820	0.4343	0.2947
1821	0.4345	0.2937
1822	0.4339	0.2937
1823	0.4333	0.2931
1824	0.4345	0.2951
1825	0.4354	0.2959
1826	0.4342	0.2936
1827	0.4334	0.2941
1828	0.4326	0.292
1829	0.4333	0.2934
1830	0.4337	0.2937
1831	0.434	0.2939
1832	0.4368	0.2982
1833	0.4344	0.2953
1834	0.4327	0.2925
1835	0.435	0.2955
1836	0.4334	0.2935
1837	0.4328	0.2929
1838	0.4341	0.2943
1839	0.4336	0.2935
1840	0.4356	0.2953
1841	0.4326	0.2922
1842	0.4328	0.2932
1843	0.4331	0.2936
1844	0.4357	0.2966
1845	0.4312	0.291
1846	0.4317	0.2915
1847	0.4325	0.293
1848	0.4323	0.2925
1849	0.436	0.2977
1850	0.4334	0.2946
1851	0.4344	0.296
1852	0.4338	0.2952
1853	0.4344	0.2954
1854	0.4331	0.294
1855	0.4346	0.295
1856	0.4334	0.2942
1857	0.4322	0.292
1858	0.4355	0.2959
1859	0.4353	0.2951
1860	0.4329	0.2929
1861	0.4325	0.2924
1862	0.4338	0.2942
1863	0.4327	0.2918
1864	0.433	0.2934
1865	0.4318	0.2919
1866	0.4322	0.2924
1867	0.4329	0.2924
1868	0.4337	0.2948
1869	0.432	0.2923
1870	0.4333	0.2932
1871	0.4331	0.2922
1872	0.433	0.2928
1873	0.4332	0.294
1874	0.4327	0.293
1875	0.4326	0.293
1876	0.4328	0.2925
1877	0.4342	0.2949
1878	0.4344	0.2955
1879	0.4345	0.2957
1880	0.4323	0.2927
1881	0.434	0.2942
1882	0.4337	0.2939
1883	0.4337	0.2951
1884	0.4325	0.2927
1885	0.4337	0.293
1886	0.4317	0.2922
1887	0.4335	0.2944
1888	0.4367	0.2975
1889	0.4324	0.2926
1890	0.434	0.2947
1891	0.4319	0.2922
1892	0.4326	0.2924
1893	0.4326	0.293
1894	0.4325	0.2915
1895	0.4347	0.2947
1896	0.4342	0.2947
1897	0.4374	0.2995
1898	0.4322	0.2924
1899	0.4318	0.2918
1900	0.4343	0.2959
1901	0.4347	0.2961
1902	0.4351	0.2969
1903	0.4341	0.2951
1904	0.4308	0.2907
1905	0.4309	0.2906
1906	0.4303	0.2905
1907	0.4319	0.2917
1908	0.4322	0.2925
1909	0.4305	0.2913
1910	0.4319	0.2927
1911	0.434	0.2949
1912	0.4333	0.2933
1913	0.4322	0.2915
1914	0.4324	0.2927
1915	0.4317	0.292
1916	0.4338	0.2961
1917	0.4323	0.2929
1918	0.434	0.2953
1919	0.4321	0.2922
1920	0.4345	0.2949
1921	0.4338	0.2942
1922	0.4329	0.2931
1923	0.4317	0.2922
1924	0.4313	0.2921
1925	0.4304	0.2917
1926	0.4307	0.2911
1927	0.4301	0.2904
1928	0.4329	0.2941
1929	0.433	0.2932
1930	0.4294	0.2892
1931	0.432	0.2924
1932	0.4347	0.2957
1933	0.4318	0.2928
1934	0.4308	0.2914
1935	0.4313	0.2917
1936	0.4318	0.2923
1937	0.4305	0.2897
1938	0.4306	0.2909
1939	0.4305	0.2907
1940	0.43	0.2906
1941	0.4302	0.2912
1942	0.4307	0.2913
1943	0.4323	0.2931
1944	0.4306	0.2918
1945	0.4313	0.2915
1946	0.4321	0.2931
1947	0.4308	0.2919
1948	0.4301	0.2905
1949	0.4298	0.2906
1950	0.4303	0.2916
1951	0.4309	0.291
1952	0.43	0.2906
1953	0.4314	0.292
1954	0.4307	0.2914
1955	0.4294	0.2905
1956	0.4312	0.2927
1957	0.4298	0.2907
1958	0.4299	0.2907
1959	0.4328	0.2929
1960	0.4363	0.2981
1961	0.4395	0.3013
1962	0.4332	0.2936
1963	0.4343	0.2946
1964	0.4306	0.2908
1965	0.4303	0.2908
1966	0.4301	0.2904
1967	0.4311	0.2909
1968	0.4289	0.2888
1969	0.4307	0.2914
1970	0.437	0.2994
1971	0.4307	0.2912
1972	0.4305	0.291
1973	0.4301	0.29
1974	0.431	0.292
1975	0.4294	0.2905
1976	0.429	0.2893
1977	0.4319	0.2924
1978	0.4298	0.2905
1979	0.4316	0.2936
1980	0.4297	0.2904
1981	0.429	0.2894
1982	0.4314	0.292
1983	0.4299	0.2898
1984	0.4296	0.2894
1985	0.4309	0.2916
1986	0.4329	0.2942
1987	0.4308	0.2921
1988	0.429	0.2894
1989	0.4287	0.2888
1990	0.4291	0.2896
1991	0.4325	0.294
1992	0.4299	0.2908
1993	0.4301	0.2906
1994	0.4303	0.2907
1995	0.4334	0.2957
1996	0.4288	0.2893
1997	0.4292	0.2894
1998	0.431	0.2923
1999	0.4291	0.2898
