epoch:	train_RMSD:	train_MAE:
0	6.9227	6.3043
1	6.5571	5.925
2	4.9385	4.2855
3	4.0379	3.4454
4	3.758	3.1989
5	3.5754	3.0409
6	3.4318	2.9148
7	3.3184	2.8122
8	3.2332	2.7292
9	3.1799	2.6704
10	3.1521	2.6322
11	3.1402	2.6096
12	3.1361	2.5973
13	3.135	2.5914
14	3.1348	2.5895
15	3.1348	2.5891
16	3.1348	2.5897
17	3.1349	2.5909
18	3.135	2.5914
19	3.1351	2.5925
20	3.135	2.5925
21	3.1349	2.5921
22	3.1347	2.5913
23	3.1345	2.5913
24	3.1343	2.5923
25	3.1334	2.5904
26	3.1323	2.5903
27	3.1301	2.5883
28	3.1262	2.5849
29	3.1217	2.5816
30	3.1173	2.5759
31	3.1125	2.5713
32	3.1039	2.5634
33	3.0884	2.5501
34	3.0598	2.5236
35	3.0239	2.4904
36	2.9633	2.4365
37	2.8928	2.3671
38	2.8006	2.2801
39	2.7016	2.1837
40	2.5162	2.0244
41	2.4064	1.9013
42	2.3197	1.8002
43	2.2635	1.7412
44	2.2269	1.6773
45	2.1911	1.6524
46	2.1645	1.6242
47	2.1425	1.6101
48	2.1283	1.6035
49	2.1172	1.5954
50	2.1113	1.5938
51	2.0897	1.5695
52	2.0788	1.5484
53	2.0667	1.549
54	2.0525	1.525
55	2.0366	1.5173
56	2.0424	1.5099
57	2.0164	1.4956
58	2.0072	1.4974
59	1.9987	1.4915
60	1.9851	1.4797
61	1.9741	1.4684
62	1.9615	1.4644
63	1.9299	1.4447
64	1.8598	1.3836
65	1.8482	1.3991
66	1.7915	1.3482
67	1.7726	1.3378
68	1.7697	1.3197
69	1.7128	1.2857
70	1.7083	1.2821
71	1.6739	1.2545
72	1.6922	1.2721
73	1.6593	1.2363
74	1.6474	1.2268
75	1.6446	1.2321
76	1.6195	1.2023
77	1.6674	1.2524
78	1.6974	1.2648
79	1.6062	1.1989
80	1.5908	1.1798
81	1.581	1.1725
82	1.5772	1.1681
83	1.5743	1.1647
84	1.5849	1.1759
85	1.5583	1.152
86	1.5664	1.1567
87	1.586	1.1783
88	1.571	1.1598
89	1.5864	1.1796
90	1.5528	1.1417
91	1.5287	1.1285
92	1.5177	1.1149
93	1.5166	1.1197
94	1.5117	1.1049
95	1.5023	1.1026
96	1.5086	1.1112
97	1.5034	1.1046
98	1.4945	1.0947
99	1.4846	1.0877
100	1.4917	1.094
101	1.4814	1.0882
102	1.4733	1.0752
103	1.4734	1.0757
104	1.4842	1.0957
105	1.4604	1.0656
106	1.458	1.0637
107	1.4531	1.0642
108	1.4876	1.0937
109	1.4486	1.0565
110	1.462	1.0708
111	1.5166	1.1183
112	1.4392	1.0546
113	1.4495	1.0586
114	1.4363	1.0481
115	1.4453	1.0576
116	1.4221	1.0353
117	1.4354	1.048
118	1.4146	1.0323
119	1.4184	1.034
120	1.4628	1.0747
121	1.435	1.0594
122	1.4061	1.0235
123	1.4099	1.0257
124	1.395	1.0133
125	1.3927	1.0142
126	1.4029	1.0202
127	1.3989	1.0212
128	1.3887	1.0122
129	1.3801	1.0035
130	1.4528	1.0675
131	1.404	1.0284
132	1.3791	1.002
133	1.393	1.0128
134	1.3775	1.009
135	1.3661	0.9933
136	1.3671	0.992
137	1.3751	1.0023
138	1.3575	0.9838
139	1.3634	0.9933
140	1.3727	0.9949
141	1.3662	0.9925
142	1.3541	0.9802
143	1.364	0.9943
144	1.349	0.9856
145	1.3386	0.9735
146	1.3623	0.9942
147	1.3554	0.9842
148	1.3934	1.0171
149	1.3353	0.9747
150	1.3268	0.9592
151	1.3274	0.9602
152	1.322	0.9566
153	1.32	0.9534
154	1.3118	0.9516
155	1.3175	0.9513
156	1.317	0.9506
157	1.3137	0.9479
158	1.3578	0.9837
159	1.3141	0.9637
160	1.3036	0.942
161	1.298	0.9357
162	1.322	0.9572
163	1.2929	0.9357
164	1.3096	0.9551
165	1.2878	0.929
166	1.275	0.9207
167	1.2862	0.9304
168	1.2809	0.9291
169	1.3031	0.9527
170	1.2654	0.9133
171	1.2641	0.9114
172	1.279	0.9317
173	1.2527	0.9019
174	1.2483	0.8996
175	1.2651	0.9121
176	1.2455	0.8977
177	1.2541	0.9002
178	1.3283	0.9809
179	1.2551	0.9145
180	1.2308	0.887
181	1.2279	0.8829
182	1.2803	0.9268
183	1.2205	0.8777
184	1.2572	0.9244
185	1.2256	0.8809
186	1.2091	0.8701
187	1.203	0.8685
188	1.2026	0.865
189	1.2076	0.8677
190	1.242	0.8976
191	1.2002	0.8604
192	1.1869	0.8544
193	1.1805	0.8477
194	1.201	0.863
195	1.1778	0.8443
196	1.1725	0.8436
197	1.168	0.8378
198	1.1661	0.8383
199	1.1644	0.8358
200	1.1604	0.8347
201	1.1609	0.8368
202	1.1541	0.8273
203	1.1488	0.8237
204	1.1529	0.8287
205	1.2656	0.9239
206	1.2013	0.8703
207	1.1573	0.8373
208	1.1637	0.8398
209	1.1359	0.8139
210	1.1313	0.8095
211	1.1295	0.8081
212	1.1312	0.8089
213	1.13	0.8127
214	1.133	0.8141
215	1.163	0.8445
216	1.1386	0.8196
217	1.1527	0.834
218	1.1071	0.7889
219	1.1115	0.7927
220	1.1009	0.7836
221	1.1146	0.7976
222	1.0998	0.7838
223	1.0935	0.7779
224	1.088	0.7718
225	1.0934	0.7778
226	1.0959	0.7813
227	1.0887	0.7743
228	1.0869	0.7741
229	1.082	0.7716
230	1.0807	0.7683
231	1.0835	0.7695
232	1.0889	0.7775
233	1.1147	0.8024
234	1.0815	0.7713
235	1.0611	0.7508
236	1.0853	0.7736
237	1.0702	0.7591
238	1.0757	0.7683
239	1.056	0.7464
240	1.0462	0.7381
241	1.0558	0.7494
242	1.065	0.756
243	1.0447	0.7392
244	1.0436	0.7372
245	1.0402	0.7358
246	1.0394	0.7345
247	1.0342	0.7307
248	1.0439	0.7388
249	1.0348	0.7294
250	1.0276	0.7243
251	1.0286	0.7254
252	1.0399	0.7357
253	1.0701	0.7689
254	1.0245	0.7229
255	1.0252	0.7228
256	1.031	0.7287
257	1.0288	0.7276
258	1.0966	0.8
259	1.0269	0.732
260	1.0142	0.7176
261	1.03	0.7289
262	1.0226	0.7231
263	1.014	0.7159
264	1.0859	0.7826
265	1.0044	0.7078
266	1.0038	0.7057
267	0.9983	0.7028
268	0.9967	0.7018
269	0.9956	0.7007
270	1.0007	0.7054
271	0.9892	0.6936
272	0.9903	0.6959
273	0.9837	0.6894
274	0.9833	0.6887
275	0.9835	0.6894
276	0.9951	0.7063
277	0.983	0.6894
278	0.9884	0.6973
279	0.9746	0.6852
280	0.9764	0.6834
281	0.9671	0.6752
282	0.9681	0.6748
283	0.9686	0.6827
284	0.9667	0.6751
285	0.973	0.6869
286	0.9667	0.677
287	0.9608	0.673
288	0.9736	0.686
289	0.9851	0.6972
290	0.9896	0.7041
291	0.9772	0.6863
292	0.9649	0.6809
293	0.9578	0.6693
294	0.9535	0.6659
295	0.9527	0.6682
296	0.9458	0.6594
297	0.9776	0.696
298	1.0149	0.7318
299	0.9532	0.669
300	0.9548	0.6703
301	0.9413	0.6578
302	0.941	0.6575
303	0.9412	0.6578
304	0.9646	0.6807
305	0.9366	0.6503
306	0.9585	0.6798
307	0.9389	0.6593
308	0.9391	0.6576
309	0.9321	0.6508
310	0.9384	0.6568
311	0.9267	0.6466
312	0.9211	0.6416
313	0.9218	0.6403
314	0.9335	0.6548
315	0.9189	0.636
316	0.9189	0.6395
317	0.9404	0.6669
318	1.0159	0.7459
319	0.9592	0.6877
320	0.9427	0.6683
321	0.9788	0.6925
322	0.9229	0.6473
323	0.9403	0.6639
324	0.9185	0.6417
325	0.9321	0.6545
326	0.9089	0.6322
327	0.9109	0.635
328	0.9083	0.6329
329	0.9269	0.6525
330	0.9244	0.6467
331	0.9125	0.6403
332	0.903	0.6279
333	0.9009	0.6293
334	0.8998	0.6238
335	0.8961	0.6227
336	0.9056	0.6364
337	0.8976	0.6237
338	0.8982	0.6267
339	0.891	0.6185
340	0.8906	0.618
341	0.8912	0.6171
342	0.8977	0.6238
343	0.8971	0.6241
344	0.9035	0.6299
345	0.8885	0.6195
346	0.8916	0.6192
347	0.8877	0.6169
348	0.8803	0.6073
349	0.8823	0.6122
350	0.8834	0.6171
351	0.8798	0.6084
352	0.8903	0.625
353	0.9108	0.645
354	0.9295	0.6646
355	0.8954	0.632
356	0.8795	0.6092
357	0.8765	0.6087
358	0.8929	0.6283
359	0.873	0.6062
360	0.8732	0.6061
361	0.8716	0.6025
362	0.8876	0.6204
363	0.8727	0.6091
364	0.8717	0.6034
365	0.8831	0.6227
366	0.8903	0.6285
367	0.8709	0.6052
368	0.8699	0.6034
369	0.8658	0.5992
370	0.8657	0.5972
371	0.8638	0.599
372	0.9006	0.6398
373	0.8678	0.6021
374	0.8711	0.6087
375	0.8643	0.596
376	0.8588	0.5962
377	0.8604	0.5965
378	0.8583	0.5953
379	0.8626	0.6011
380	0.8821	0.6189
381	0.8696	0.6065
382	0.8591	0.5939
383	0.864	0.6029
384	0.8607	0.5974
385	0.8578	0.5954
386	0.8735	0.6153
387	0.8568	0.598
388	0.857	0.5954
389	0.8461	0.5846
390	0.8467	0.5869
391	0.8535	0.5962
392	0.8689	0.6134
393	0.8461	0.5881
394	0.8495	0.5891
395	0.864	0.6044
396	0.8478	0.5922
397	0.8451	0.5838
398	0.8403	0.5813
399	0.8428	0.582
400	0.8516	0.5951
401	0.8369	0.5802
402	0.8347	0.5784
403	0.8399	0.5828
404	0.8381	0.5814
405	0.8343	0.5788
406	0.8398	0.587
407	0.8569	0.6028
408	0.836	0.5841
409	0.8449	0.5858
410	0.8406	0.591
411	0.8446	0.589
412	0.8487	0.5936
413	0.8416	0.5912
414	0.8256	0.5717
415	0.8278	0.5723
416	0.8243	0.5675
417	0.8276	0.572
418	0.8359	0.5821
419	0.8241	0.5707
420	0.8295	0.5755
421	0.8182	0.5683
422	0.8206	0.5707
423	0.8247	0.5744
424	0.8449	0.5957
425	0.827	0.5785
426	0.8206	0.5693
427	0.821	0.5693
428	0.8151	0.5649
429	0.8292	0.5794
430	0.8169	0.5652
431	0.8226	0.5715
432	0.8667	0.6201
433	0.8661	0.6212
434	0.8222	0.5734
435	0.8223	0.574
436	0.8147	0.5652
437	0.8191	0.5745
438	0.8127	0.5673
439	0.817	0.5698
440	0.8291	0.5786
441	0.8204	0.5751
442	0.8107	0.5617
443	0.8109	0.5607
444	0.8115	0.5617
445	0.8062	0.5543
446	0.8061	0.5611
447	0.8146	0.5697
448	0.802	0.5584
449	0.806	0.5626
450	0.833	0.5924
451	0.7988	0.5531
452	0.8031	0.5581
453	0.7957	0.5481
454	0.7942	0.551
455	0.7913	0.5446
456	0.8059	0.5615
457	0.789	0.5448
458	0.7927	0.5448
459	0.7898	0.5433
460	0.7971	0.5475
461	0.8099	0.5703
462	0.7981	0.5506
463	0.7932	0.5492
464	0.7867	0.5451
465	0.7943	0.5552
466	0.7848	0.5392
467	0.8078	0.5638
468	0.7971	0.5574
469	0.7876	0.5466
470	0.7909	0.5514
471	0.7924	0.5522
472	0.8091	0.5719
473	0.7848	0.5446
474	0.7886	0.5443
475	0.7813	0.5398
476	0.7769	0.5347
477	0.7912	0.5488
478	0.7836	0.54
479	0.7769	0.5367
480	0.7797	0.5423
481	0.7851	0.547
482	0.7753	0.5364
483	0.7895	0.5529
484	0.7812	0.5394
485	0.7774	0.5396
486	0.7958	0.5578
487	0.8088	0.5754
488	0.7965	0.5602
489	0.7764	0.5361
490	0.7713	0.5291
491	0.7677	0.5292
492	0.7715	0.5364
493	0.7804	0.5424
494	0.7695	0.5315
495	0.7672	0.529
496	0.7637	0.5242
497	0.7799	0.5423
498	0.7686	0.5302
499	0.7862	0.5448
500	0.7676	0.5317
501	0.7741	0.5324
502	0.7701	0.5308
503	0.764	0.5272
504	0.7832	0.5496
505	0.7714	0.5395
506	0.7789	0.5487
507	0.7701	0.5362
508	0.7618	0.5278
509	0.7553	0.5197
510	0.7574	0.526
511	0.7564	0.5185
512	0.7751	0.545
513	0.7907	0.5585
514	0.7689	0.5371
515	0.7532	0.519
516	0.7574	0.5231
517	0.7687	0.5404
518	0.7644	0.5307
519	0.761	0.5304
520	0.7593	0.5293
521	0.7532	0.5159
522	0.7604	0.5246
523	0.7602	0.5296
524	0.7996	0.5734
525	0.7513	0.5185
526	0.7542	0.5213
527	0.7525	0.5215
528	0.7568	0.5253
529	0.7564	0.526
530	0.7721	0.5419
531	0.7675	0.5375
532	0.7579	0.5276
533	0.7555	0.5238
534	0.7669	0.5399
535	0.7519	0.5223
536	0.7473	0.5195
537	0.7547	0.5258
538	0.7422	0.5115
539	0.7448	0.515
540	0.7684	0.5422
541	0.7478	0.5181
542	0.7395	0.5128
543	0.7383	0.5067
544	0.7364	0.5071
545	0.7685	0.5455
546	0.7467	0.5167
547	0.7362	0.5045
548	0.7411	0.5149
549	0.7389	0.5101
550	0.7391	0.5136
551	0.7347	0.5054
552	0.7416	0.5146
553	0.7378	0.5077
554	0.7652	0.5433
555	0.7454	0.5193
556	0.7403	0.5115
557	0.7345	0.5062
558	0.7354	0.5118
559	0.7375	0.5124
560	0.7417	0.5152
561	0.7462	0.5197
562	0.7319	0.5034
563	0.7343	0.5088
564	0.7597	0.5368
565	0.7859	0.5653
566	0.7482	0.5236
567	0.7262	0.4987
568	0.7325	0.5029
569	0.7263	0.4997
570	0.7289	0.5039
571	0.7374	0.5172
572	0.7575	0.5339
573	0.7582	0.5401
574	0.7328	0.5101
575	0.7257	0.4981
576	0.7345	0.5084
577	0.7265	0.5025
578	0.7186	0.4957
579	0.7246	0.5018
580	0.7192	0.4961
581	0.7169	0.4952
582	0.7288	0.5071
583	0.7172	0.4929
584	0.7196	0.4963
585	0.7166	0.4922
586	0.7221	0.5024
587	0.7213	0.501
588	0.7195	0.4954
589	0.7148	0.4922
590	0.7163	0.493
591	0.7124	0.4911
592	0.716	0.4968
593	0.7175	0.5006
594	0.7188	0.4985
595	0.7267	0.5044
596	0.7454	0.5252
597	0.7293	0.5111
598	0.7205	0.4979
599	0.7133	0.4903
600	0.718	0.5007
601	0.7239	0.5041
602	0.7215	0.5032
603	0.7081	0.4859
604	0.7176	0.4952
605	0.7259	0.5066
606	0.708	0.4871
607	0.7053	0.4873
608	0.7185	0.5006
609	0.7087	0.4863
610	0.725	0.5074
611	0.7052	0.4875
612	0.7122	0.4971
613	0.7059	0.4886
614	0.7179	0.5009
615	0.7223	0.5042
616	0.7041	0.4864
617	0.7037	0.4883
618	0.7463	0.5339
619	0.7186	0.5016
620	0.6992	0.4813
621	0.7003	0.482
622	0.7222	0.5004
623	0.6979	0.4795
624	0.7017	0.4867
625	0.6982	0.4813
626	0.71	0.492
627	0.6997	0.4832
628	0.7053	0.4894
629	0.7305	0.5163
630	0.7099	0.4921
631	0.7065	0.4942
632	0.7033	0.4851
633	0.6965	0.4785
634	0.7095	0.498
635	0.6917	0.4746
636	0.6962	0.4841
637	0.7122	0.4959
638	0.695	0.4791
639	0.6918	0.4751
640	0.6954	0.4827
641	0.7164	0.5017
642	0.7177	0.5031
643	0.7009	0.4896
644	0.6922	0.4777
645	0.6874	0.4739
646	0.7054	0.4966
647	0.6933	0.4796
648	0.7005	0.4888
649	0.6898	0.4789
650	0.6897	0.4772
651	0.6839	0.4699
652	0.6889	0.474
653	0.7195	0.5057
654	0.7001	0.4862
655	0.6838	0.47
656	0.6863	0.4722
657	0.7258	0.515
658	0.6847	0.4719
659	0.6906	0.4761
660	0.7072	0.497
661	0.7002	0.4923
662	0.6871	0.476
663	0.6845	0.4731
664	0.6807	0.4708
665	0.6847	0.4707
666	0.6897	0.4821
667	0.6782	0.4643
668	0.6897	0.4776
669	0.6883	0.4801
670	0.6872	0.4796
671	0.7009	0.4965
672	0.6755	0.4665
673	0.6864	0.474
674	0.6865	0.4788
675	0.6841	0.4788
676	0.675	0.4652
677	0.694	0.4877
678	0.7045	0.4966
679	0.6803	0.4704
680	0.6877	0.483
681	0.6741	0.465
682	0.6744	0.4669
683	0.6769	0.4709
684	0.6718	0.4619
685	0.6759	0.4679
686	0.68	0.4726
687	0.7033	0.4927
688	0.7017	0.4956
689	0.7152	0.5112
690	0.7258	0.5188
691	0.6791	0.4699
692	0.6773	0.467
693	0.6798	0.4712
694	0.6708	0.4644
695	0.6747	0.4661
696	0.669	0.4642
697	0.6711	0.4644
698	0.6654	0.4574
699	0.6759	0.4692
700	0.7068	0.5003
701	0.6754	0.4697
702	0.6746	0.4703
703	0.6669	0.4614
704	0.6944	0.488
705	0.713	0.5079
706	0.6901	0.4818
707	0.6674	0.4611
708	0.6622	0.4559
709	0.6699	0.4637
710	0.66	0.4547
711	0.6698	0.4665
712	0.6689	0.4615
713	0.6604	0.4554
714	0.6618	0.4582
715	0.676	0.4715
716	0.6642	0.4634
717	0.6602	0.4575
718	0.6704	0.4679
719	0.6942	0.4926
720	0.7195	0.5194
721	0.6841	0.4839
722	0.6779	0.4762
723	0.6571	0.4552
724	0.6584	0.4525
725	0.6593	0.4525
726	0.6558	0.4534
727	0.6528	0.4506
728	0.6814	0.4764
729	0.6562	0.4528
730	0.6657	0.463
731	0.6553	0.4528
732	0.6707	0.473
733	0.67	0.4723
734	0.6531	0.4507
735	0.6525	0.4497
736	0.6598	0.459
737	0.6589	0.455
738	0.653	0.4516
739	0.6545	0.455
740	0.6629	0.4656
741	0.6823	0.4854
742	0.6801	0.4837
743	0.685	0.4859
744	0.6574	0.4596
745	0.6778	0.4799
746	0.6558	0.454
747	0.6484	0.4464
748	0.6516	0.4506
749	0.7152	0.5103
750	0.6759	0.4762
751	0.6831	0.4879
752	0.6532	0.454
753	0.6498	0.4539
754	0.667	0.4682
755	0.656	0.4603
756	0.6659	0.4695
757	0.6729	0.4742
758	0.6497	0.4537
759	0.6536	0.4559
760	0.6446	0.4427
761	0.6473	0.4449
762	0.6459	0.4465
763	0.6612	0.4637
764	0.6451	0.4487
765	0.6444	0.4455
766	0.6528	0.4545
767	0.6462	0.4481
768	0.6382	0.4409
769	0.6497	0.4533
770	0.6454	0.4459
771	0.6495	0.451
772	0.6662	0.467
773	0.6801	0.4864
774	0.6462	0.4473
775	0.6665	0.4688
776	0.6498	0.4518
777	0.665	0.4684
778	0.6412	0.444
779	0.639	0.4443
780	0.6374	0.4397
781	0.6392	0.4458
782	0.6345	0.438
783	0.6388	0.4425
784	0.6355	0.4391
785	0.6396	0.4414
786	0.6401	0.4445
787	0.6395	0.4427
788	0.6394	0.4441
789	0.6467	0.455
790	0.6443	0.4472
791	0.6474	0.4517
792	0.6342	0.4387
793	0.6702	0.4786
794	0.6654	0.4749
795	0.6348	0.4373
796	0.6281	0.432
797	0.6385	0.4421
798	0.626	0.43
799	0.6299	0.4383
800	0.6362	0.4443
801	0.6281	0.4353
802	0.6361	0.4423
803	0.6304	0.435
804	0.6397	0.4433
805	0.6279	0.4311
806	0.6369	0.446
807	0.628	0.4381
808	0.6217	0.4265
809	0.6288	0.4338
810	0.6449	0.4527
811	0.6373	0.441
812	0.6229	0.4311
813	0.6274	0.4361
814	0.6315	0.4375
815	0.6243	0.431
816	0.628	0.4389
817	0.6253	0.4335
818	0.6174	0.4232
819	0.6209	0.4279
820	0.6203	0.4273
821	0.6208	0.4307
822	0.6197	0.4269
823	0.6208	0.4277
824	0.6176	0.4243
825	0.6307	0.442
826	0.6216	0.429
827	0.6215	0.4305
828	0.6202	0.427
829	0.6341	0.4453
830	0.6257	0.4387
831	0.6186	0.4262
832	0.6155	0.4225
833	0.6198	0.427
834	0.6137	0.4233
835	0.6161	0.426
836	0.646	0.4594
837	0.6774	0.4916
838	0.6278	0.4355
839	0.6308	0.4382
840	0.6759	0.4932
841	0.6269	0.4411
842	0.6518	0.4663
843	0.6362	0.4442
844	0.6193	0.4306
845	0.6388	0.4467
846	0.6371	0.4504
847	0.6279	0.4388
848	0.6187	0.4303
849	0.6431	0.4571
850	0.6143	0.4237
851	0.6211	0.4343
852	0.6239	0.4377
853	0.6103	0.4215
854	0.6255	0.4376
855	0.6076	0.4202
856	0.6222	0.4346
857	0.6115	0.4236
858	0.6332	0.4483
859	0.6153	0.4225
860	0.6096	0.418
861	0.6142	0.4246
862	0.612	0.423
863	0.6293	0.4411
864	0.61	0.4217
865	0.6179	0.4322
866	0.6209	0.4336
867	0.6203	0.4326
868	0.6292	0.4423
869	0.6363	0.4473
870	0.612	0.4226
871	0.612	0.425
872	0.6192	0.4345
873	0.6156	0.4281
874	0.6373	0.4474
875	0.625	0.4404
876	0.611	0.4252
877	0.6071	0.4195
878	0.6061	0.4184
879	0.6038	0.4176
880	0.6144	0.4284
881	0.6235	0.4357
882	0.6042	0.4156
883	0.5986	0.4104
884	0.6368	0.4549
885	0.6046	0.421
886	0.6061	0.4225
887	0.6489	0.4695
888	0.6273	0.441
889	0.6023	0.4139
890	0.6027	0.4155
891	0.6071	0.4218
892	0.614	0.4263
893	0.5989	0.4123
894	0.6125	0.4258
895	0.6025	0.4161
896	0.5989	0.4124
897	0.5964	0.4115
898	0.6154	0.4321
899	0.6282	0.4457
900	0.6016	0.4142
901	0.6002	0.4158
902	0.6102	0.4305
903	0.613	0.4301
904	0.6172	0.4309
905	0.6053	0.4175
906	0.5957	0.4103
907	0.5994	0.416
908	0.5986	0.414
909	0.6152	0.4343
910	0.602	0.4155
911	0.5916	0.406
912	0.5913	0.4078
913	0.5895	0.4031
914	0.5926	0.4064
915	0.5965	0.4153
916	0.6135	0.4289
917	0.612	0.4315
918	0.6014	0.4176
919	0.6071	0.4224
920	0.6274	0.4418
921	0.5902	0.4065
922	0.6016	0.4198
923	0.5891	0.4039
924	0.6118	0.429
925	0.6135	0.4348
926	0.5923	0.4056
927	0.5989	0.4144
928	0.6184	0.4397
929	0.6456	0.4697
930	0.5953	0.4126
931	0.5928	0.4105
932	0.6095	0.425
933	0.5891	0.4043
934	0.5913	0.4092
935	0.5889	0.4033
936	0.5837	0.4015
937	0.5927	0.4109
938	0.5951	0.4155
939	0.6055	0.4211
940	0.5935	0.4135
941	0.6086	0.4296
942	0.5931	0.4118
943	0.5928	0.409
944	0.5843	0.4011
945	0.6095	0.4307
946	0.5919	0.4112
947	0.5842	0.4011
948	0.585	0.4024
949	0.5818	0.3979
950	0.5822	0.4018
951	0.5804	0.3971
952	0.5845	0.4027
953	0.5895	0.407
954	0.5836	0.4036
955	0.6138	0.4291
956	0.5862	0.4062
957	0.5792	0.3985
958	0.578	0.3962
959	0.5972	0.4206
960	0.6277	0.4503
961	0.5995	0.4224
962	0.5892	0.4059
963	0.5861	0.4047
964	0.5802	0.397
965	0.5865	0.4076
966	0.5832	0.4061
967	0.5843	0.4075
968	0.5856	0.4033
969	0.5864	0.4052
970	0.5766	0.3951
971	0.5737	0.3922
972	0.5722	0.3941
973	0.5803	0.3966
974	0.5798	0.4018
975	0.5947	0.4136
976	0.5907	0.4116
977	0.5875	0.41
978	0.5938	0.4188
979	0.6296	0.4604
980	0.587	0.4096
981	0.5853	0.4049
982	0.5851	0.4074
983	0.5782	0.4003
984	0.5749	0.3971
985	0.5764	0.3968
986	0.5745	0.3982
987	0.5877	0.4103
988	0.576	0.3985
989	0.5779	0.3993
990	0.5778	0.3972
991	0.5942	0.4145
992	0.5752	0.3977
993	0.5706	0.3894
994	0.5735	0.3915
995	0.5762	0.3964
996	0.5765	0.3988
997	0.5941	0.4144
998	0.5689	0.3884
999	0.5694	0.3899
1000	0.5722	0.3961
1001	0.5679	0.3871
1002	0.581	0.4027
1003	0.5835	0.4054
1004	0.5854	0.4081
1005	0.5716	0.3921
1006	0.5725	0.3932
1007	0.5896	0.4178
1008	0.5667	0.3899
1009	0.5771	0.3981
1010	0.5658	0.3877
1011	0.5697	0.3906
1012	0.5749	0.3989
1013	0.5707	0.3946
1014	0.5704	0.395
1015	0.5798	0.4031
1016	0.6123	0.4408
1017	0.579	0.4017
1018	0.5813	0.4065
1019	0.5748	0.3973
1020	0.5621	0.386
1021	0.5808	0.4075
1022	0.5691	0.3925
1023	0.5717	0.3943
1024	0.577	0.4001
1025	0.5655	0.3867
1026	0.5674	0.3925
1027	0.5673	0.3905
1028	0.5616	0.3833
1029	0.5751	0.3987
1030	0.572	0.3985
1031	0.5669	0.3921
1032	0.5668	0.39
1033	0.5716	0.3963
1034	0.5604	0.3846
1035	0.5664	0.3877
1036	0.5609	0.3864
1037	0.577	0.402
1038	0.5619	0.3841
1039	0.5647	0.3899
1040	0.569	0.3944
1041	0.562	0.3872
1042	0.6019	0.4265
1043	0.5679	0.3926
1044	0.5694	0.3981
1045	0.5628	0.3851
1046	0.5573	0.3814
1047	0.5744	0.4047
1048	0.5769	0.3974
1049	0.5584	0.3818
1050	0.5717	0.4011
1051	0.5552	0.3792
1052	0.5688	0.3992
1053	0.557	0.3823
1054	0.5631	0.3872
1055	0.5647	0.3917
1056	0.5631	0.392
1057	0.566	0.3891
1058	0.578	0.4039
1059	0.5639	0.3895
1060	0.5766	0.4033
1061	0.5667	0.3927
1062	0.5569	0.3843
1063	0.6294	0.4592
1064	0.5822	0.4106
1065	0.57	0.3981
1066	0.5615	0.3848
1067	0.5547	0.3787
1068	0.5543	0.379
1069	0.5648	0.3912
1070	0.5523	0.3747
1071	0.553	0.3776
1072	0.5704	0.3991
1073	0.5556	0.3813
1074	0.5785	0.4054
1075	0.5547	0.3808
1076	0.5778	0.4084
1077	0.59	0.4221
1078	0.5632	0.3916
1079	0.5676	0.398
1080	0.5637	0.3913
1081	0.5673	0.3975
1082	0.5471	0.3732
1083	0.5602	0.3842
1084	0.5613	0.3894
1085	0.5861	0.4139
1086	0.5564	0.3822
1087	0.5525	0.3777
1088	0.5497	0.3764
1089	0.5557	0.3808
1090	0.5459	0.3723
1091	0.5851	0.4202
1092	0.5488	0.3737
1093	0.5509	0.3763
1094	0.5513	0.38
1095	0.5516	0.3832
1096	0.5512	0.3796
1097	0.5515	0.3763
1098	0.5612	0.3899
1099	0.5549	0.3806
1100	0.5674	0.3934
1101	0.5656	0.3933
1102	0.5975	0.4309
1103	0.5494	0.377
1104	0.5576	0.3857
1105	0.553	0.3804
1106	0.5485	0.3754
1107	0.577	0.4044
1108	0.5645	0.395
1109	0.5737	0.4071
1110	0.5538	0.3814
1111	0.5475	0.3737
1112	0.5525	0.3837
1113	0.5561	0.3865
1114	0.545	0.373
1115	0.5644	0.3926
1116	0.5453	0.3749
1117	0.5636	0.3979
1118	0.5419	0.3696
1119	0.5487	0.3772
1120	0.54	0.3664
1121	0.5519	0.3774
1122	0.548	0.3789
1123	0.5577	0.3879
1124	0.5455	0.3723
1125	0.5487	0.3791
1126	0.5471	0.3751
1127	0.566	0.393
1128	0.566	0.3931
1129	0.5385	0.3665
1130	0.5673	0.4006
1131	0.5498	0.3784
1132	0.5515	0.3845
1133	0.5508	0.3838
1134	0.5441	0.3726
1135	0.5547	0.3868
1136	0.5363	0.3667
1137	0.5595	0.3938
1138	0.603	0.4436
1139	0.5467	0.3789
1140	0.5409	0.3691
1141	0.5391	0.368
1142	0.5528	0.3823
1143	0.5458	0.3766
1144	0.5493	0.3812
1145	0.5558	0.389
1146	0.5406	0.373
1147	0.5419	0.3739
1148	0.5422	0.3761
1149	0.5617	0.3982
1150	0.5399	0.3714
1151	0.5378	0.365
1152	0.544	0.3766
1153	0.5405	0.3703
1154	0.547	0.3792
1155	0.5447	0.3762
1156	0.5461	0.3764
1157	0.5372	0.3646
1158	0.5432	0.3764
1159	0.5417	0.3728
1160	0.5315	0.3591
1161	0.5491	0.3822
1162	0.5515	0.3833
1163	0.5507	0.3879
1164	0.5535	0.3863
1165	0.5394	0.3738
1166	0.5392	0.369
1167	0.5331	0.3606
1168	0.5356	0.3684
1169	0.5349	0.3654
1170	0.5336	0.3645
1171	0.5326	0.3649
1172	0.5621	0.4001
1173	0.5551	0.3914
1174	0.5606	0.3952
1175	0.5456	0.3806
1176	0.5305	0.362
1177	0.5372	0.3685
1178	0.5301	0.361
1179	0.5291	0.3602
1180	0.53	0.3632
1181	0.5253	0.3565
1182	0.5354	0.3675
1183	0.5628	0.4041
1184	0.5442	0.3796
1185	0.5386	0.3698
1186	0.5362	0.3679
1187	0.5403	0.3711
1188	0.5334	0.3671
1189	0.5296	0.3619
1190	0.5409	0.378
1191	0.5439	0.381
1192	0.5644	0.3978
1193	0.5258	0.3592
1194	0.5407	0.3768
1195	0.5348	0.3692
1196	0.5464	0.3793
1197	0.5307	0.3633
1198	0.5701	0.4069
1199	0.5739	0.4157
1200	0.5386	0.373
1201	0.5282	0.3616
1202	0.5377	0.3751
1203	0.5237	0.3547
1204	0.5353	0.369
1205	0.526	0.3594
1206	0.5304	0.3644
1207	0.5225	0.3551
1208	0.5281	0.3629
1209	0.523	0.3557
1210	0.5349	0.3669
1211	0.5432	0.3834
1212	0.5209	0.3524
1213	0.5348	0.3673
1214	0.5226	0.3548
1215	0.5293	0.3625
1216	0.5253	0.3595
1217	0.5299	0.3657
1218	0.5217	0.3553
1219	0.5279	0.3642
1220	0.5245	0.3599
1221	0.5191	0.353
1222	0.5412	0.3757
1223	0.5231	0.357
1224	0.5177	0.3517
1225	0.53	0.3661
1226	0.5178	0.3516
1227	0.5193	0.3533
1228	0.5369	0.3713
1229	0.5308	0.3678
1230	0.5239	0.3585
1231	0.5231	0.3589
1232	0.533	0.3678
1233	0.5344	0.3726
1234	0.5979	0.4373
1235	0.5325	0.3679
1236	0.5298	0.3654
1237	0.5319	0.3648
1238	0.5305	0.3655
1239	0.5229	0.3603
1240	0.5158	0.3492
1241	0.5223	0.3591
1242	0.5503	0.3924
1243	0.5296	0.3678
1244	0.5341	0.3709
1245	0.5217	0.3557
1246	0.5251	0.3626
1247	0.5226	0.3588
1248	0.548	0.385
1249	0.5196	0.3526
1250	0.5175	0.3538
1251	0.5232	0.357
1252	0.5201	0.3553
1253	0.5165	0.3538
1254	0.5217	0.3584
1255	0.5253	0.3629
1256	0.5313	0.3729
1257	0.52	0.3552
1258	0.5301	0.3671
1259	0.5276	0.3687
1260	0.5365	0.3778
1261	0.5242	0.3588
1262	0.5175	0.3558
1263	0.5215	0.363
1264	0.5278	0.3632
1265	0.5488	0.3905
1266	0.5224	0.3606
1267	0.5643	0.4036
1268	0.5226	0.3585
1269	0.513	0.3496
1270	0.5279	0.3675
1271	0.5343	0.3768
1272	0.5525	0.3981
1273	0.5275	0.3675
1274	0.5218	0.3607
1275	0.5081	0.3463
1276	0.5136	0.3506
1277	0.51	0.3478
1278	0.5182	0.3598
1279	0.5195	0.3601
1280	0.5166	0.3542
1281	0.5175	0.3543
1282	0.5091	0.3473
1283	0.5101	0.3484
1284	0.5125	0.3498
1285	0.519	0.3593
1286	0.508	0.3475
1287	0.5187	0.3575
1288	0.5301	0.3728
1289	0.5109	0.3485
1290	0.5272	0.3651
1291	0.5218	0.3577
1292	0.5159	0.3571
1293	0.5208	0.3578
1294	0.5603	0.3991
1295	0.5598	0.4017
1296	0.5144	0.3523
1297	0.5125	0.3506
1298	0.5093	0.3503
1299	0.5097	0.3495
1300	0.5212	0.3602
1301	0.5247	0.3665
1302	0.5619	0.4107
1303	0.5372	0.3817
1304	0.5231	0.3654
1305	0.5061	0.3438
1306	0.516	0.3557
1307	0.5053	0.3435
1308	0.5044	0.3404
1309	0.5131	0.3547
1310	0.5063	0.3455
1311	0.5108	0.3517
1312	0.5059	0.3468
1313	0.5194	0.357
1314	0.5571	0.3984
1315	0.5228	0.362
1316	0.5075	0.3463
1317	0.5098	0.3478
1318	0.5106	0.3512
1319	0.5252	0.3677
1320	0.5156	0.3532
1321	0.5115	0.3486
1322	0.5221	0.362
1323	0.5273	0.3665
1324	0.5173	0.3575
1325	0.5048	0.3432
1326	0.502	0.3414
1327	0.5035	0.3462
1328	0.5005	0.3402
1329	0.5056	0.3483
1330	0.4973	0.3376
1331	0.5285	0.37
1332	0.5035	0.3459
1333	0.5049	0.346
1334	0.506	0.3455
1335	0.5077	0.3483
1336	0.5072	0.3462
1337	0.5042	0.3441
1338	0.5106	0.3508
1339	0.5114	0.3512
1340	0.5071	0.3464
1341	0.5046	0.3456
1342	0.5063	0.348
1343	0.5026	0.341
1344	0.5093	0.3531
1345	0.4984	0.3419
1346	0.4966	0.3365
1347	0.5171	0.3626
1348	0.5522	0.4047
1349	0.4943	0.334
1350	0.5022	0.3426
1351	0.5084	0.3509
1352	0.5087	0.3501
1353	0.4951	0.3375
1354	0.4976	0.3373
1355	0.5001	0.3407
1356	0.5199	0.3639
1357	0.5076	0.347
1358	0.497	0.3384
1359	0.5015	0.3449
1360	0.5029	0.3464
1361	0.5053	0.3495
1362	0.5207	0.3656
1363	0.5223	0.3652
1364	0.4994	0.3416
1365	0.506	0.3464
1366	0.512	0.3575
1367	0.5022	0.3481
1368	0.5054	0.3479
1369	0.5104	0.3545
1370	0.5303	0.3737
1371	0.5253	0.3737
1372	0.5438	0.3949
1373	0.5229	0.3671
1374	0.4995	0.3432
1375	0.5185	0.3643
1376	0.5197	0.3697
1377	0.5042	0.3459
1378	0.4973	0.3398
1379	0.497	0.3401
1380	0.4983	0.3404
1381	0.5058	0.3518
1382	0.5054	0.3503
1383	0.4877	0.3298
1384	0.4894	0.3328
1385	0.4919	0.3349
1386	0.4882	0.3303
1387	0.5017	0.3452
1388	0.4906	0.3333
1389	0.5054	0.3494
1390	0.5036	0.3481
1391	0.5018	0.3485
1392	0.4949	0.3385
1393	0.5034	0.3501
1394	0.4914	0.3351
1395	0.4961	0.3405
1396	0.5021	0.3494
1397	0.4942	0.3406
1398	0.4935	0.3389
1399	0.4956	0.338
1400	0.5051	0.3504
1401	0.4883	0.3331
1402	0.4915	0.3376
1403	0.4875	0.3333
1404	0.5025	0.3512
1405	0.5028	0.3528
1406	0.5176	0.3666
1407	0.4884	0.3318
1408	0.492	0.3358
1409	0.4818	0.3265
1410	0.4989	0.3481
1411	0.4965	0.345
1412	0.5197	0.3697
1413	0.5168	0.3652
1414	0.497	0.3426
1415	0.5033	0.3515
1416	0.4982	0.3434
1417	0.514	0.3586
1418	0.5154	0.3656
1419	0.5522	0.4003
1420	0.4946	0.3391
1421	0.4886	0.3328
1422	0.4869	0.333
1423	0.4887	0.3346
1424	0.4924	0.3379
1425	0.4879	0.3339
1426	0.4987	0.348
1427	0.4906	0.3349
1428	0.486	0.3314
1429	0.4818	0.3262
1430	0.4925	0.3389
1431	0.4919	0.3385
1432	0.4814	0.329
1433	0.4834	0.3299
1434	0.4934	0.3421
1435	0.517	0.3713
1436	0.5419	0.3972
1437	0.4882	0.3353
1438	0.4904	0.3379
1439	0.4821	0.326
1440	0.4829	0.329
1441	0.484	0.3326
1442	0.4808	0.3283
1443	0.4806	0.3285
1444	0.4943	0.3443
1445	0.4961	0.3439
1446	0.4763	0.3246
1447	0.4907	0.3375
1448	0.485	0.3317
1449	0.4931	0.3449
1450	0.4921	0.3388
1451	0.4809	0.3284
1452	0.5035	0.3566
1453	0.4778	0.325
1454	0.4793	0.3262
1455	0.4778	0.3262
1456	0.4844	0.3327
1457	0.4774	0.3268
1458	0.4823	0.3326
1459	0.4766	0.3255
1460	0.4829	0.3276
1461	0.4797	0.3286
1462	0.5	0.3476
1463	0.4782	0.3246
1464	0.4794	0.3301
1465	0.4968	0.3471
1466	0.4937	0.3474
1467	0.4801	0.3269
1468	0.4754	0.3215
1469	0.4844	0.3359
1470	0.4796	0.3277
1471	0.495	0.3462
1472	0.49	0.3364
1473	0.4811	0.3288
1474	0.4904	0.3407
1475	0.4804	0.3284
1476	0.4955	0.3416
1477	0.497	0.3465
1478	0.483	0.3337
1479	0.482	0.3313
1480	0.5051	0.3555
1481	0.4762	0.3268
1482	0.4846	0.3358
1483	0.4806	0.3319
1484	0.4821	0.3289
1485	0.48	0.3301
1486	0.4725	0.3213
1487	0.4778	0.3282
1488	0.4859	0.3379
1489	0.4741	0.3223
1490	0.5042	0.3545
1491	0.5115	0.3616
1492	0.4809	0.3307
1493	0.4768	0.3264
1494	0.509	0.3597
1495	0.4995	0.3499
1496	0.4773	0.3287
1497	0.4913	0.3423
1498	0.4761	0.3273
1499	0.4695	0.32
1500	0.4653	0.3154
1501	0.4629	0.3127
1502	0.4623	0.3124
1503	0.4604	0.3093
1504	0.4589	0.3072
1505	0.4627	0.3109
1506	0.4621	0.3106
1507	0.4638	0.3142
1508	0.459	0.3086
1509	0.4574	0.3059
1510	0.4584	0.3064
1511	0.4587	0.3077
1512	0.4573	0.3054
1513	0.4566	0.3049
1514	0.4564	0.3053
1515	0.456	0.3052
1516	0.4563	0.3048
1517	0.4577	0.3072
1518	0.4611	0.3103
1519	0.4553	0.3042
1520	0.4561	0.3045
1521	0.456	0.3054
1522	0.4554	0.3054
1523	0.4559	0.306
1524	0.4558	0.3048
1525	0.4583	0.3066
1526	0.4551	0.3041
1527	0.4549	0.3045
1528	0.4547	0.3036
1529	0.4549	0.3041
1530	0.4537	0.3027
1531	0.4556	0.3041
1532	0.4603	0.3099
1533	0.4567	0.3059
1534	0.4539	0.3027
1535	0.453	0.3022
1536	0.4549	0.3052
1537	0.4528	0.3025
1538	0.4538	0.3037
1539	0.4552	0.3053
1540	0.4541	0.3037
1541	0.4524	0.3011
1542	0.4521	0.3012
1543	0.4533	0.3028
1544	0.4578	0.3073
1545	0.4529	0.3022
1546	0.4531	0.3032
1547	0.4583	0.3102
1548	0.4548	0.3051
1549	0.4516	0.3007
1550	0.4537	0.3033
1551	0.4533	0.3041
1552	0.4541	0.3037
1553	0.4536	0.3031
1554	0.453	0.303
1555	0.4526	0.3028
1556	0.4529	0.3037
1557	0.4521	0.3013
1558	0.4563	0.3063
1559	0.4543	0.3036
1560	0.4541	0.304
1561	0.4527	0.3035
1562	0.4535	0.3046
1563	0.4531	0.304
1564	0.4512	0.3013
1565	0.4509	0.3006
1566	0.4519	0.3013
1567	0.4514	0.3014
1568	0.4517	0.3027
1569	0.4513	0.3017
1570	0.4528	0.3044
1571	0.4521	0.3023
1572	0.4521	0.3021
1573	0.4538	0.3053
1574	0.4571	0.3087
1575	0.4531	0.3034
1576	0.4511	0.3008
1577	0.4512	0.3014
1578	0.4513	0.3013
1579	0.4515	0.3015
1580	0.4504	0.3002
1581	0.4505	0.3003
1582	0.4506	0.2992
1583	0.4502	0.2999
1584	0.4511	0.3021
1585	0.4551	0.3052
1586	0.4528	0.3025
1587	0.4513	0.3017
1588	0.4521	0.3027
1589	0.4557	0.3085
1590	0.4522	0.3037
1591	0.4515	0.3014
1592	0.4528	0.3034
1593	0.4514	0.3012
1594	0.4554	0.3059
1595	0.4505	0.3009
1596	0.4505	0.3013
1597	0.4497	0.3004
1598	0.4505	0.3014
1599	0.4506	0.3012
1600	0.4512	0.3012
1601	0.4504	0.3004
1602	0.4502	0.2997
1603	0.4501	0.3003
1604	0.4503	0.3003
1605	0.4493	0.2997
1606	0.4509	0.3024
1607	0.4506	0.3014
1608	0.4501	0.3003
1609	0.4526	0.3028
1610	0.449	0.2992
1611	0.4503	0.3019
1612	0.4533	0.3061
1613	0.4547	0.3067
1614	0.4502	0.3003
1615	0.4506	0.3002
1616	0.4491	0.2984
1617	0.4509	0.3021
1618	0.4491	0.2998
1619	0.4493	0.2994
1620	0.4522	0.3031
1621	0.4497	0.3007
1622	0.4482	0.2991
1623	0.449	0.3004
1624	0.4526	0.3039
1625	0.4526	0.3036
1626	0.4496	0.3001
1627	0.4491	0.2992
1628	0.4496	0.2995
1629	0.4486	0.2994
1630	0.4507	0.3021
1631	0.4514	0.3038
1632	0.449	0.3001
1633	0.4478	0.2983
1634	0.4485	0.2995
1635	0.4522	0.3037
1636	0.4483	0.2996
1637	0.4493	0.3002
1638	0.4489	0.2992
1639	0.4476	0.2981
1640	0.4481	0.2988
1641	0.4484	0.2981
1642	0.4497	0.3006
1643	0.4482	0.2985
1644	0.4488	0.2994
1645	0.4471	0.2979
1646	0.4466	0.2972
1647	0.4472	0.2977
1648	0.4504	0.3012
1649	0.4491	0.2996
1650	0.4484	0.2989
1651	0.4472	0.2979
1652	0.4469	0.2972
1653	0.4471	0.298
1654	0.4466	0.2973
1655	0.449	0.3003
1656	0.4496	0.3006
1657	0.4489	0.2988
1658	0.4543	0.3059
1659	0.4512	0.3027
1660	0.4485	0.299
1661	0.4491	0.3005
1662	0.4461	0.2968
1663	0.447	0.2986
1664	0.4469	0.2983
1665	0.4485	0.3005
1666	0.4472	0.2989
1667	0.4482	0.3001
1668	0.4466	0.2976
1669	0.4487	0.2991
1670	0.4482	0.2986
1671	0.4489	0.2995
1672	0.4477	0.2991
1673	0.448	0.3
1674	0.4459	0.2965
1675	0.4469	0.2978
1676	0.4485	0.2993
1677	0.4514	0.3033
1678	0.4476	0.298
1679	0.4469	0.2978
1680	0.4485	0.2996
1681	0.4469	0.2979
1682	0.4479	0.2987
1683	0.4462	0.2973
1684	0.4464	0.2977
1685	0.4493	0.3019
1686	0.4453	0.2962
1687	0.4476	0.2996
1688	0.4465	0.2974
1689	0.4452	0.2967
1690	0.4473	0.2996
1691	0.4492	0.3024
1692	0.4453	0.2964
1693	0.4466	0.2987
1694	0.4523	0.306
1695	0.4475	0.2989
1696	0.4469	0.2987
1697	0.4462	0.2983
1698	0.4451	0.2967
1699	0.4476	0.2991
1700	0.446	0.2978
1701	0.4478	0.2989
1702	0.4468	0.2979
1703	0.4474	0.2988
1704	0.4467	0.2986
1705	0.4444	0.2964
1706	0.4475	0.3
1707	0.4481	0.302
1708	0.4487	0.303
1709	0.4498	0.304
1710	0.4459	0.2983
1711	0.4466	0.2988
1712	0.4475	0.3009
1713	0.4451	0.2973
1714	0.4447	0.2962
1715	0.4442	0.2955
1716	0.4459	0.2969
1717	0.4456	0.2967
1718	0.4445	0.2957
1719	0.4441	0.2952
1720	0.4434	0.295
1721	0.4447	0.2966
1722	0.4451	0.2974
1723	0.4459	0.299
1724	0.4459	0.2982
1725	0.4466	0.2983
1726	0.4458	0.2981
1727	0.4478	0.2997
1728	0.4458	0.2974
1729	0.4471	0.2998
1730	0.4446	0.2961
1731	0.4438	0.2964
1732	0.4429	0.2949
1733	0.4441	0.2967
1734	0.4449	0.296
1735	0.4445	0.2963
1736	0.4436	0.296
1737	0.444	0.2967
1738	0.4434	0.2959
1739	0.4436	0.2964
1740	0.4424	0.2951
1741	0.4435	0.2962
1742	0.4436	0.2968
1743	0.4426	0.2951
1744	0.4459	0.2982
1745	0.4448	0.2978
1746	0.4461	0.2981
1747	0.4466	0.2988
1748	0.445	0.2971
1749	0.4443	0.2976
1750	0.4446	0.2972
1751	0.4449	0.2977
1752	0.4429	0.2955
1753	0.4435	0.2968
1754	0.4425	0.2956
1755	0.4426	0.2961
1756	0.4448	0.2995
1757	0.4444	0.2986
1758	0.4463	0.3014
1759	0.4481	0.3037
1760	0.4472	0.3019
1761	0.4442	0.2983
1762	0.4434	0.2965
1763	0.4443	0.2971
1764	0.4501	0.3043
1765	0.4466	0.3003
1766	0.443	0.2965
1767	0.4458	0.2998
1768	0.4427	0.2968
1769	0.445	0.2984
1770	0.4428	0.2961
1771	0.4428	0.2966
1772	0.4433	0.2964
1773	0.4421	0.2954
1774	0.4429	0.2958
1775	0.4424	0.2959
1776	0.4426	0.2967
1777	0.4417	0.295
1778	0.4423	0.2957
1779	0.4411	0.2947
1780	0.4427	0.297
1781	0.4422	0.2953
1782	0.4423	0.2948
1783	0.442	0.2941
1784	0.4435	0.2969
1785	0.4413	0.2954
1786	0.4418	0.296
1787	0.4424	0.2966
1788	0.4406	0.2938
1789	0.4424	0.2969
1790	0.4418	0.2958
1791	0.4422	0.2958
1792	0.4403	0.2946
1793	0.4421	0.2971
1794	0.4409	0.2947
1795	0.4421	0.2959
1796	0.4437	0.2983
1797	0.441	0.295
1798	0.443	0.2966
1799	0.4441	0.2977
1800	0.4421	0.2952
1801	0.4405	0.2935
1802	0.4431	0.2973
1803	0.4438	0.2979
1804	0.4481	0.3033
1805	0.4442	0.2987
1806	0.4467	0.3007
1807	0.4432	0.2968
1808	0.4412	0.2948
1809	0.4424	0.2963
1810	0.444	0.2976
1811	0.44	0.2939
1812	0.4413	0.2952
1813	0.4406	0.2938
1814	0.4398	0.2926
1815	0.4403	0.2944
1816	0.441	0.2956
1817	0.4401	0.2939
1818	0.4408	0.2944
1819	0.4403	0.2936
1820	0.4411	0.2941
1821	0.4394	0.293
1822	0.4408	0.2944
1823	0.442	0.2964
1824	0.4403	0.2938
1825	0.4446	0.2989
1826	0.4436	0.2986
1827	0.4411	0.2943
1828	0.4402	0.2941
1829	0.4414	0.2949
1830	0.4403	0.2945
1831	0.4407	0.2946
1832	0.4395	0.2946
1833	0.4408	0.2961
1834	0.4412	0.2953
1835	0.4397	0.294
1836	0.4411	0.2949
1837	0.4404	0.2941
1838	0.4395	0.2942
1839	0.4385	0.2924
1840	0.4397	0.2935
1841	0.4388	0.2929
1842	0.4387	0.2929
1843	0.438	0.2922
1844	0.4384	0.2925
1845	0.4393	0.2929
1846	0.439	0.2932
1847	0.4406	0.2949
1848	0.4393	0.2937
1849	0.4391	0.2942
1850	0.4397	0.2945
1851	0.4425	0.2987
1852	0.4408	0.2965
1853	0.4402	0.296
1854	0.4418	0.2982
1855	0.4388	0.2938
1856	0.4423	0.2978
1857	0.4383	0.2929
1858	0.4397	0.2938
1859	0.4379	0.2916
1860	0.4389	0.2938
1861	0.441	0.2957
1862	0.4434	0.2988
1863	0.4383	0.2938
1864	0.4383	0.2939
1865	0.4394	0.2942
1866	0.4409	0.2966
1867	0.4425	0.2975
1868	0.4384	0.2942
1869	0.44	0.2949
1870	0.438	0.2924
1871	0.4381	0.2925
1872	0.4382	0.2941
1873	0.4377	0.2931
1874	0.4363	0.292
1875	0.4395	0.2958
1876	0.4382	0.2939
1877	0.4398	0.2948
1878	0.4387	0.2938
1879	0.4381	0.2934
1880	0.4376	0.2925
1881	0.438	0.2929
1882	0.4381	0.2937
1883	0.4379	0.2937
1884	0.4379	0.2938
1885	0.4363	0.2925
1886	0.4372	0.2935
1887	0.4371	0.2924
1888	0.437	0.2921
1889	0.4379	0.2945
1890	0.4387	0.2954
1891	0.4426	0.3004
1892	0.4389	0.2943
1893	0.4402	0.2964
1894	0.4444	0.302
1895	0.4391	0.295
1896	0.4392	0.2947
1897	0.4365	0.2923
1898	0.4367	0.2927
1899	0.4369	0.2931
1900	0.4378	0.2939
1901	0.4364	0.2921
1902	0.4364	0.2921
1903	0.437	0.2921
1904	0.4374	0.2925
1905	0.4363	0.2915
1906	0.4355	0.2914
1907	0.4361	0.2926
1908	0.4381	0.2951
1909	0.435	0.2905
1910	0.4361	0.2926
1911	0.4389	0.2967
1912	0.4373	0.2941
1913	0.4366	0.2921
1914	0.4379	0.295
1915	0.4369	0.293
1916	0.4348	0.2906
1917	0.4355	0.2912
1918	0.4351	0.2911
1919	0.436	0.2919
1920	0.4353	0.2912
1921	0.4375	0.2928
1922	0.436	0.292
1923	0.4363	0.2925
1924	0.4371	0.293
1925	0.4357	0.2923
1926	0.4363	0.2923
1927	0.436	0.2924
1928	0.4353	0.2911
1929	0.4374	0.2944
1930	0.4372	0.2938
1931	0.434	0.2901
1932	0.4351	0.2917
1933	0.4354	0.2916
1934	0.436	0.2925
1935	0.4356	0.2924
1936	0.4361	0.2917
1937	0.4358	0.2922
1938	0.4353	0.2909
1939	0.4366	0.2924
1940	0.438	0.2955
1941	0.4381	0.2945
1942	0.4357	0.2922
1943	0.438	0.2959
1944	0.4345	0.2913
1945	0.4371	0.294
1946	0.4359	0.2926
1947	0.4361	0.2928
1948	0.4359	0.2924
1949	0.4371	0.2941
1950	0.437	0.295
1951	0.4373	0.2953
1952	0.4343	0.2907
1953	0.4376	0.2943
1954	0.4372	0.2937
1955	0.433	0.2894
1956	0.4343	0.2907
1957	0.4351	0.2923
1958	0.4334	0.2908
1959	0.4349	0.292
1960	0.4435	0.3012
1961	0.4368	0.2939
1962	0.4342	0.2911
1963	0.4344	0.2922
1964	0.4339	0.2911
1965	0.4362	0.2952
1966	0.4335	0.2907
1967	0.4358	0.2931
1968	0.4359	0.2933
1969	0.4354	0.292
1970	0.4387	0.297
1971	0.4394	0.2961
1972	0.4342	0.2911
1973	0.4347	0.2919
1974	0.4372	0.2957
1975	0.4365	0.2945
1976	0.4362	0.2937
1977	0.4343	0.2907
1978	0.4337	0.29
1979	0.4346	0.2915
1980	0.433	0.2899
1981	0.4361	0.2924
1982	0.4388	0.2954
1983	0.4332	0.2899
1984	0.4355	0.2934
1985	0.4349	0.2914
1986	0.4337	0.29
1987	0.438	0.2954
1988	0.4347	0.2921
1989	0.4367	0.2933
1990	0.4334	0.2901
1991	0.4321	0.2887
1992	0.4335	0.2914
1993	0.4311	0.2889
1994	0.4332	0.2914
1995	0.4373	0.2964
1996	0.4361	0.2945
1997	0.4337	0.2908
1998	0.4324	0.2896
1999	0.4328	0.2895
