epoch:	train_RMSD:	train_MAE:
0	6.9227	6.3043
1	6.5571	5.925
2	4.9385	4.2855
3	4.0379	3.4454
4	3.758	3.1989
5	3.5754	3.0409
6	3.4318	2.9148
7	3.3184	2.8122
8	3.2332	2.7292
9	3.1799	2.6704
10	3.1521	2.6322
11	3.1402	2.6096
12	3.1361	2.5973
13	3.135	2.5914
14	3.1348	2.5895
15	3.1348	2.5891
16	3.1348	2.5897
17	3.1349	2.5909
18	3.1349	2.5914
19	3.1351	2.5925
20	3.135	2.5925
21	3.1349	2.5921
22	3.1347	2.5913
23	3.1345	2.5912
24	3.1342	2.5921
25	3.1334	2.5903
26	3.1323	2.5901
27	3.1302	2.5891
28	3.1264	2.5846
29	3.1226	2.5829
30	3.118	2.5765
31	3.1143	2.5738
32	3.1095	2.5695
33	3.0998	2.5606
34	3.0797	2.5441
35	3.0441	2.5107
36	3.0002	2.4708
37	2.9413	2.4143
38	2.8702	2.3467
39	2.762	2.2456
40	2.6154	2.111
41	2.4565	1.9662
42	2.3532	1.8414
43	2.2798	1.76
44	2.248	1.6972
45	2.2028	1.6685
46	2.1764	1.6369
47	2.1544	1.6211
48	2.1392	1.6118
49	2.1223	1.5995
50	2.1082	1.589
51	2.0927	1.5742
52	2.0773	1.5532
53	2.0655	1.5461
54	2.051	1.5275
55	2.0379	1.5176
56	2.0374	1.5098
57	2.0191	1.5088
58	2.0329	1.5298
59	2.0012	1.4901
60	1.9938	1.4787
61	1.9868	1.487
62	1.9993	1.4755
63	1.9625	1.4719
64	1.9182	1.4361
65	1.9179	1.4503
66	1.8306	1.3769
67	1.7866	1.3408
68	1.7346	1.2979
69	1.8126	1.3675
70	1.7447	1.2968
71	1.7479	1.2958
72	1.7383	1.3008
73	1.7731	1.3151
74	1.745	1.3184
75	1.7075	1.2672
76	1.65	1.2321
77	1.6224	1.2058
78	1.6343	1.2078
79	1.6625	1.2298
80	1.6035	1.1941
81	1.6058	1.2005
82	1.59	1.1793
83	1.5923	1.1833
84	1.6093	1.1995
85	1.5827	1.1661
86	1.5802	1.1686
87	1.6049	1.1965
88	1.6107	1.1897
89	1.5945	1.1883
90	1.5752	1.1649
91	1.5438	1.1441
92	1.5332	1.1307
93	1.544	1.151
94	1.5226	1.1257
95	1.5223	1.12
96	1.5314	1.129
97	1.52	1.1264
98	1.5095	1.115
99	1.5038	1.1081
100	1.5151	1.1159
101	1.5118	1.122
102	1.4893	1.0933
103	1.5066	1.1025
104	1.5048	1.1096
105	1.4731	1.0804
106	1.4697	1.0782
107	1.4794	1.0867
108	1.5046	1.115
109	1.4648	1.0698
110	1.4652	1.075
111	1.4879	1.0967
112	1.461	1.0838
113	1.4477	1.0608
114	1.4456	1.0542
115	1.4397	1.0532
116	1.4327	1.0473
117	1.4347	1.0503
118	1.4302	1.0495
119	1.4203	1.0347
120	1.4414	1.0514
121	1.4327	1.0536
122	1.4124	1.0334
123	1.4103	1.0304
124	1.4068	1.0309
125	1.3996	1.0204
126	1.402	1.0192
127	1.4007	1.0176
128	1.3888	1.0075
129	1.3897	1.0138
130	1.4411	1.0578
131	1.3908	1.0175
132	1.3827	1.0044
133	1.3775	0.9996
134	1.3722	1.0028
135	1.3661	0.9922
136	1.3622	0.9883
137	1.3579	0.9849
138	1.3615	0.9866
139	1.3877	1.0129
140	1.3456	0.9766
141	1.3637	1.002
142	1.3615	0.9935
143	1.3563	0.984
144	1.3374	0.9731
145	1.3389	0.9779
146	1.3688	1.0064
147	1.3563	0.9876
148	1.3677	0.999
149	1.3266	0.9586
150	1.3232	0.9579
151	1.3075	0.9424
152	1.3156	0.9478
153	1.309	0.9445
154	1.3131	0.9591
155	1.2936	0.932
156	1.3151	0.9508
157	1.3104	0.9472
158	1.3404	0.9726
159	1.2896	0.9399
160	1.2775	0.9165
161	1.2937	0.9315
162	1.2802	0.9233
163	1.2825	0.9217
164	1.262	0.9065
165	1.2805	0.927
166	1.2662	0.9192
167	1.2765	0.9206
168	1.2666	0.9107
169	1.2583	0.9077
170	1.2463	0.9
171	1.2418	0.8964
172	1.2714	0.9285
173	1.2326	0.8865
174	1.2285	0.883
175	1.2537	0.9037
176	1.2249	0.8809
177	1.2511	0.9001
178	1.2148	0.872
179	1.2165	0.8731
180	1.207	0.864
181	1.2057	0.8618
182	1.2941	0.9442
183	1.2087	0.8716
184	1.2449	0.9121
185	1.1933	0.8564
186	1.1912	0.8542
187	1.1823	0.8485
188	1.1823	0.8456
189	1.1778	0.8436
190	1.1912	0.8538
191	1.177	0.8421
192	1.1655	0.8345
193	1.1645	0.8332
194	1.1765	0.843
195	1.1654	0.8356
196	1.1675	0.8432
197	1.1704	0.8452
198	1.164	0.8401
199	1.1447	0.8186
200	1.1469	0.822
201	1.1476	0.8265
202	1.1481	0.8207
203	1.1338	0.8113
204	1.1433	0.8238
205	1.1308	0.8076
206	1.2833	0.9428
207	1.1948	0.8812
208	1.1674	0.8465
209	1.1721	0.8471
210	1.1462	0.8238
211	1.1212	0.8046
212	1.1167	0.7996
213	1.1095	0.7935
214	1.1574	0.8427
215	1.1541	0.8391
216	1.115	0.8016
217	1.1086	0.7957
218	1.0948	0.7802
219	1.1055	0.7934
220	1.0888	0.7764
221	1.0905	0.7785
222	1.0879	0.7743
223	1.1065	0.7936
224	1.1111	0.8026
225	1.0998	0.7918
226	1.0922	0.7816
227	1.0768	0.7658
228	1.095	0.7851
229	1.0791	0.7723
230	1.0686	0.7591
231	1.0614	0.753
232	1.085	0.7819
233	1.1143	0.8132
234	1.0701	0.7636
235	1.0526	0.7474
236	1.0597	0.7528
237	1.0673	0.7586
238	1.0528	0.7519
239	1.0448	0.741
240	1.0414	0.7371
241	1.0512	0.747
242	1.0498	0.7464
243	1.0419	0.7379
244	1.0421	0.7396
245	1.0281	0.7254
246	1.0311	0.7296
247	1.0338	0.7338
248	1.0398	0.7364
249	1.0524	0.7537
250	1.0223	0.7224
251	1.0196	0.7206
252	1.024	0.7266
253	1.0178	0.7176
254	1.0713	0.7702
255	1.043	0.7405
256	1.0226	0.7238
257	1.0086	0.7085
258	1.0252	0.7299
259	1.0087	0.714
260	1.0072	0.7104
261	1.0031	0.7071
262	0.996	0.7
263	0.9942	0.6978
264	1.0141	0.7199
265	0.9927	0.697
266	0.9923	0.6963
267	0.989	0.6975
268	0.9913	0.6966
269	0.9977	0.7065
270	0.9898	0.698
271	0.9825	0.6891
272	0.983	0.6909
273	0.9895	0.698
274	0.9817	0.6902
275	0.9909	0.6962
276	1.005	0.7199
277	0.9866	0.6947
278	0.9894	0.6995
279	0.9728	0.6836
280	0.9697	0.6804
281	0.9658	0.6761
282	0.9668	0.6755
283	0.9648	0.68
284	0.9728	0.6825
285	0.9721	0.6868
286	0.9663	0.679
287	0.9707	0.6849
288	0.959	0.6727
289	0.9602	0.6743
290	0.9718	0.6851
291	0.9734	0.686
292	0.9493	0.6634
293	0.9488	0.6639
294	0.9655	0.6799
295	0.9657	0.6847
296	1.0104	0.7303
297	0.9856	0.7055
298	0.9771	0.6991
299	0.9765	0.6958
300	0.9485	0.6642
301	0.9445	0.664
302	0.9457	0.6603
303	0.944	0.6643
304	0.9484	0.6674
305	0.9388	0.6565
306	0.9606	0.6833
307	0.938	0.6594
308	0.933	0.6502
309	0.937	0.6608
310	0.9509	0.6706
311	0.9551	0.6784
312	0.9344	0.655
313	0.9419	0.6642
314	0.9324	0.651
315	0.9409	0.6663
316	0.926	0.6478
317	0.9411	0.6671
318	0.9889	0.7178
319	0.9593	0.6899
320	0.9389	0.6667
321	0.9277	0.6525
322	0.9174	0.6433
323	0.9189	0.6456
324	0.9146	0.642
325	0.922	0.6452
326	0.9186	0.6475
327	0.9079	0.6328
328	0.9172	0.6433
329	0.9503	0.6786
330	0.9439	0.6696
331	0.9345	0.6588
332	0.925	0.6531
333	0.9106	0.6392
334	0.9081	0.6355
335	0.9224	0.6485
336	0.9162	0.6506
337	0.9018	0.6268
338	0.9051	0.6368
339	0.9025	0.6314
340	0.9028	0.6349
341	0.9024	0.6254
342	0.9128	0.6443
343	0.907	0.6314
344	0.9121	0.6425
345	0.8924	0.6239
346	0.8943	0.626
347	0.8873	0.6173
348	0.8855	0.6185
349	0.8916	0.6255
350	0.8905	0.6252
351	0.883	0.6139
352	0.8857	0.6188
353	0.8951	0.6296
354	0.8949	0.6326
355	0.889	0.6219
356	0.8935	0.6262
357	0.8766	0.6109
358	0.8785	0.6153
359	0.8866	0.6232
360	0.8822	0.6156
361	0.8769	0.6143
362	0.9191	0.6561
363	0.8743	0.611
364	0.8801	0.619
365	0.8847	0.6248
366	0.9108	0.6499
367	0.8745	0.6069
368	0.8711	0.6072
369	0.8691	0.6051
370	0.8708	0.6058
371	0.8693	0.6045
372	0.8985	0.6386
373	0.8651	0.6008
374	0.8629	0.6032
375	0.8632	0.5992
376	0.8803	0.6212
377	0.8589	0.5968
378	0.8617	0.6007
379	0.8553	0.5941
380	0.8613	0.5985
381	0.8567	0.5974
382	0.8804	0.616
383	0.8896	0.629
384	0.8995	0.636
385	0.8525	0.5921
386	0.8573	0.6013
387	0.8576	0.6004
388	0.8496	0.5881
389	0.8488	0.592
390	0.8576	0.5996
391	0.8457	0.5847
392	0.8615	0.6078
393	0.8583	0.596
394	0.8591	0.6025
395	0.8743	0.6152
396	0.8483	0.5939
397	0.8454	0.5876
398	0.8429	0.588
399	0.8471	0.5885
400	0.8416	0.5865
401	0.8451	0.5876
402	0.8489	0.598
403	0.8536	0.5966
404	0.8496	0.5967
405	0.8416	0.5862
406	0.8542	0.598
407	0.8841	0.63
408	0.848	0.5932
409	0.8621	0.6054
410	0.8631	0.6097
411	0.8398	0.5834
412	0.8328	0.5767
413	0.8306	0.5743
414	0.8396	0.5889
415	0.8361	0.579
416	0.8304	0.5785
417	0.8304	0.5755
418	0.8296	0.5739
419	0.8267	0.5768
420	0.8252	0.571
421	0.8257	0.5757
422	0.8249	0.5752
423	0.8387	0.5894
424	0.8486	0.6004
425	0.8319	0.5821
426	0.8257	0.5726
427	0.831	0.5803
428	0.8211	0.5699
429	0.8211	0.5708
430	0.8228	0.5692
431	0.8187	0.5666
432	0.8432	0.5949
433	0.8526	0.6112
434	0.8326	0.5885
435	0.824	0.5768
436	0.8211	0.5742
437	0.8206	0.5764
438	0.8339	0.5902
439	0.8136	0.567
440	0.8119	0.5637
441	0.8242	0.5788
442	0.8463	0.6004
443	0.8246	0.5789
444	0.812	0.5648
445	0.8116	0.5598
446	0.8198	0.5742
447	0.8082	0.5613
448	0.8061	0.5599
449	0.8101	0.5642
450	0.8304	0.5858
451	0.8357	0.5914
452	0.8053	0.557
453	0.8038	0.5575
454	0.8047	0.5584
455	0.8035	0.5593
456	0.8079	0.5619
457	0.8004	0.5582
458	0.7962	0.5514
459	0.7954	0.5516
460	0.7994	0.5535
461	0.8192	0.5754
462	0.7974	0.5523
463	0.8016	0.5564
464	0.7925	0.5509
465	0.8043	0.5646
466	0.8038	0.5586
467	0.8545	0.6127
468	0.8157	0.5767
469	0.7945	0.5523
470	0.7997	0.5588
471	0.8007	0.557
472	0.8254	0.583
473	0.8045	0.5614
474	0.7868	0.5452
475	0.8083	0.5665
476	0.7865	0.5467
477	0.7885	0.5477
478	0.7878	0.545
479	0.7894	0.5497
480	0.7855	0.5414
481	0.7858	0.5473
482	0.7903	0.5473
483	0.7935	0.5546
484	0.7893	0.5482
485	0.7915	0.5536
486	0.786	0.5469
487	0.7934	0.5557
488	0.7943	0.5558
489	0.7924	0.5527
490	0.7939	0.5532
491	0.7806	0.54
492	0.7801	0.5444
493	0.7898	0.5525
494	0.78	0.5424
495	0.7773	0.5376
496	0.815	0.5814
497	0.782	0.5393
498	0.7834	0.546
499	0.7793	0.5398
500	0.7859	0.5488
501	0.7755	0.5344
502	0.7821	0.5424
503	0.7746	0.539
504	0.7884	0.5571
505	0.7738	0.5394
506	0.774	0.5417
507	0.7745	0.5425
508	0.7757	0.542
509	0.7677	0.5346
510	0.7863	0.553
511	0.765	0.5293
512	0.7974	0.566
513	0.7903	0.5585
514	0.7965	0.5646
515	0.766	0.5284
516	0.782	0.5463
517	0.7832	0.5517
518	0.7697	0.5325
519	0.7937	0.5637
520	0.7779	0.5439
521	0.7936	0.5623
522	0.7669	0.534
523	0.7716	0.5419
524	0.7862	0.5546
525	0.7655	0.5341
526	0.7974	0.5685
527	0.7944	0.5688
528	0.7928	0.5684
529	0.7769	0.5472
530	0.794	0.5685
531	0.7645	0.5339
532	0.7645	0.5316
533	0.7759	0.5437
534	0.7777	0.5499
535	0.7719	0.5431
536	0.7678	0.541
537	0.7613	0.5334
538	0.7562	0.5272
539	0.7541	0.5251
540	0.7509	0.5235
541	0.7685	0.5408
542	0.7527	0.522
543	0.7536	0.5231
544	0.7632	0.5325
545	0.7514	0.5235
546	0.7484	0.5168
547	0.7627	0.5333
548	0.7447	0.5134
549	0.7472	0.5196
550	0.7512	0.5243
551	0.7529	0.5248
552	0.7476	0.5188
553	0.7666	0.5355
554	0.7798	0.5572
555	0.7643	0.5401
556	0.755	0.5276
557	0.755	0.5294
558	0.7621	0.5391
559	0.8005	0.5828
560	0.7799	0.5602
561	0.7671	0.5432
562	0.7398	0.5123
563	0.7562	0.5298
564	0.7521	0.5242
565	0.7444	0.5152
566	0.7445	0.5177
567	0.7429	0.5126
568	0.7389	0.5109
569	0.7391	0.5086
570	0.7397	0.5112
571	0.7701	0.5435
572	0.7471	0.522
573	0.7437	0.5193
574	0.7348	0.5096
575	0.7417	0.5176
576	0.7554	0.5317
577	0.7462	0.5242
578	0.7312	0.5064
579	0.732	0.5062
580	0.7383	0.5139
581	0.7315	0.5062
582	0.7359	0.5142
583	0.7313	0.5038
584	0.7322	0.5102
585	0.7344	0.5106
586	0.734	0.5129
587	0.7321	0.5085
588	0.7331	0.5083
589	0.7355	0.5124
590	0.7382	0.5166
591	0.7351	0.5116
592	0.7362	0.5149
593	0.7355	0.5156
594	0.7275	0.5065
595	0.7647	0.5471
596	0.7643	0.5508
597	0.7394	0.5197
598	0.7419	0.5205
599	0.7321	0.5137
600	0.7236	0.5011
601	0.7554	0.5356
602	0.7262	0.5016
603	0.7194	0.4998
604	0.7254	0.5017
605	0.7213	0.4994
606	0.7153	0.495
607	0.721	0.502
608	0.7246	0.502
609	0.7267	0.5044
610	0.7276	0.5056
611	0.7216	0.5036
612	0.73	0.5128
613	0.7246	0.5075
614	0.7439	0.5283
615	0.7208	0.4994
616	0.7173	0.497
617	0.7154	0.4965
618	0.7222	0.5019
619	0.7726	0.5538
620	0.7248	0.5082
621	0.7213	0.5053
622	0.7365	0.5167
623	0.7371	0.5188
624	0.7118	0.4901
625	0.7176	0.4994
626	0.7112	0.4905
627	0.7225	0.5053
628	0.7242	0.5061
629	0.7592	0.5391
630	0.7282	0.5104
631	0.7261	0.5108
632	0.7521	0.5362
633	0.7272	0.5117
634	0.7174	0.4987
635	0.7082	0.4894
636	0.706	0.4914
637	0.7027	0.4848
638	0.7112	0.4931
639	0.7019	0.4828
640	0.7009	0.4844
641	0.7111	0.4926
642	0.726	0.5119
643	0.7083	0.4937
644	0.7145	0.4957
645	0.7013	0.4857
646	0.7036	0.4898
647	0.7199	0.5048
648	0.7135	0.5036
649	0.7122	0.5005
650	0.7222	0.5123
651	0.7085	0.4947
652	0.6966	0.4819
653	0.7177	0.5033
654	0.7304	0.5142
655	0.7042	0.4873
656	0.7021	0.4822
657	0.7031	0.4869
658	0.6962	0.4793
659	0.6954	0.4818
660	0.7044	0.4941
661	0.7047	0.4943
662	0.701	0.4906
663	0.7105	0.4979
664	0.6949	0.4825
665	0.7013	0.488
666	0.7046	0.4883
667	0.6941	0.4791
668	0.7043	0.4884
669	0.6927	0.4771
670	0.7089	0.4987
671	0.6941	0.4834
672	0.6877	0.476
673	0.6901	0.4767
674	0.6903	0.4784
675	0.7006	0.4903
676	0.6955	0.4847
677	0.6963	0.4862
678	0.6889	0.477
679	0.6873	0.4755
680	0.7093	0.5021
681	0.6955	0.4798
682	0.6973	0.4879
683	0.6989	0.4903
684	0.6965	0.4863
685	0.7099	0.5057
686	0.689	0.4779
687	0.6957	0.4828
688	0.7153	0.5061
689	0.715	0.5061
690	0.7047	0.4964
691	0.6856	0.4718
692	0.7234	0.5076
693	0.7	0.4874
694	0.6911	0.4794
695	0.6961	0.4879
696	0.6844	0.4756
697	0.6837	0.4737
698	0.6791	0.4706
699	0.7148	0.5062
700	0.701	0.4934
701	0.6942	0.4845
702	0.7065	0.4978
703	0.685	0.4746
704	0.6852	0.4733
705	0.6935	0.4824
706	0.7042	0.4974
707	0.6937	0.4877
708	0.6949	0.487
709	0.6972	0.4858
710	0.6796	0.4728
711	0.6743	0.4666
712	0.6725	0.4646
713	0.6736	0.4671
714	0.6726	0.4634
715	0.6819	0.4763
716	0.6872	0.4779
717	0.674	0.4655
718	0.6993	0.4952
719	0.6839	0.4735
720	0.6782	0.4743
721	0.6704	0.4652
722	0.6725	0.4646
723	0.6743	0.4689
724	0.6665	0.4576
725	0.6799	0.4708
726	0.6836	0.4771
727	0.6737	0.4665
728	0.6762	0.4682
729	0.681	0.4725
730	0.679	0.4729
731	0.6786	0.4746
732	0.6716	0.4664
733	0.6732	0.4692
734	0.6806	0.4741
735	0.672	0.4668
736	0.6596	0.4545
737	0.6752	0.4683
738	0.6739	0.4701
739	0.6611	0.4559
740	0.6616	0.4601
741	0.6742	0.4689
742	0.6766	0.4769
743	0.6744	0.4721
744	0.6701	0.4691
745	0.6642	0.4574
746	0.6761	0.4708
747	0.6625	0.4546
748	0.6694	0.4656
749	0.6845	0.481
750	0.6603	0.4571
751	0.6579	0.4561
752	0.6626	0.4589
753	0.6705	0.4694
754	0.6783	0.4756
755	0.6747	0.4754
756	0.6622	0.4603
757	0.6614	0.4578
758	0.6645	0.465
759	0.6626	0.456
760	0.6636	0.4587
761	0.6681	0.4626
762	0.688	0.4898
763	0.6623	0.461
764	0.6666	0.4687
765	0.6648	0.4652
766	0.656	0.4562
767	0.6658	0.4617
768	0.6557	0.4526
769	0.6675	0.4694
770	0.6536	0.4506
771	0.6722	0.4719
772	0.6576	0.4545
773	0.6502	0.4489
774	0.6824	0.4847
775	0.6445	0.4431
776	0.6596	0.4598
777	0.6599	0.4602
778	0.6647	0.4611
779	0.6701	0.4708
780	0.6505	0.4486
781	0.6492	0.4513
782	0.6579	0.4596
783	0.6529	0.4557
784	0.6666	0.4671
785	0.6514	0.4506
786	0.6492	0.449
787	0.6663	0.4675
788	0.6527	0.4527
789	0.6598	0.4634
790	0.6531	0.4521
791	0.647	0.4482
792	0.648	0.4513
793	0.6769	0.4837
794	0.661	0.4653
795	0.6482	0.4482
796	0.6535	0.4555
797	0.657	0.4572
798	0.6466	0.4487
799	0.6449	0.4466
800	0.6498	0.4549
801	0.6481	0.4534
802	0.6512	0.453
803	0.6512	0.4554
804	0.6672	0.4684
805	0.6488	0.4496
806	0.6449	0.4504
807	0.6486	0.452
808	0.6484	0.4472
809	0.642	0.4431
810	0.6868	0.4927
811	0.6566	0.458
812	0.6408	0.4424
813	0.6458	0.4501
814	0.659	0.4662
815	0.6409	0.4409
816	0.652	0.4552
817	0.6481	0.4517
818	0.6443	0.4484
819	0.6381	0.4408
820	0.6527	0.4597
821	0.6562	0.4616
822	0.6365	0.4411
823	0.6608	0.4666
824	0.6314	0.4335
825	0.6455	0.4516
826	0.6361	0.4387
827	0.6341	0.4353
828	0.6634	0.4692
829	0.6667	0.4769
830	0.6366	0.4449
831	0.6701	0.4735
832	0.6476	0.4529
833	0.6376	0.4411
834	0.638	0.4416
835	0.6311	0.4377
836	0.6374	0.4434
837	0.6316	0.4351
838	0.6359	0.4422
839	0.6298	0.4334
840	0.6928	0.5051
841	0.6481	0.4562
842	0.6349	0.4392
843	0.6437	0.4465
844	0.6314	0.4365
845	0.6337	0.4409
846	0.6305	0.4348
847	0.6257	0.4315
848	0.6302	0.4379
849	0.638	0.4459
850	0.6373	0.4453
851	0.6412	0.4499
852	0.6271	0.4317
853	0.6495	0.4548
854	0.646	0.4522
855	0.634	0.4392
856	0.6254	0.4318
857	0.6418	0.4499
858	0.6522	0.4633
859	0.6369	0.4434
860	0.6277	0.4309
861	0.6321	0.4364
862	0.6219	0.4286
863	0.6206	0.4275
864	0.6507	0.4628
865	0.6308	0.4368
866	0.6555	0.4603
867	0.6314	0.4397
868	0.6334	0.441
869	0.6298	0.4342
870	0.6168	0.4243
871	0.6237	0.4325
872	0.6226	0.4321
873	0.616	0.4246
874	0.6297	0.4359
875	0.6238	0.4321
876	0.6175	0.4241
877	0.6255	0.4374
878	0.6305	0.4362
879	0.6288	0.4388
880	0.6159	0.4219
881	0.6177	0.426
882	0.6193	0.4244
883	0.6143	0.4251
884	0.6291	0.4395
885	0.6321	0.4439
886	0.6116	0.42
887	0.6194	0.4325
888	0.6241	0.433
889	0.6445	0.4548
890	0.6149	0.4214
891	0.6575	0.4763
892	0.6161	0.4258
893	0.6164	0.4247
894	0.6549	0.4637
895	0.6305	0.4387
896	0.6334	0.4413
897	0.6158	0.4212
898	0.6624	0.4797
899	0.6763	0.4958
900	0.6359	0.4478
901	0.6118	0.4228
902	0.6218	0.4351
903	0.6239	0.4345
904	0.6091	0.4215
905	0.6065	0.4155
906	0.6299	0.4398
907	0.6228	0.433
908	0.6144	0.4244
909	0.6332	0.4447
910	0.6075	0.4164
911	0.6294	0.4387
912	0.622	0.4336
913	0.6103	0.4229
914	0.6053	0.4161
915	0.6085	0.4188
916	0.6133	0.4235
917	0.6147	0.4288
918	0.6144	0.4242
919	0.6211	0.4326
920	0.6326	0.4439
921	0.605	0.4175
922	0.631	0.447
923	0.6264	0.442
924	0.6181	0.4307
925	0.6078	0.4218
926	0.6013	0.4117
927	0.6237	0.4341
928	0.6039	0.4177
929	0.6076	0.4221
930	0.6335	0.4456
931	0.6871	0.5003
932	0.6434	0.4546
933	0.6087	0.4211
934	0.616	0.4279
935	0.6147	0.4263
936	0.6076	0.4168
937	0.6086	0.4212
938	0.6131	0.4245
939	0.6065	0.42
940	0.6068	0.421
941	0.6072	0.4208
942	0.5979	0.4094
943	0.6192	0.4305
944	0.6069	0.42
945	0.6176	0.4319
946	0.6198	0.4348
947	0.6117	0.4265
948	0.6046	0.421
949	0.6024	0.4154
950	0.5957	0.4104
951	0.6001	0.4134
952	0.6031	0.4191
953	0.6013	0.4159
954	0.611	0.4274
955	0.6041	0.416
956	0.6018	0.4147
957	0.6048	0.4203
958	0.5953	0.4063
959	0.5988	0.4155
960	0.6058	0.4201
961	0.6021	0.4192
962	0.6123	0.4268
963	0.6105	0.4246
964	0.5943	0.4066
965	0.6109	0.4281
966	0.6052	0.4213
967	0.5957	0.4118
968	0.608	0.4215
969	0.594	0.4072
970	0.5941	0.4083
971	0.591	0.4057
972	0.5959	0.4097
973	0.6028	0.4161
974	0.5978	0.4145
975	0.5939	0.4082
976	0.5964	0.4088
977	0.6496	0.4688
978	0.5936	0.4096
979	0.6011	0.419
980	0.5889	0.4037
981	0.6026	0.4197
982	0.6005	0.4184
983	0.5868	0.4032
984	0.5944	0.4093
985	0.5871	0.4023
986	0.5967	0.4133
987	0.6061	0.4252
988	0.6003	0.4219
989	0.5937	0.4098
990	0.5851	0.4014
991	0.6261	0.4446
992	0.6157	0.4336
993	0.5925	0.4109
994	0.6308	0.4534
995	0.6225	0.444
996	0.6024	0.4235
997	0.6007	0.4176
998	0.5923	0.4077
999	0.5861	0.4036
1000	0.5954	0.4118
1001	0.6041	0.4215
1002	0.612	0.4299
1003	0.5917	0.4074
1004	0.5875	0.4044
1005	0.5911	0.409
1006	0.5909	0.4094
1007	0.5874	0.4045
1008	0.5868	0.4041
1009	0.6252	0.4413
1010	0.5942	0.4106
1011	0.6058	0.423
1012	0.5933	0.4095
1013	0.59	0.408
1014	0.6028	0.4205
1015	0.5846	0.4006
1016	0.6028	0.4206
1017	0.5922	0.4127
1018	0.589	0.4073
1019	0.5979	0.4193
1020	0.5826	0.4016
1021	0.593	0.4101
1022	0.5843	0.4008
1023	0.5828	0.3999
1024	0.5862	0.4038
1025	0.5923	0.4083
1026	0.5787	0.3961
1027	0.5874	0.4044
1028	0.5776	0.3939
1029	0.5876	0.405
1030	0.6066	0.4268
1031	0.5881	0.4056
1032	0.5855	0.4029
1033	0.5848	0.4058
1034	0.5777	0.3978
1035	0.5817	0.3997
1036	0.5844	0.4032
1037	0.5833	0.4025
1038	0.584	0.4002
1039	0.5807	0.4026
1040	0.5923	0.4148
1041	0.5773	0.3977
1042	0.6307	0.4517
1043	0.5989	0.4195
1044	0.5862	0.4073
1045	0.5774	0.395
1046	0.5893	0.4119
1047	0.59	0.4107
1048	0.5955	0.4103
1049	0.5809	0.4028
1050	0.5768	0.3976
1051	0.5795	0.396
1052	0.5834	0.4038
1053	0.5781	0.4008
1054	0.5792	0.3991
1055	0.5838	0.4066
1056	0.5848	0.405
1057	0.5809	0.398
1058	0.5814	0.4009
1059	0.5752	0.3952
1060	0.6091	0.4333
1061	0.5855	0.4096
1062	0.5738	0.3961
1063	0.6141	0.4357
1064	0.5919	0.4102
1065	0.5844	0.405
1066	0.5724	0.3899
1067	0.5943	0.4185
1068	0.5749	0.3942
1069	0.5944	0.4151
1070	0.5742	0.3932
1071	0.5905	0.4125
1072	0.5671	0.3889
1073	0.5729	0.3933
1074	0.5665	0.3869
1075	0.5717	0.3947
1076	0.6055	0.4333
1077	0.5783	0.4014
1078	0.5715	0.3941
1079	0.5671	0.3877
1080	0.5708	0.3932
1081	0.5866	0.4085
1082	0.5852	0.41
1083	0.5717	0.3922
1084	0.5724	0.3966
1085	0.5666	0.388
1086	0.6275	0.4593
1087	0.5954	0.4215
1088	0.572	0.3957
1089	0.5919	0.4187
1090	0.594	0.4182
1091	0.6349	0.4685
1092	0.5859	0.4107
1093	0.5668	0.3883
1094	0.5623	0.3845
1095	0.5665	0.3888
1096	0.5943	0.4176
1097	0.5978	0.4183
1098	0.5943	0.4177
1099	0.5706	0.3899
1100	0.576	0.4027
1101	0.5978	0.422
1102	0.641	0.4667
1103	0.5753	0.3963
1104	0.5802	0.4036
1105	0.58	0.4035
1106	0.5897	0.4121
1107	0.6121	0.4347
1108	0.5886	0.4105
1109	0.5769	0.4014
1110	0.5769	0.403
1111	0.5551	0.3782
1112	0.5595	0.3827
1113	0.568	0.3954
1114	0.5588	0.3816
1115	0.5604	0.3819
1116	0.5598	0.384
1117	0.5797	0.409
1118	0.5681	0.3925
1119	0.5574	0.382
1120	0.5697	0.3965
1121	0.5573	0.38
1122	0.5663	0.3895
1123	0.5761	0.3986
1124	0.5548	0.377
1125	0.5645	0.3884
1126	0.5541	0.3784
1127	0.5614	0.3832
1128	0.5621	0.3851
1129	0.5629	0.3861
1130	0.5757	0.405
1131	0.5659	0.3939
1132	0.5553	0.3785
1133	0.5594	0.3884
1134	0.5613	0.3854
1135	0.5572	0.3823
1136	0.556	0.3777
1137	0.6079	0.4414
1138	0.5953	0.4286
1139	0.5522	0.3751
1140	0.5602	0.3848
1141	0.5566	0.3801
1142	0.5662	0.3898
1143	0.5558	0.38
1144	0.5533	0.3783
1145	0.5651	0.3938
1146	0.555	0.3816
1147	0.5684	0.397
1148	0.593	0.4235
1149	0.5911	0.4239
1150	0.5651	0.3934
1151	0.5566	0.3798
1152	0.5528	0.378
1153	0.5537	0.3775
1154	0.5768	0.4049
1155	0.5791	0.4062
1156	0.5533	0.3777
1157	0.5508	0.3744
1158	0.5592	0.3859
1159	0.5546	0.3791
1160	0.5518	0.38
1161	0.548	0.3746
1162	0.5468	0.3727
1163	0.5872	0.4242
1164	0.5809	0.4104
1165	0.5564	0.3863
1166	0.5468	0.3742
1167	0.5628	0.3899
1168	0.5519	0.3795
1169	0.5505	0.3732
1170	0.5482	0.3734
1171	0.5486	0.3759
1172	0.5734	0.406
1173	0.5655	0.3969
1174	0.547	0.3732
1175	0.5492	0.3759
1176	0.5496	0.3731
1177	0.562	0.3896
1178	0.5462	0.3723
1179	0.5601	0.3938
1180	0.5429	0.3673
1181	0.546	0.3714
1182	0.5506	0.3805
1183	0.5607	0.3942
1184	0.551	0.3786
1185	0.5688	0.3961
1186	0.5425	0.3678
1187	0.5417	0.3701
1188	0.5505	0.3782
1189	0.5521	0.3811
1190	0.5504	0.3797
1191	0.5496	0.378
1192	0.5759	0.4089
1193	0.5392	0.3668
1194	0.5539	0.385
1195	0.5464	0.3746
1196	0.5471	0.376
1197	0.5419	0.3695
1198	0.5846	0.4173
1199	0.5419	0.3677
1200	0.554	0.3798
1201	0.5488	0.3797
1202	0.5654	0.4011
1203	0.5633	0.3894
1204	0.5592	0.3892
1205	0.5396	0.3685
1206	0.5363	0.3639
1207	0.5506	0.3826
1208	0.5573	0.3901
1209	0.5368	0.3638
1210	0.5502	0.3772
1211	0.5647	0.4002
1212	0.5355	0.3655
1213	0.5439	0.373
1214	0.5358	0.3631
1215	0.5402	0.3698
1216	0.538	0.3671
1217	0.545	0.3769
1218	0.544	0.3714
1219	0.5378	0.3698
1220	0.5334	0.3607
1221	0.5451	0.3759
1222	0.5516	0.3868
1223	0.536	0.3653
1224	0.5707	0.4074
1225	0.5569	0.3864
1226	0.5305	0.3604
1227	0.5407	0.3696
1228	0.533	0.3634
1229	0.5329	0.3648
1230	0.5512	0.3813
1231	0.5376	0.3666
1232	0.5536	0.3844
1233	0.541	0.3707
1234	0.5418	0.3719
1235	0.5426	0.3737
1236	0.5375	0.3684
1237	0.5334	0.362
1238	0.5366	0.3655
1239	0.5446	0.376
1240	0.5307	0.361
1241	0.543	0.3726
1242	0.5717	0.4072
1243	0.5348	0.3646
1244	0.5334	0.3618
1245	0.5426	0.3751
1246	0.5411	0.3716
1247	0.53	0.3605
1248	0.5357	0.3667
1249	0.5404	0.3721
1250	0.5574	0.3971
1251	0.5497	0.3797
1252	0.5366	0.3657
1253	0.5675	0.406
1254	0.5596	0.3955
1255	0.539	0.3696
1256	0.5441	0.3773
1257	0.529	0.3587
1258	0.528	0.3592
1259	0.529	0.3613
1260	0.553	0.3902
1261	0.5327	0.3633
1262	0.5269	0.3601
1263	0.5274	0.362
1264	0.5431	0.3767
1265	0.5537	0.3925
1266	0.5421	0.3762
1267	0.5508	0.3827
1268	0.5403	0.3751
1269	0.5408	0.3744
1270	0.5322	0.3637
1271	0.5281	0.3626
1272	0.54	0.3768
1273	0.5342	0.3655
1274	0.546	0.3804
1275	0.5372	0.3688
1276	0.5548	0.3937
1277	0.5386	0.3728
1278	0.5418	0.3775
1279	0.5313	0.3665
1280	0.5272	0.3601
1281	0.5246	0.3559
1282	0.5216	0.3539
1283	0.5357	0.3712
1284	0.5344	0.3664
1285	0.5268	0.3615
1286	0.5221	0.3547
1287	0.5292	0.3646
1288	0.5433	0.3812
1289	0.5335	0.3666
1290	0.5399	0.3733
1291	0.546	0.3792
1292	0.535	0.3688
1293	0.53	0.3637
1294	0.5239	0.359
1295	0.5246	0.3567
1296	0.5213	0.3563
1297	0.5347	0.3694
1298	0.5339	0.3698
1299	0.523	0.3556
1300	0.5225	0.3562
1301	0.5234	0.3581
1302	0.5616	0.4019
1303	0.5226	0.3583
1304	0.5263	0.3598
1305	0.5469	0.3837
1306	0.533	0.3659
1307	0.5258	0.3603
1308	0.5181	0.3519
1309	0.5476	0.3864
1310	0.5513	0.3918
1311	0.5344	0.3713
1312	0.5284	0.3612
1313	0.5236	0.3569
1314	0.5438	0.3782
1315	0.5172	0.3519
1316	0.526	0.3609
1317	0.5173	0.3511
1318	0.5203	0.3538
1319	0.5215	0.356
1320	0.5354	0.3746
1321	0.5393	0.3744
1322	0.529	0.3626
1323	0.5299	0.3627
1324	0.521	0.3557
1325	0.5167	0.3537
1326	0.5163	0.3496
1327	0.546	0.3876
1328	0.5108	0.346
1329	0.5189	0.3527
1330	0.5138	0.3494
1331	0.5285	0.3659
1332	0.5175	0.355
1333	0.5263	0.3647
1334	0.514	0.3489
1335	0.5284	0.3646
1336	0.5314	0.3676
1337	0.5382	0.3772
1338	0.5446	0.3839
1339	0.5193	0.3544
1340	0.5201	0.3565
1341	0.5135	0.35
1342	0.5162	0.3516
1343	0.5136	0.3494
1344	0.5201	0.3553
1345	0.5156	0.3535
1346	0.5177	0.3527
1347	0.5227	0.3612
1348	0.5369	0.3768
1349	0.5683	0.4069
1350	0.5765	0.4166
1351	0.5665	0.4079
1352	0.5566	0.3944
1353	0.5154	0.3508
1354	0.5245	0.357
1355	0.5317	0.3709
1356	0.5353	0.3718
1357	0.5264	0.3614
1358	0.5245	0.3583
1359	0.5189	0.3568
1360	0.509	0.3469
1361	0.5119	0.3479
1362	0.5238	0.3613
1363	0.5444	0.382
1364	0.5453	0.3867
1365	0.5278	0.3644
1366	0.5267	0.363
1367	0.5233	0.3635
1368	0.5132	0.3502
1369	0.518	0.3586
1370	0.536	0.3775
1371	0.5098	0.3459
1372	0.5289	0.3671
1373	0.5251	0.3616
1374	0.5058	0.3436
1375	0.5152	0.3529
1376	0.5192	0.3606
1377	0.5188	0.3573
1378	0.5186	0.3569
1379	0.5161	0.3551
1380	0.5187	0.3592
1381	0.5318	0.3739
1382	0.5067	0.3462
1383	0.5051	0.3412
1384	0.5113	0.3517
1385	0.5011	0.3385
1386	0.5072	0.3432
1387	0.5214	0.3599
1388	0.5016	0.3385
1389	0.5127	0.351
1390	0.5127	0.3526
1391	0.5096	0.3489
1392	0.5091	0.3475
1393	0.5188	0.3585
1394	0.5017	0.3403
1395	0.5139	0.3547
1396	0.5168	0.3569
1397	0.5102	0.3484
1398	0.5099	0.3503
1399	0.505	0.3418
1400	0.5223	0.3608
1401	0.5101	0.3469
1402	0.536	0.3826
1403	0.5432	0.3879
1404	0.5152	0.3555
1405	0.5043	0.3419
1406	0.5029	0.339
1407	0.5048	0.3465
1408	0.5063	0.3459
1409	0.5014	0.3413
1410	0.4971	0.3372
1411	0.5118	0.3544
1412	0.5269	0.3717
1413	0.5534	0.3989
1414	0.5095	0.3488
1415	0.4991	0.3366
1416	0.502	0.3416
1417	0.5051	0.343
1418	0.5513	0.3933
1419	0.5288	0.3671
1420	0.5156	0.3557
1421	0.5	0.3382
1422	0.514	0.3542
1423	0.495	0.3361
1424	0.499	0.3356
1425	0.5025	0.3441
1426	0.5477	0.3866
1427	0.5139	0.3507
1428	0.5386	0.3844
1429	0.5142	0.3555
1430	0.5027	0.3441
1431	0.5018	0.3398
1432	0.5067	0.3508
1433	0.5167	0.362
1434	0.5082	0.348
1435	0.5134	0.3592
1436	0.5177	0.3596
1437	0.5637	0.4093
1438	0.5226	0.3634
1439	0.509	0.3517
1440	0.5112	0.3519
1441	0.5254	0.3714
1442	0.5422	0.3883
1443	0.5133	0.3573
1444	0.511	0.355
1445	0.5024	0.3452
1446	0.5013	0.3411
1447	0.5101	0.3507
1448	0.4927	0.3306
1449	0.517	0.3605
1450	0.5161	0.3549
1451	0.4995	0.3378
1452	0.5052	0.3478
1453	0.4972	0.3378
1454	0.5063	0.3505
1455	0.5037	0.3453
1456	0.509	0.3512
1457	0.4937	0.3345
1458	0.4992	0.3395
1459	0.4969	0.3381
1460	0.5016	0.3423
1461	0.4974	0.3377
1462	0.5002	0.3427
1463	0.4925	0.3331
1464	0.4965	0.3397
1465	0.5185	0.3611
1466	0.4974	0.3391
1467	0.4981	0.339
1468	0.5028	0.3455
1469	0.527	0.3643
1470	0.5273	0.3701
1471	0.5017	0.3428
1472	0.508	0.3491
1473	0.4945	0.3361
1474	0.4977	0.3432
1475	0.5048	0.3489
1476	0.5015	0.3401
1477	0.5123	0.3544
1478	0.4918	0.3331
1479	0.4928	0.3356
1480	0.5118	0.3567
1481	0.498	0.3428
1482	0.4939	0.3345
1483	0.5049	0.3485
1484	0.4939	0.3344
1485	0.503	0.3477
1486	0.503	0.3438
1487	0.492	0.3346
1488	0.4892	0.3324
1489	0.5155	0.3595
1490	0.4917	0.3366
1491	0.4922	0.3332
1492	0.5082	0.3517
1493	0.494	0.3377
1494	0.4903	0.3317
1495	0.5221	0.3662
1496	0.4957	0.3357
1497	0.5134	0.3593
1498	0.4961	0.338
1499	0.4913	0.3338
1500	0.4877	0.3292
1501	0.4804	0.322
1502	0.4777	0.3192
1503	0.4781	0.3196
1504	0.4774	0.3187
1505	0.476	0.3172
1506	0.4762	0.3187
1507	0.4781	0.322
1508	0.4749	0.317
1509	0.4747	0.3168
1510	0.4743	0.3163
1511	0.4739	0.317
1512	0.4732	0.3165
1513	0.4727	0.3148
1514	0.4743	0.3167
1515	0.4727	0.3139
1516	0.4724	0.3139
1517	0.4724	0.3151
1518	0.4722	0.3155
1519	0.4709	0.3137
1520	0.4733	0.3162
1521	0.474	0.3176
1522	0.4711	0.3142
1523	0.4706	0.3141
1524	0.472	0.3157
1525	0.4754	0.3182
1526	0.4711	0.314
1527	0.4716	0.3143
1528	0.4711	0.3147
1529	0.4726	0.3153
1530	0.4714	0.3142
1531	0.4701	0.313
1532	0.4729	0.3168
1533	0.4708	0.3138
1534	0.4702	0.3122
1535	0.47	0.3129
1536	0.4702	0.3134
1537	0.4708	0.3139
1538	0.4728	0.3165
1539	0.4702	0.3141
1540	0.4711	0.3154
1541	0.4687	0.3126
1542	0.4716	0.316
1543	0.4693	0.3135
1544	0.4722	0.3161
1545	0.469	0.3126
1546	0.4706	0.3141
1547	0.4695	0.313
1548	0.4688	0.3125
1549	0.47	0.3136
1550	0.4684	0.3122
1551	0.4684	0.3117
1552	0.4687	0.3117
1553	0.4696	0.3135
1554	0.4701	0.3141
1555	0.4679	0.3107
1556	0.4687	0.313
1557	0.4696	0.3135
1558	0.471	0.3147
1559	0.4689	0.3134
1560	0.4687	0.3121
1561	0.468	0.311
1562	0.4712	0.316
1563	0.4684	0.3122
1564	0.4675	0.311
1565	0.4676	0.3115
1566	0.4675	0.3109
1567	0.467	0.3097
1568	0.4674	0.311
1569	0.4671	0.3109
1570	0.4696	0.3141
1571	0.4719	0.3163
1572	0.4679	0.3105
1573	0.4676	0.3105
1574	0.4702	0.3148
1575	0.4672	0.3112
1576	0.4672	0.3105
1577	0.4674	0.31
1578	0.4688	0.3114
1579	0.4681	0.3113
1580	0.4681	0.3115
1581	0.4671	0.3097
1582	0.4672	0.31
1583	0.4662	0.3103
1584	0.4672	0.3118
1585	0.4792	0.3254
1586	0.4794	0.3253
1587	0.4698	0.3144
1588	0.4666	0.3094
1589	0.466	0.3093
1590	0.4667	0.311
1591	0.4675	0.3114
1592	0.4678	0.3129
1593	0.4668	0.3107
1594	0.4722	0.3173
1595	0.4665	0.3114
1596	0.4661	0.3108
1597	0.4671	0.3114
1598	0.4663	0.3108
1599	0.465	0.3085
1600	0.4678	0.3119
1601	0.4679	0.3111
1602	0.4668	0.3105
1603	0.4665	0.3094
1604	0.4655	0.31
1605	0.4659	0.31
1606	0.4668	0.3113
1607	0.4661	0.3097
1608	0.4656	0.309
1609	0.4668	0.3103
1610	0.4655	0.3089
1611	0.4654	0.3095
1612	0.4672	0.3119
1613	0.4694	0.3142
1614	0.4668	0.3109
1615	0.4654	0.309
1616	0.4676	0.3111
1617	0.4785	0.3266
1618	0.4697	0.3148
1619	0.464	0.3073
1620	0.4654	0.3097
1621	0.4658	0.3098
1622	0.4642	0.3079
1623	0.4662	0.3102
1624	0.4659	0.3107
1625	0.4671	0.3113
1626	0.4664	0.3112
1627	0.4645	0.3095
1628	0.4646	0.309
1629	0.4634	0.3078
1630	0.4644	0.3084
1631	0.4668	0.3112
1632	0.4664	0.3118
1633	0.4648	0.3096
1634	0.4696	0.3159
1635	0.4635	0.3072
1636	0.4655	0.3104
1637	0.4629	0.307
1638	0.4653	0.3093
1639	0.4661	0.3114
1640	0.4641	0.3087
1641	0.4635	0.3075
1642	0.464	0.3085
1643	0.4652	0.3105
1644	0.4659	0.3102
1645	0.465	0.3106
1646	0.4638	0.3085
1647	0.4646	0.3088
1648	0.4683	0.3144
1649	0.464	0.3088
1650	0.4654	0.3103
1651	0.4665	0.3115
1652	0.4699	0.3149
1653	0.4657	0.3108
1654	0.4633	0.3074
1655	0.4658	0.3109
1656	0.4646	0.3092
1657	0.4625	0.3062
1658	0.4645	0.31
1659	0.4654	0.3112
1660	0.4637	0.3083
1661	0.4642	0.3088
1662	0.462	0.3063
1663	0.4653	0.3101
1664	0.4653	0.3112
1665	0.464	0.3086
1666	0.4623	0.3071
1667	0.4651	0.3107
1668	0.4614	0.3054
1669	0.464	0.3082
1670	0.4626	0.3079
1671	0.4629	0.3076
1672	0.4624	0.3072
1673	0.4652	0.3106
1674	0.4622	0.3069
1675	0.4625	0.3068
1676	0.4624	0.3078
1677	0.464	0.3103
1678	0.4619	0.3066
1679	0.4626	0.3076
1680	0.4635	0.3087
1681	0.4631	0.3077
1682	0.4634	0.3086
1683	0.4625	0.308
1684	0.4634	0.3082
1685	0.4627	0.3079
1686	0.4623	0.3062
1687	0.461	0.3051
1688	0.4643	0.3095
1689	0.4614	0.307
1690	0.4621	0.3068
1691	0.4622	0.307
1692	0.4618	0.3064
1693	0.4638	0.3097
1694	0.4653	0.3112
1695	0.4625	0.3073
1696	0.4638	0.3087
1697	0.4612	0.3068
1698	0.4616	0.3071
1699	0.46	0.3048
1700	0.4623	0.3079
1701	0.4612	0.3064
1702	0.4611	0.306
1703	0.4606	0.305
1704	0.4617	0.3071
1705	0.4602	0.3053
1706	0.4615	0.3067
1707	0.4605	0.3061
1708	0.462	0.3074
1709	0.4612	0.3058
1710	0.4602	0.3046
1711	0.4624	0.3077
1712	0.4607	0.3061
1713	0.4598	0.3048
1714	0.4602	0.3053
1715	0.4598	0.3051
1716	0.4633	0.3087
1717	0.4654	0.3108
1718	0.4609	0.3053
1719	0.4609	0.3061
1720	0.461	0.3062
1721	0.4601	0.3059
1722	0.4605	0.3061
1723	0.4598	0.3048
1724	0.4602	0.3047
1725	0.4629	0.308
1726	0.462	0.3073
1727	0.4617	0.3063
1728	0.4609	0.3055
1729	0.4606	0.3059
1730	0.4615	0.3062
1731	0.46	0.3046
1732	0.4591	0.3042
1733	0.4601	0.3053
1734	0.4613	0.306
1735	0.4598	0.3049
1736	0.46	0.3052
1737	0.461	0.3072
1738	0.4599	0.305
1739	0.4591	0.3042
1740	0.4587	0.3042
1741	0.4589	0.3041
1742	0.4603	0.3066
1743	0.4589	0.3045
1744	0.4627	0.3093
1745	0.4592	0.3052
1746	0.4619	0.3073
1747	0.4625	0.308
1748	0.4592	0.3046
1749	0.4605	0.307
1750	0.4596	0.3055
1751	0.4628	0.3094
1752	0.461	0.3063
1753	0.4591	0.3048
1754	0.4592	0.3049
1755	0.4595	0.3052
1756	0.46	0.3068
1757	0.4592	0.3049
1758	0.4596	0.3056
1759	0.4586	0.3045
1760	0.4588	0.304
1761	0.4592	0.3043
1762	0.4591	0.3052
1763	0.4597	0.3055
1764	0.4632	0.3098
1765	0.4607	0.3068
1766	0.4579	0.3033
1767	0.4629	0.3091
1768	0.4582	0.304
1769	0.4586	0.3028
1770	0.4602	0.3052
1771	0.4601	0.3066
1772	0.4591	0.3045
1773	0.4592	0.3055
1774	0.458	0.3034
1775	0.4594	0.3052
1776	0.4592	0.305
1777	0.4587	0.3048
1778	0.4595	0.3045
1779	0.4595	0.3051
1780	0.4637	0.3105
1781	0.4581	0.3032
1782	0.4592	0.3049
1783	0.4603	0.3058
1784	0.4619	0.3082
1785	0.4584	0.3046
1786	0.4579	0.3035
1787	0.4584	0.3042
1788	0.4574	0.3028
1789	0.4574	0.3032
1790	0.4585	0.3036
1791	0.4582	0.3028
1792	0.4582	0.3036
1793	0.4573	0.3024
1794	0.4574	0.3032
1795	0.4584	0.3042
1796	0.4572	0.3029
1797	0.4576	0.3039
1798	0.4588	0.3054
1799	0.4591	0.3055
1800	0.4603	0.3069
1801	0.4568	0.303
1802	0.4579	0.3037
1803	0.4583	0.304
1804	0.458	0.3047
1805	0.4575	0.3036
1806	0.4575	0.3032
1807	0.4584	0.3044
1808	0.4582	0.3045
1809	0.4596	0.3064
1810	0.4601	0.306
1811	0.4595	0.3063
1812	0.4648	0.3116
1813	0.4638	0.3095
1814	0.4584	0.3046
1815	0.4577	0.3037
1816	0.4574	0.3036
1817	0.4577	0.3038
1818	0.457	0.3025
1819	0.4584	0.3039
1820	0.4566	0.3022
1821	0.4572	0.3031
1822	0.4584	0.3034
1823	0.462	0.3096
1824	0.4594	0.3059
1825	0.4596	0.3056
1826	0.4647	0.3129
1827	0.4635	0.3102
1828	0.4572	0.304
1829	0.4589	0.3053
1830	0.4595	0.3059
1831	0.4615	0.3071
1832	0.457	0.303
1833	0.4577	0.304
1834	0.4564	0.3025
1835	0.4604	0.307
1836	0.4618	0.3088
1837	0.4587	0.306
1838	0.4584	0.3052
1839	0.4587	0.3044
1840	0.4585	0.3042
1841	0.4559	0.301
1842	0.4589	0.3048
1843	0.4568	0.3026
1844	0.4565	0.3025
1845	0.4562	0.3015
1846	0.4554	0.302
1847	0.4587	0.3051
1848	0.4568	0.3025
1849	0.4554	0.3024
1850	0.4552	0.3007
1851	0.4567	0.3038
1852	0.4594	0.3063
1853	0.4564	0.302
1854	0.458	0.3038
1855	0.4565	0.3028
1856	0.4584	0.305
1857	0.4566	0.3026
1858	0.4557	0.3015
1859	0.4554	0.3008
1860	0.4571	0.3048
1861	0.4574	0.305
1862	0.4566	0.302
1863	0.4559	0.3027
1864	0.4552	0.3014
1865	0.4611	0.307
1866	0.4582	0.3058
1867	0.4571	0.3027
1868	0.4553	0.3026
1869	0.4562	0.3019
1870	0.4555	0.301
1871	0.456	0.3017
1872	0.4566	0.3033
1873	0.4553	0.3017
1874	0.4543	0.3005
1875	0.456	0.3025
1876	0.4552	0.3019
1877	0.4555	0.3017
1878	0.4568	0.3037
1879	0.4578	0.3045
1880	0.4553	0.3009
1881	0.4551	0.302
1882	0.4562	0.3023
1883	0.4545	0.3013
1884	0.4547	0.3013
1885	0.4548	0.302
1886	0.4551	0.3017
1887	0.4572	0.3041
1888	0.4543	0.3002
1889	0.454	0.2996
1890	0.4538	0.3014
1891	0.4566	0.3051
1892	0.4549	0.3009
1893	0.4597	0.308
1894	0.464	0.3131
1895	0.461	0.3091
1896	0.4542	0.3005
1897	0.4543	0.3017
1898	0.4542	0.3004
1899	0.4555	0.3036
1900	0.4556	0.302
1901	0.4561	0.3035
1902	0.4561	0.3029
1903	0.4601	0.3082
1904	0.4553	0.3013
1905	0.4527	0.2985
1906	0.455	0.3021
1907	0.4568	0.3046
1908	0.456	0.304
1909	0.4545	0.301
1910	0.4546	0.3009
1911	0.4538	0.2995
1912	0.4538	0.2994
1913	0.454	0.2997
1914	0.4551	0.3022
1915	0.4564	0.3046
1916	0.4522	0.2986
1917	0.4539	0.3002
1918	0.4528	0.2988
1919	0.4558	0.3025
1920	0.4571	0.3048
1921	0.4527	0.299
1922	0.4534	0.2996
1923	0.4532	0.3001
1924	0.4526	0.2999
1925	0.4526	0.2992
1926	0.4541	0.3005
1927	0.4534	0.3001
1928	0.4544	0.3018
1929	0.4582	0.3067
1930	0.4542	0.3015
1931	0.4534	0.2994
1932	0.4542	0.3019
1933	0.4525	0.2998
1934	0.4534	0.3
1935	0.4549	0.303
1936	0.4524	0.3001
1937	0.4538	0.3005
1938	0.4534	0.3004
1939	0.4524	0.2985
1940	0.4546	0.3028
1941	0.4542	0.302
1942	0.4545	0.3008
1943	0.4541	0.3004
1944	0.4538	0.3008
1945	0.4533	0.3004
1946	0.4536	0.3012
1947	0.4553	0.301
1948	0.4535	0.3002
1949	0.4521	0.2988
1950	0.4519	0.2991
1951	0.4531	0.3008
1952	0.4526	0.2998
1953	0.4529	0.2996
1954	0.4534	0.3005
1955	0.453	0.2997
1956	0.4531	0.2999
1957	0.4538	0.3016
1958	0.4513	0.2985
1959	0.4541	0.3015
1960	0.4579	0.3058
1961	0.4544	0.3018
1962	0.4546	0.3024
1963	0.4528	0.2991
1964	0.4526	0.2997
1965	0.4538	0.3008
1966	0.4526	0.2991
1967	0.4531	0.3008
1968	0.4519	0.2987
1969	0.4532	0.3005
1970	0.4529	0.3009
1971	0.4526	0.3
1972	0.4537	0.3018
1973	0.4521	0.3
1974	0.457	0.3068
1975	0.4555	0.3045
1976	0.4571	0.3059
1977	0.4527	0.3004
1978	0.4529	0.3009
1979	0.4528	0.3012
1980	0.4518	0.2983
1981	0.4521	0.2984
1982	0.4557	0.3041
1983	0.4508	0.2972
1984	0.4508	0.298
1985	0.4532	0.3006
1986	0.4537	0.3006
1987	0.4529	0.3
1988	0.4512	0.2978
1989	0.4527	0.2994
1990	0.4511	0.2984
1991	0.4521	0.2995
1992	0.4531	0.301
1993	0.4515	0.2979
1994	0.4509	0.298
1995	0.4533	0.3015
1996	0.4523	0.2997
1997	0.4507	0.2976
1998	0.4523	0.3002
1999	0.4507	0.2975
