epoch:	train_RMSD:	train_MAE:
0	6.9227	6.3043
1	6.5571	5.925
2	4.9385	4.2855
3	4.0379	3.4454
4	3.758	3.1989
5	3.5754	3.0409
6	3.4318	2.9148
7	3.3184	2.8122
8	3.2332	2.7292
9	3.1799	2.6704
10	3.1521	2.6322
11	3.1402	2.6096
12	3.1361	2.5973
13	3.135	2.5914
14	3.1348	2.5895
15	3.1348	2.5892
16	3.1348	2.5896
17	3.1349	2.5908
18	3.1349	2.5914
19	3.1351	2.5925
20	3.135	2.5925
21	3.1349	2.5921
22	3.1346	2.5913
23	3.1344	2.5911
24	3.1341	2.5918
25	3.1332	2.5905
26	3.1318	2.59
27	3.129	2.5878
28	3.1237	2.5836
29	3.1163	2.5777
30	3.1062	2.5671
31	3.0922	2.5517
32	3.0735	2.5348
33	3.0493	2.5128
34	3.0164	2.4841
35	2.9716	2.4422
36	2.9142	2.3856
37	2.8475	2.3199
38	2.7387	2.2221
39	2.5956	2.0902
40	2.4473	1.9531
41	2.3523	1.8399
42	2.2775	1.7532
43	2.2291	1.7052
44	2.2042	1.6496
45	2.171	1.6407
46	2.1491	1.622
47	2.1288	1.6009
48	2.1279	1.6081
49	2.1063	1.5782
50	2.0977	1.57
51	2.0911	1.5686
52	2.0816	1.555
53	2.0827	1.5639
54	2.0706	1.5466
55	2.0719	1.5536
56	2.0637	1.5439
57	2.0665	1.5526
58	2.0507	1.5316
59	2.0425	1.5163
60	2.0305	1.5112
61	2.0249	1.5133
62	2.0014	1.478
63	1.9861	1.4606
64	2.0142	1.5102
65	1.9807	1.4435
66	1.9878	1.4421
67	1.9056	1.4147
68	1.8581	1.3578
69	1.8135	1.3497
70	1.8223	1.3654
71	1.76	1.3003
72	1.7472	1.297
73	1.7919	1.3454
74	1.717	1.2666
75	1.6914	1.2495
76	1.6808	1.243
77	1.752	1.2793
78	1.6633	1.2312
79	1.6454	1.2116
80	1.6317	1.1996
81	1.631	1.2028
82	1.619	1.1882
83	1.6055	1.1775
84	1.6124	1.1936
85	1.6165	1.1913
86	1.576	1.1598
87	1.574	1.1574
88	1.563	1.1516
89	1.589	1.1737
90	1.5699	1.1528
91	1.5548	1.1433
92	1.5367	1.1274
93	1.5263	1.1239
94	1.522	1.115
95	1.5209	1.116
96	1.5281	1.1296
97	1.5196	1.1185
98	1.4983	1.0969
99	1.5007	1.0973
100	1.5322	1.1255
101	1.4849	1.0897
102	1.4856	1.0873
103	1.4876	1.0861
104	1.4926	1.1011
105	1.4774	1.0812
106	1.4637	1.0669
107	1.4633	1.0683
108	1.5032	1.1043
109	1.4545	1.0605
110	1.4517	1.0565
111	1.4833	1.0816
112	1.4596	1.0634
113	1.4532	1.0585
114	1.4516	1.0593
115	1.4812	1.0838
116	1.4353	1.0465
117	1.4559	1.063
118	1.433	1.042
119	1.4228	1.0338
120	1.4643	1.0718
121	1.4471	1.0648
122	1.4245	1.0371
123	1.4545	1.0652
124	1.4654	1.0798
125	1.4142	1.0297
126	1.4505	1.0654
127	1.4456	1.0619
128	1.4046	1.019
129	1.4601	1.0706
130	1.41	1.0254
131	1.3932	1.0097
132	1.3987	1.0138
133	1.3862	1.0017
134	1.3933	1.0153
135	1.3882	1.0044
136	1.3806	0.9972
137	1.3839	1.0003
138	1.3798	0.9976
139	1.3872	1.0089
140	1.3958	1.0116
141	1.3807	0.9989
142	1.3832	1.0015
143	1.3984	1.022
144	1.3742	0.9962
145	1.3588	0.9809
146	1.4047	1.0235
147	1.3627	0.985
148	1.355	0.9785
149	1.3506	0.9748
150	1.3797	1.0052
151	1.3618	0.9868
152	1.3643	0.9867
153	1.3425	0.9659
154	1.3386	0.9641
155	1.335	0.9603
156	1.3322	0.9582
157	1.3295	0.9551
158	1.3573	0.9819
159	1.3553	0.9901
160	1.3349	0.9626
161	1.3512	0.9788
162	1.3274	0.9594
163	1.3192	0.9492
164	1.3128	0.9428
165	1.3103	0.9417
166	1.3226	0.9561
167	1.3226	0.9571
168	1.3001	0.9308
169	1.3167	0.9505
170	1.2974	0.9339
171	1.2962	0.9303
172	1.3	0.9361
173	1.2847	0.9205
174	1.2839	0.9205
175	1.2901	0.9263
176	1.2809	0.916
177	1.2759	0.9111
178	1.3632	1.0046
179	1.2762	0.9155
180	1.2797	0.918
181	1.2691	0.9046
182	1.2931	0.9273
183	1.2623	0.9006
184	1.2953	0.9406
185	1.2707	0.9125
186	1.2583	0.8989
187	1.2514	0.8965
188	1.251	0.893
189	1.2502	0.8912
190	1.2451	0.8864
191	1.2393	0.8839
192	1.2422	0.8895
193	1.2382	0.8871
194	1.2572	0.8995
195	1.2519	0.8965
196	1.2287	0.8795
197	1.2284	0.8742
198	1.2171	0.8676
199	1.2246	0.8763
200	1.2197	0.8725
201	1.2193	0.8752
202	1.2174	0.8687
203	1.2055	0.8611
204	1.2158	0.8727
205	1.2673	0.9117
206	1.2226	0.8833
207	1.215	0.8724
208	1.2286	0.8849
209	1.2043	0.8604
210	1.1998	0.8583
211	1.2014	0.8603
212	1.2016	0.8566
213	1.1855	0.8441
214	1.2282	0.8868
215	1.1842	0.8455
216	1.1771	0.8369
217	1.1729	0.8362
218	1.1668	0.8306
219	1.1636	0.8269
220	1.1674	0.8308
221	1.1769	0.8407
222	1.1586	0.8227
223	1.1543	0.823
224	1.1487	0.8169
225	1.1547	0.8253
226	1.1489	0.8178
227	1.1393	0.8099
228	1.1372	0.8079
229	1.1415	0.8117
230	1.1309	0.8013
231	1.1315	0.8052
232	1.1352	0.8163
233	1.153	0.8332
234	1.1206	0.7987
235	1.1142	0.791
236	1.1325	0.8059
237	1.1111	0.7897
238	1.1132	0.7941
239	1.0983	0.7794
240	1.0956	0.7753
241	1.1039	0.7878
242	1.112	0.7906
243	1.0905	0.7763
244	1.0912	0.7784
245	1.0841	0.7726
246	1.0884	0.7771
247	1.0829	0.7716
248	1.0745	0.7612
249	1.0859	0.7744
250	1.0673	0.7562
251	1.0565	0.7455
252	1.0849	0.7754
253	1.1218	0.812
254	1.0519	0.7417
255	1.0544	0.7465
256	1.0551	0.7492
257	1.0657	0.7603
258	1.0898	0.7899
259	1.0375	0.7328
260	1.0399	0.7361
261	1.0423	0.7374
262	1.0278	0.7248
263	1.0261	0.7214
264	1.1084	0.8043
265	1.0244	0.7231
266	1.0365	0.7345
267	1.0412	0.738
268	1.0175	0.7164
269	1.0152	0.7146
270	1.0153	0.7174
271	1.0036	0.7036
272	1.0022	0.7038
273	0.9994	0.7001
274	1.0032	0.7038
275	0.9953	0.695
276	0.9999	0.7025
277	0.9932	0.6962
278	1.0009	0.7068
279	0.985	0.6892
280	0.9873	0.6909
281	0.9835	0.6857
282	0.9868	0.6927
283	0.9835	0.6925
284	0.9768	0.6824
285	0.975	0.6815
286	0.9712	0.6782
287	0.9704	0.677
288	0.9759	0.688
289	0.9754	0.6855
290	0.9648	0.6763
291	0.9769	0.689
292	0.9609	0.671
293	0.9599	0.67
294	0.9706	0.6771
295	0.9566	0.6701
296	0.9729	0.6855
297	0.9974	0.7094
298	0.9725	0.6896
299	0.9534	0.6659
300	0.9649	0.6772
301	0.9489	0.6644
302	0.9483	0.6615
303	0.9576	0.6747
304	0.9766	0.6918
305	0.9489	0.663
306	0.9823	0.7029
307	0.9408	0.6566
308	0.9306	0.6457
309	0.9361	0.6538
310	0.9399	0.6547
311	0.9319	0.648
312	0.9319	0.6501
313	0.9346	0.6543
314	0.9335	0.6524
315	0.9348	0.656
316	0.9225	0.6402
317	0.9566	0.6801
318	0.976	0.7024
319	0.9242	0.6461
320	0.9557	0.6784
321	0.9491	0.6714
322	0.9223	0.6419
323	0.9479	0.6702
324	0.9132	0.6358
325	0.9383	0.6605
326	0.9083	0.6293
327	0.941	0.6657
328	0.9022	0.6239
329	0.9312	0.6553
330	0.9062	0.6319
331	0.9227	0.6475
332	0.9052	0.6316
333	0.8975	0.6212
334	0.8985	0.6213
335	0.894	0.6197
336	0.9051	0.6314
337	0.8925	0.6191
338	0.8996	0.629
339	0.8918	0.619
340	0.8966	0.6218
341	0.8936	0.6202
342	0.8962	0.6237
343	0.9195	0.6467
344	0.8962	0.6263
345	0.8856	0.6132
346	0.885	0.612
347	0.879	0.606
348	0.8774	0.6034
349	0.8749	0.6026
350	0.8743	0.6032
351	0.8845	0.6112
352	0.8784	0.6089
353	0.8863	0.6168
354	0.8812	0.6114
355	0.8739	0.6045
356	0.8698	0.6019
357	0.8828	0.6173
358	0.8829	0.6122
359	0.8661	0.5992
360	0.8807	0.6127
361	0.8618	0.5956
362	0.8612	0.593
363	0.8767	0.6102
364	0.8639	0.5986
365	0.8647	0.5991
366	0.8657	0.5945
367	0.8618	0.5934
368	0.8781	0.608
369	0.9011	0.6282
370	0.8852	0.6133
371	0.8578	0.5886
372	0.8753	0.6132
373	0.8522	0.586
374	0.8594	0.595
375	0.8716	0.6089
376	0.8777	0.614
377	0.8475	0.5846
378	0.8596	0.5932
379	0.8616	0.5936
380	0.8839	0.6177
381	0.8412	0.5771
382	0.8576	0.5965
383	0.8522	0.5886
384	0.8679	0.6062
385	0.8356	0.5712
386	0.8477	0.5888
387	0.8405	0.5758
388	0.8476	0.5822
389	0.8378	0.5752
390	0.842	0.5789
391	0.837	0.5752
392	0.8606	0.6015
393	0.8487	0.5871
394	0.8335	0.5706
395	0.8414	0.5829
396	0.8405	0.5818
397	0.8366	0.5764
398	0.8348	0.5775
399	0.8265	0.5662
400	0.8266	0.5636
401	0.8233	0.5625
402	0.8312	0.5726
403	0.8425	0.5817
404	0.8266	0.5667
405	0.8249	0.5641
406	0.8185	0.558
407	0.826	0.5652
408	0.8241	0.5625
409	0.8165	0.5577
410	0.8271	0.57
411	0.8246	0.5687
412	0.8276	0.5725
413	0.8283	0.5697
414	0.8159	0.5608
415	0.8265	0.5679
416	0.8167	0.5596
417	0.8145	0.5552
418	0.8097	0.5498
419	0.8243	0.5655
420	0.8066	0.551
421	0.8222	0.5694
422	0.8105	0.5541
423	0.8058	0.5533
424	0.8289	0.5729
425	0.8106	0.5565
426	0.8056	0.5488
427	0.8241	0.5633
428	0.8098	0.5563
429	0.8103	0.554
430	0.7963	0.5411
431	0.8004	0.5462
432	0.8332	0.5846
433	0.8316	0.5844
434	0.7905	0.5379
435	0.8009	0.5486
436	0.7891	0.5373
437	0.7926	0.5407
438	0.8139	0.5576
439	0.813	0.5624
440	0.8132	0.5552
441	0.8071	0.5535
442	0.8018	0.5467
443	0.7896	0.5391
444	0.7875	0.536
445	0.7872	0.5353
446	0.7938	0.5453
447	0.7986	0.5536
448	0.7845	0.5338
449	0.7896	0.5405
450	0.8536	0.6114
451	0.8215	0.5758
452	0.7798	0.5304
453	0.8018	0.5521
454	0.7809	0.5325
455	0.7789	0.5274
456	0.7857	0.538
457	0.7739	0.5251
458	0.7715	0.5233
459	0.7803	0.5314
460	0.7752	0.5287
461	0.7948	0.551
462	0.7747	0.5248
463	0.7723	0.5275
464	0.7661	0.5202
465	0.767	0.5217
466	0.7834	0.5413
467	0.8279	0.587
468	0.8028	0.5626
469	0.7695	0.5282
470	0.7663	0.5221
471	0.7629	0.52
472	0.7899	0.5499
473	0.7614	0.5183
474	0.7595	0.5172
475	0.7576	0.5143
476	0.7561	0.5115
477	0.7701	0.5246
478	0.769	0.5259
479	0.7553	0.5135
480	0.7785	0.5456
481	0.797	0.5609
482	0.7665	0.5302
483	0.7581	0.5159
484	0.7659	0.5247
485	0.7513	0.51
486	0.7653	0.5245
487	0.7691	0.5334
488	0.7529	0.5127
489	0.7467	0.5076
490	0.7477	0.5062
491	0.7563	0.5178
492	0.746	0.507
493	0.7456	0.5094
494	0.7476	0.5089
495	0.743	0.5071
496	0.7553	0.518
497	0.7468	0.5097
498	0.7546	0.5172
499	0.7407	0.505
500	0.7446	0.5071
501	0.7447	0.5037
502	0.7428	0.5039
503	0.7455	0.5099
504	0.7737	0.5444
505	0.7358	0.504
506	0.7364	0.5031
507	0.7386	0.5019
508	0.7345	0.501
509	0.7331	0.4969
510	0.7514	0.5173
511	0.7292	0.4944
512	0.7611	0.5311
513	0.7386	0.5085
514	0.7414	0.506
515	0.7318	0.4967
516	0.7323	0.5013
517	0.7296	0.4976
518	0.7251	0.4924
519	0.7291	0.4974
520	0.7456	0.5147
521	0.73	0.4978
522	0.7267	0.4953
523	0.7313	0.5042
524	0.765	0.5402
525	0.772	0.5459
526	0.7593	0.5332
527	0.7505	0.524
528	0.7338	0.5064
529	0.7246	0.4995
530	0.7254	0.4975
531	0.7193	0.4914
532	0.7192	0.4912
533	0.7277	0.4985
534	0.719	0.4925
535	0.7136	0.486
536	0.7122	0.4851
537	0.7173	0.4922
538	0.7077	0.4802
539	0.7109	0.4844
540	0.7195	0.4944
541	0.715	0.4927
542	0.7198	0.4937
543	0.7122	0.4864
544	0.7085	0.4843
545	0.744	0.5235
546	0.7045	0.4777
547	0.7154	0.4917
548	0.7077	0.4808
549	0.7033	0.4793
550	0.7071	0.4852
551	0.7053	0.4797
552	0.7023	0.4783
553	0.7031	0.4822
554	0.727	0.5109
555	0.742	0.5262
556	0.7218	0.5046
557	0.7099	0.4861
558	0.7012	0.4776
559	0.6987	0.4759
560	0.6993	0.4782
561	0.7309	0.5117
562	0.7126	0.4895
563	0.6958	0.4734
564	0.7031	0.4825
565	0.8379	0.6331
566	0.7596	0.5444
567	0.7099	0.4848
568	0.7214	0.4989
569	0.6984	0.476
570	0.6966	0.4794
571	0.7036	0.4876
572	0.7043	0.4844
573	0.6915	0.4726
574	0.6894	0.4736
575	0.701	0.485
576	0.7068	0.4895
577	0.7205	0.5053
578	0.6915	0.4748
579	0.6853	0.4661
580	0.6961	0.475
581	0.6849	0.4694
582	0.6916	0.4754
583	0.6811	0.4638
584	0.7021	0.4846
585	0.6893	0.4701
586	0.6811	0.4636
587	0.6847	0.4701
588	0.6842	0.4695
589	0.6767	0.4611
590	0.6939	0.4829
591	0.6907	0.4802
592	0.6811	0.4661
593	0.682	0.4669
594	0.6765	0.4608
595	0.685	0.4734
596	0.6852	0.4699
597	0.6777	0.4652
598	0.6785	0.4617
599	0.6789	0.465
600	0.6855	0.4739
601	0.6894	0.4763
602	0.6772	0.4608
603	0.6738	0.4619
604	0.6799	0.4613
605	0.6867	0.4742
606	0.6681	0.4545
607	0.6681	0.4576
608	0.6802	0.4679
609	0.6853	0.4735
610	0.6801	0.4696
611	0.6673	0.4545
612	0.6724	0.4639
613	0.6721	0.4595
614	0.6806	0.4697
615	0.668	0.4567
616	0.6787	0.4691
617	0.6725	0.4688
618	0.6655	0.4555
619	0.6897	0.4796
620	0.6682	0.4554
621	0.6764	0.4633
622	0.6787	0.4678
623	0.6635	0.4545
624	0.6686	0.4607
625	0.6605	0.4481
626	0.6724	0.4602
627	0.6752	0.4637
628	0.6642	0.4574
629	0.6654	0.4589
630	0.658	0.4481
631	0.6801	0.4756
632	0.6529	0.4431
633	0.6531	0.4415
634	0.6595	0.4504
635	0.6547	0.4425
636	0.6865	0.4861
637	0.6728	0.4633
638	0.6631	0.4573
639	0.655	0.4466
640	0.6819	0.4724
641	0.7004	0.4981
642	0.7132	0.5105
643	0.6809	0.4744
644	0.6709	0.4627
645	0.6617	0.4517
646	0.6663	0.466
647	0.6635	0.4597
648	0.6643	0.4673
649	0.6557	0.4511
650	0.6534	0.4499
651	0.655	0.4531
652	0.6687	0.4614
653	0.661	0.4541
654	0.6669	0.4623
655	0.6456	0.4396
656	0.6477	0.4456
657	0.6393	0.4334
658	0.6463	0.4424
659	0.6426	0.4399
660	0.653	0.4533
661	0.6549	0.4575
662	0.6392	0.435
663	0.659	0.4563
664	0.6554	0.4512
665	0.6411	0.4392
666	0.6475	0.4459
667	0.6441	0.4402
668	0.6538	0.4497
669	0.652	0.4513
670	0.6644	0.4685
671	0.6445	0.444
672	0.6324	0.428
673	0.6455	0.4423
674	0.6483	0.4458
675	0.6425	0.4406
676	0.6382	0.4364
677	0.6389	0.4384
678	0.6407	0.4406
679	0.629	0.4294
680	0.6398	0.4386
681	0.6291	0.427
682	0.6392	0.4384
683	0.6413	0.4424
684	0.6406	0.4432
685	0.644	0.4477
686	0.6498	0.4515
687	0.6429	0.4461
688	0.6284	0.4278
689	0.6404	0.4386
690	0.641	0.4384
691	0.6551	0.4586
692	0.6514	0.4555
693	0.6277	0.4296
694	0.642	0.4497
695	0.6312	0.4331
696	0.6391	0.4422
697	0.6716	0.4763
698	0.6318	0.4323
699	0.7029	0.5105
700	0.6568	0.4604
701	0.6503	0.4545
702	0.6433	0.4474
703	0.6314	0.4339
704	0.6411	0.4413
705	0.6906	0.4914
706	0.6811	0.493
707	0.6547	0.4641
708	0.6649	0.4751
709	0.643	0.4494
710	0.6259	0.4302
711	0.6391	0.4445
712	0.6352	0.4374
713	0.624	0.4259
714	0.6225	0.4258
715	0.6217	0.4268
716	0.628	0.4354
717	0.6285	0.4301
718	0.6231	0.4265
719	0.6246	0.4309
720	0.6444	0.4561
721	0.6404	0.4496
722	0.6234	0.4269
723	0.6286	0.4318
724	0.6316	0.4331
725	0.6175	0.4245
726	0.6203	0.4234
727	0.6213	0.4301
728	0.6366	0.4427
729	0.6263	0.4315
730	0.6114	0.4181
731	0.6213	0.4279
732	0.6344	0.4501
733	0.6314	0.4391
734	0.6075	0.4135
735	0.6113	0.4149
736	0.6165	0.425
737	0.6226	0.4267
738	0.6075	0.4113
739	0.6123	0.4187
740	0.608	0.4156
741	0.6241	0.4369
742	0.6363	0.4529
743	0.6382	0.4545
744	0.6094	0.4169
745	0.6093	0.4172
746	0.6044	0.4085
747	0.6186	0.4236
748	0.6088	0.4167
749	0.6267	0.4393
750	0.6242	0.4376
751	0.6406	0.4587
752	0.6577	0.4752
753	0.6399	0.4555
754	0.609	0.4207
755	0.611	0.4202
756	0.6093	0.42
757	0.6121	0.4228
758	0.6111	0.42
759	0.6131	0.4254
760	0.6166	0.4302
761	0.6098	0.4179
762	0.6188	0.434
763	0.6192	0.4359
764	0.6142	0.428
765	0.6056	0.4184
766	0.6151	0.425
767	0.623	0.4342
768	0.6139	0.4314
769	0.6128	0.4282
770	0.598	0.4101
771	0.6232	0.4347
772	0.6031	0.4154
773	0.6137	0.4257
774	0.6005	0.4082
775	0.6085	0.4181
776	0.6017	0.4141
777	0.6048	0.4174
778	0.5941	0.4059
779	0.5972	0.4082
780	0.5949	0.4056
781	0.5905	0.4037
782	0.5927	0.4054
783	0.5909	0.4022
784	0.5906	0.4005
785	0.5955	0.4074
786	0.5989	0.4102
787	0.6119	0.4278
788	0.6043	0.4208
789	0.6374	0.4652
790	0.6681	0.4918
791	0.6391	0.4601
792	0.5905	0.4055
793	0.5877	0.3993
794	0.602	0.42
795	0.5881	0.4015
796	0.5857	0.3988
797	0.5929	0.4033
798	0.5848	0.3984
799	0.5861	0.4006
800	0.5971	0.4169
801	0.5897	0.4089
802	0.5885	0.4023
803	0.5881	0.4015
804	0.598	0.409
805	0.5906	0.4048
806	0.5847	0.3999
807	0.5798	0.3948
808	0.5808	0.3937
809	0.5803	0.3945
810	0.6096	0.4279
811	0.5877	0.4005
812	0.5863	0.402
813	0.59	0.4075
814	0.5864	0.4036
815	0.595	0.4148
816	0.579	0.3949
817	0.5766	0.3919
818	0.5963	0.4117
819	0.5903	0.4069
820	0.5766	0.3916
821	0.5743	0.3881
822	0.5755	0.3951
823	0.5847	0.4015
824	0.5946	0.4139
825	0.6224	0.4484
826	0.5906	0.4053
827	0.5842	0.402
828	0.5754	0.3934
829	0.5924	0.4104
830	0.5931	0.4136
831	0.5792	0.3935
832	0.5896	0.4076
833	0.5832	0.397
834	0.5832	0.3982
835	0.5774	0.3932
836	0.5803	0.3996
837	0.5954	0.4187
838	0.5907	0.4128
839	0.5865	0.4024
840	0.6029	0.4305
841	0.5983	0.4213
842	0.6059	0.4346
843	0.5766	0.3956
844	0.6087	0.4331
845	0.5828	0.4056
846	0.5863	0.4085
847	0.6009	0.4268
848	0.5664	0.3865
849	0.5701	0.3894
850	0.5715	0.3919
851	0.5696	0.3892
852	0.567	0.3849
853	0.5766	0.3976
854	0.5806	0.3981
855	0.5745	0.3934
856	0.57	0.3885
857	0.5815	0.4021
858	0.5919	0.4214
859	0.5686	0.3895
860	0.5672	0.3868
861	0.5735	0.3929
862	0.5789	0.3982
863	0.5752	0.3914
864	0.5645	0.3847
865	0.5844	0.4092
866	0.5746	0.3968
867	0.5642	0.3841
868	0.598	0.4211
869	0.5796	0.3981
870	0.5817	0.402
871	0.5931	0.4173
872	0.5669	0.3895
873	0.5705	0.3909
874	0.5834	0.4037
875	0.5747	0.3956
876	0.5778	0.4047
877	0.5799	0.4084
878	0.5723	0.3981
879	0.5732	0.3965
880	0.5611	0.3849
881	0.5656	0.3851
882	0.5629	0.3831
883	0.5634	0.385
884	0.5607	0.3824
885	0.5592	0.3828
886	0.5622	0.3831
887	0.5804	0.4086
888	0.5659	0.3897
889	0.5526	0.375
890	0.5681	0.3886
891	0.5628	0.3842
892	0.5522	0.3741
893	0.5615	0.3865
894	0.5939	0.4178
895	0.5644	0.3837
896	0.5546	0.3758
897	0.5567	0.3804
898	0.5684	0.3954
899	0.5581	0.3814
900	0.5556	0.3768
901	0.5545	0.3762
902	0.5857	0.4178
903	0.5625	0.39
904	0.565	0.3907
905	0.5516	0.374
906	0.5566	0.378
907	0.5658	0.3915
908	0.5877	0.4116
909	0.5511	0.3764
910	0.5562	0.3792
911	0.5666	0.3916
912	0.5665	0.3891
913	0.5591	0.3818
914	0.5508	0.3762
915	0.6118	0.4497
916	0.5629	0.3919
917	0.5677	0.3963
918	0.5691	0.3953
919	0.6209	0.4517
920	0.5757	0.4
921	0.5686	0.3953
922	0.5487	0.3752
923	0.5491	0.3729
924	0.5517	0.3738
925	0.5464	0.3716
926	0.5467	0.3712
927	0.579	0.4078
928	0.5645	0.3954
929	0.578	0.4131
930	0.5483	0.3712
931	0.5702	0.3976
932	0.5635	0.3926
933	0.5465	0.3714
934	0.5538	0.3782
935	0.5592	0.3863
936	0.5422	0.3689
937	0.5469	0.3732
938	0.5512	0.382
939	0.549	0.3767
940	0.5451	0.372
941	0.5409	0.3653
942	0.5468	0.374
943	0.555	0.3852
944	0.5618	0.3929
945	0.5754	0.4091
946	0.5818	0.4149
947	0.5482	0.3764
948	0.5506	0.3821
949	0.5408	0.3686
950	0.5441	0.3728
951	0.5421	0.3678
952	0.5396	0.3701
953	0.5403	0.3693
954	0.5396	0.3662
955	0.5445	0.3719
956	0.5531	0.3819
957	0.5526	0.3853
958	0.5407	0.3673
959	0.5497	0.3811
960	0.5752	0.4111
961	0.5416	0.3738
962	0.5708	0.4017
963	0.574	0.4051
964	0.5412	0.3713
965	0.5378	0.3655
966	0.5415	0.3726
967	0.551	0.3826
968	0.5444	0.3738
969	0.5336	0.3635
970	0.5361	0.3634
971	0.5458	0.3743
972	0.5361	0.3632
973	0.5336	0.3612
974	0.5347	0.363
975	0.5448	0.3754
976	0.5323	0.36
977	0.5667	0.3976
978	0.5363	0.3662
979	0.5501	0.3838
980	0.5333	0.3622
981	0.5416	0.3747
982	0.5364	0.3686
983	0.5333	0.3642
984	0.5476	0.3775
985	0.545	0.3765
986	0.5653	0.3975
987	0.5289	0.3594
988	0.5313	0.3591
989	0.5347	0.3637
990	0.551	0.3817
991	0.5472	0.3788
992	0.5276	0.3585
993	0.5321	0.3623
994	0.5309	0.3615
995	0.5427	0.3757
996	0.5318	0.3618
997	0.5867	0.4237
998	0.5352	0.3665
999	0.5293	0.3573
1000	0.5255	0.3574
1001	0.533	0.3624
1002	0.5371	0.3688
1003	0.5262	0.3567
1004	0.5381	0.3743
1005	0.5707	0.4109
1006	0.5698	0.399
1007	0.5307	0.3623
1008	0.5244	0.355
1009	0.5448	0.3772
1010	0.5362	0.369
1011	0.5299	0.362
1012	0.5241	0.3549
1013	0.5309	0.3601
1014	0.5259	0.3582
1015	0.5779	0.4207
1016	0.5962	0.4419
1017	0.5814	0.4225
1018	0.5527	0.3927
1019	0.5455	0.3827
1020	0.5365	0.3722
1021	0.5232	0.3552
1022	0.5211	0.357
1023	0.528	0.3631
1024	0.5229	0.3539
1025	0.5298	0.3624
1026	0.5239	0.3559
1027	0.5444	0.3813
1028	0.5199	0.3514
1029	0.5183	0.3507
1030	0.5459	0.382
1031	0.5307	0.3654
1032	0.5212	0.3555
1033	0.5226	0.3574
1034	0.5175	0.3512
1035	0.5204	0.3512
1036	0.5236	0.3598
1037	0.5281	0.3647
1038	0.5246	0.3593
1039	0.567	0.4079
1040	0.5607	0.4018
1041	0.5276	0.3672
1042	0.5197	0.355
1043	0.5201	0.3539
1044	0.5176	0.352
1045	0.5229	0.3557
1046	0.5315	0.364
1047	0.5384	0.3777
1048	0.5308	0.3671
1049	0.5316	0.3705
1050	0.5253	0.3594
1051	0.5307	0.3654
1052	0.5143	0.3504
1053	0.528	0.3625
1054	0.5097	0.3442
1055	0.5265	0.3655
1056	0.5255	0.3645
1057	0.5162	0.3519
1058	0.5139	0.3509
1059	0.5134	0.349
1060	0.5167	0.3508
1061	0.5166	0.3518
1062	0.5176	0.3528
1063	0.5272	0.3629
1064	0.5166	0.3547
1065	0.5235	0.3569
1066	0.5127	0.3488
1067	0.5387	0.3776
1068	0.5159	0.3534
1069	0.5227	0.3594
1070	0.5146	0.3495
1071	0.5167	0.3534
1072	0.5057	0.3421
1073	0.5043	0.3424
1074	0.5132	0.3501
1075	0.5118	0.348
1076	0.5141	0.3525
1077	0.5212	0.3618
1078	0.508	0.3451
1079	0.5046	0.3415
1080	0.5097	0.345
1081	0.5085	0.3455
1082	0.5053	0.3432
1083	0.5114	0.3498
1084	0.5047	0.3443
1085	0.5179	0.3556
1086	0.5414	0.3823
1087	0.5085	0.3478
1088	0.5072	0.3433
1089	0.5142	0.3516
1090	0.5092	0.3509
1091	0.5287	0.372
1092	0.5044	0.3417
1093	0.5028	0.3403
1094	0.5098	0.3507
1095	0.5182	0.3581
1096	0.5074	0.3452
1097	0.5124	0.3499
1098	0.5118	0.3527
1099	0.5024	0.34
1100	0.5106	0.3464
1101	0.506	0.3432
1102	0.5116	0.3505
1103	0.5179	0.3578
1104	0.5062	0.3453
1105	0.5085	0.3474
1106	0.5194	0.3583
1107	0.5099	0.3502
1108	0.5164	0.3601
1109	0.5119	0.3552
1110	0.5191	0.3631
1111	0.511	0.3488
1112	0.5042	0.3441
1113	0.5141	0.3558
1114	0.5031	0.3412
1115	0.5051	0.3463
1116	0.5856	0.4399
1117	0.5396	0.3896
1118	0.5031	0.3432
1119	0.519	0.3595
1120	0.4985	0.3396
1121	0.5119	0.3542
1122	0.527	0.3707
1123	0.5311	0.3734
1124	0.5006	0.3405
1125	0.5012	0.3414
1126	0.5016	0.343
1127	0.5108	0.3501
1128	0.5402	0.3834
1129	0.5107	0.3493
1130	0.511	0.3557
1131	0.4993	0.3392
1132	0.5016	0.3415
1133	0.5138	0.3585
1134	0.5004	0.3417
1135	0.4959	0.3362
1136	0.5152	0.3613
1137	0.5417	0.386
1138	0.5505	0.4031
1139	0.4957	0.338
1140	0.5102	0.3493
1141	0.5142	0.3568
1142	0.5087	0.3508
1143	0.4997	0.344
1144	0.5106	0.3515
1145	0.4956	0.3372
1146	0.5123	0.3605
1147	0.5346	0.3849
1148	0.519	0.3647
1149	0.5409	0.3878
1150	0.4995	0.342
1151	0.505	0.3498
1152	0.5037	0.346
1153	0.5024	0.3465
1154	0.4914	0.333
1155	0.4929	0.3347
1156	0.5141	0.361
1157	0.4951	0.3362
1158	0.5276	0.3747
1159	0.4921	0.3338
1160	0.4963	0.3407
1161	0.4891	0.332
1162	0.4945	0.3357
1163	0.5006	0.3482
1164	0.4873	0.3268
1165	0.4978	0.3425
1166	0.4924	0.3342
1167	0.4964	0.338
1168	0.4897	0.3324
1169	0.5109	0.3605
1170	0.5101	0.3581
1171	0.4956	0.3393
1172	0.5175	0.3667
1173	0.4969	0.3414
1174	0.4929	0.3358
1175	0.4892	0.3295
1176	0.4958	0.3365
1177	0.4986	0.342
1178	0.4862	0.3286
1179	0.508	0.3583
1180	0.4858	0.3275
1181	0.4864	0.3314
1182	0.4879	0.3327
1183	0.5292	0.3822
1184	0.4867	0.332
1185	0.4932	0.3348
1186	0.4924	0.3375
1187	0.4929	0.3379
1188	0.4897	0.3367
1189	0.4993	0.3492
1190	0.4906	0.3333
1191	0.4925	0.3371
1192	0.493	0.339
1193	0.4847	0.329
1194	0.4895	0.3319
1195	0.4849	0.3286
1196	0.4897	0.3321
1197	0.5192	0.3692
1198	0.513	0.3585
1199	0.4877	0.333
1200	0.4984	0.3433
1201	0.4918	0.3377
1202	0.5073	0.3574
1203	0.4808	0.3244
1204	0.4854	0.3304
1205	0.4816	0.3276
1206	0.4908	0.3391
1207	0.4955	0.3445
1208	0.51	0.3628
1209	0.4845	0.3322
1210	0.4926	0.3383
1211	0.4997	0.3505
1212	0.4832	0.329
1213	0.4885	0.3366
1214	0.4874	0.3315
1215	0.4802	0.3253
1216	0.4866	0.3308
1217	0.4812	0.33
1218	0.4886	0.3364
1219	0.4893	0.3369
1220	0.4829	0.3288
1221	0.4815	0.3304
1222	0.5014	0.3517
1223	0.4889	0.3328
1224	0.509	0.3629
1225	0.4871	0.3381
1226	0.4766	0.3245
1227	0.4862	0.3303
1228	0.4752	0.3245
1229	0.4902	0.3447
1230	0.4804	0.3305
1231	0.5102	0.3586
1232	0.4888	0.3382
1233	0.4918	0.3419
1234	0.5639	0.4207
1235	0.5003	0.3496
1236	0.4832	0.3281
1237	0.4757	0.3252
1238	0.4934	0.3387
1239	0.5036	0.3569
1240	0.5244	0.3775
1241	0.4868	0.3373
1242	0.502	0.359
1243	0.4903	0.3448
1244	0.4847	0.3363
1245	0.4904	0.3384
1246	0.479	0.3292
1247	0.481	0.3316
1248	0.4908	0.3395
1249	0.4718	0.3197
1250	0.482	0.3289
1251	0.5182	0.3707
1252	0.4806	0.3295
1253	0.4893	0.342
1254	0.4955	0.3504
1255	0.5071	0.3615
1256	0.4869	0.3398
1257	0.4859	0.3372
1258	0.4787	0.3318
1259	0.4739	0.3237
1260	0.4842	0.3368
1261	0.4705	0.3182
1262	0.4842	0.3392
1263	0.4682	0.318
1264	0.4877	0.3382
1265	0.4869	0.3396
1266	0.4757	0.3255
1267	0.4755	0.3254
1268	0.4805	0.335
1269	0.4857	0.3406
1270	0.4746	0.3252
1271	0.4792	0.3317
1272	0.4663	0.3176
1273	0.4658	0.3148
1274	0.4647	0.3141
1275	0.4654	0.3166
1276	0.4729	0.3251
1277	0.4682	0.318
1278	0.466	0.3169
1279	0.4941	0.345
1280	0.471	0.3234
1281	0.4607	0.3114
1282	0.4665	0.3162
1283	0.4678	0.3188
1284	0.4732	0.329
1285	0.4954	0.3561
1286	0.4753	0.328
1287	0.4687	0.3184
1288	0.4742	0.3288
1289	0.4637	0.3138
1290	0.4645	0.3146
1291	0.4879	0.3387
1292	0.4611	0.3138
1293	0.4719	0.3282
1294	0.4803	0.3339
1295	0.505	0.3622
1296	0.4769	0.3297
1297	0.4842	0.3378
1298	0.4739	0.3316
1299	0.4923	0.3503
1300	0.4675	0.3213
1301	0.477	0.3307
1302	0.5068	0.3658
1303	0.4776	0.3344
1304	0.4691	0.3236
1305	0.4587	0.3103
1306	0.4685	0.319
1307	0.4975	0.353
1308	0.4605	0.3137
1309	0.4728	0.3283
1310	0.4653	0.3196
1311	0.4693	0.3233
1312	0.4713	0.3264
1313	0.4667	0.3186
1314	0.475	0.3307
1315	0.4601	0.3164
1316	0.4785	0.3365
1317	0.4653	0.3218
1318	0.4693	0.3265
1319	0.473	0.3293
1320	0.4605	0.3128
1321	0.4739	0.3294
1322	0.5099	0.3699
1323	0.5227	0.3791
1324	0.4875	0.3442
1325	0.4622	0.3184
1326	0.4676	0.3214
1327	0.4717	0.3235
1328	0.4645	0.3182
1329	0.4816	0.3386
1330	0.457	0.3116
1331	0.4617	0.3149
1332	0.4685	0.3252
1333	0.4805	0.3405
1334	0.4667	0.3208
1335	0.4697	0.3263
1336	0.4616	0.3156
1337	0.4609	0.3166
1338	0.4717	0.3296
1339	0.4592	0.3152
1340	0.4645	0.318
1341	0.4573	0.3109
1342	0.4598	0.3126
1343	0.4584	0.3124
1344	0.455	0.3101
1345	0.4535	0.3111
1346	0.4523	0.3065
1347	0.4646	0.3228
1348	0.4704	0.3304
1349	0.4602	0.3159
1350	0.478	0.3337
1351	0.4819	0.337
1352	0.4578	0.313
1353	0.4494	0.3039
1354	0.4538	0.3095
1355	0.4612	0.319
1356	0.4654	0.3211
1357	0.4679	0.3222
1358	0.4759	0.337
1359	0.4601	0.3169
1360	0.469	0.3305
1361	0.4872	0.3506
1362	0.4522	0.3055
1363	0.4731	0.3303
1364	0.5095	0.3698
1365	0.4817	0.3396
1366	0.4844	0.3436
1367	0.4654	0.3197
1368	0.4556	0.3115
1369	0.4625	0.3177
1370	0.4579	0.3143
1371	0.4518	0.3075
1372	0.4541	0.3096
1373	0.4772	0.3337
1374	0.454	0.3101
1375	0.4731	0.3341
1376	0.4591	0.3187
1377	0.4608	0.3176
1378	0.4608	0.3188
1379	0.4559	0.3144
1380	0.4786	0.325
1381	0.4616	0.3181
1382	0.4604	0.3155
1383	0.4601	0.315
1384	0.4584	0.3157
1385	0.4527	0.3111
1386	0.4731	0.3324
1387	0.4527	0.3093
1388	0.4534	0.3082
1389	0.4601	0.3167
1390	0.4574	0.3174
1391	0.4499	0.3069
1392	0.4483	0.306
1393	0.4596	0.3179
1394	0.4574	0.3174
1395	0.4566	0.3169
1396	0.4679	0.3331
1397	0.4556	0.3166
1398	0.4481	0.3081
1399	0.4452	0.3032
1400	0.4475	0.3058
1401	0.4616	0.3232
1402	0.4525	0.3141
1403	0.4472	0.3046
1404	0.4558	0.3159
1405	0.4548	0.3163
1406	0.4528	0.31
1407	0.4455	0.3008
1408	0.4478	0.3048
1409	0.4451	0.3049
1410	0.4606	0.3213
1411	0.4571	0.3162
1412	0.4475	0.3057
1413	0.446	0.3042
1414	0.4558	0.317
1415	0.4462	0.3043
1416	0.4578	0.3162
1417	0.4454	0.3024
1418	0.4648	0.3257
1419	0.4584	0.319
1420	0.4684	0.3264
1421	0.4585	0.3144
1422	0.4544	0.3143
1423	0.452	0.3125
1424	0.4504	0.3124
1425	0.4629	0.3253
1426	0.4474	0.308
1427	0.4505	0.3121
1428	0.4796	0.3484
1429	0.4496	0.3103
1430	0.4679	0.3297
1431	0.4519	0.3105
1432	0.4482	0.3106
1433	0.4739	0.3422
1434	0.4512	0.3128
1435	0.4639	0.3302
1436	0.4734	0.339
1437	0.4733	0.3366
1438	0.4748	0.3397
1439	0.4443	0.3048
1440	0.4461	0.307
1441	0.4536	0.3185
1442	0.4473	0.307
1443	0.4438	0.3031
1444	0.4453	0.3085
1445	0.4539	0.3172
1446	0.4496	0.3101
1447	0.4442	0.3026
1448	0.4531	0.3142
1449	0.4551	0.3187
1450	0.4594	0.3213
1451	0.4473	0.3067
1452	0.4609	0.324
1453	0.4422	0.3017
1454	0.4404	0.3015
1455	0.4463	0.3089
1456	0.4398	0.3013
1457	0.4589	0.3257
1458	0.4569	0.3155
1459	0.4653	0.3276
1460	0.5019	0.3683
1461	0.4439	0.3049
1462	0.4447	0.3049
1463	0.4464	0.3078
1464	0.4527	0.3157
1465	0.4541	0.3162
1466	0.445	0.3069
1467	0.4572	0.3233
1468	0.444	0.3043
1469	0.4435	0.3023
1470	0.446	0.3093
1471	0.4463	0.3092
1472	0.4582	0.3222
1473	0.4565	0.3153
1474	0.4421	0.302
1475	0.4383	0.3017
1476	0.4442	0.3057
1477	0.4743	0.3388
1478	0.4427	0.3047
1479	0.4471	0.3115
1480	0.4558	0.3183
1481	0.4386	0.2999
1482	0.4373	0.2965
1483	0.4508	0.3128
1484	0.4523	0.317
1485	0.4418	0.3042
1486	0.4378	0.2963
1487	0.4446	0.307
1488	0.4579	0.3238
1489	0.4504	0.3128
1490	0.4848	0.3484
1491	0.4539	0.316
1492	0.4351	0.2971
1493	0.4312	0.2928
1494	0.4375	0.2989
1495	0.443	0.3039
1496	0.44	0.3036
1497	0.4373	0.299
1498	0.4643	0.3277
1499	0.4547	0.321
1500	0.4285	0.2902
1501	0.4278	0.2903
1502	0.4224	0.2834
1503	0.4222	0.2836
1504	0.4209	0.2822
1505	0.4217	0.2831
1506	0.4238	0.2864
1507	0.4235	0.2859
1508	0.4197	0.2814
1509	0.4211	0.2824
1510	0.4181	0.2794
1511	0.4189	0.2806
1512	0.4176	0.2795
1513	0.417	0.2781
1514	0.4178	0.2791
1515	0.4185	0.2799
1516	0.4185	0.2807
1517	0.4184	0.2803
1518	0.4184	0.28
1519	0.418	0.2805
1520	0.4189	0.2806
1521	0.4175	0.2789
1522	0.4171	0.2789
1523	0.4165	0.278
1524	0.4162	0.2777
1525	0.4208	0.2831
1526	0.4167	0.2788
1527	0.4162	0.278
1528	0.4158	0.2782
1529	0.4179	0.2802
1530	0.4159	0.2776
1531	0.4162	0.2776
1532	0.4197	0.2824
1533	0.4157	0.2776
1534	0.4153	0.2768
1535	0.4168	0.2796
1536	0.4159	0.2783
1537	0.4155	0.2782
1538	0.4143	0.2764
1539	0.4162	0.2785
1540	0.4179	0.2797
1541	0.4153	0.2773
1542	0.4152	0.2781
1543	0.4161	0.2789
1544	0.4151	0.2772
1545	0.4155	0.2779
1546	0.4165	0.2796
1547	0.4137	0.2763
1548	0.414	0.2772
1549	0.4162	0.2799
1550	0.4175	0.281
1551	0.4156	0.2787
1552	0.4149	0.2769
1553	0.4159	0.2783
1554	0.4134	0.2757
1555	0.4137	0.277
1556	0.4144	0.2775
1557	0.4144	0.2769
1558	0.4138	0.2767
1559	0.414	0.2769
1560	0.414	0.2766
1561	0.4134	0.2766
1562	0.413	0.2765
1563	0.4139	0.277
1564	0.4121	0.2741
1565	0.4136	0.2763
1566	0.4157	0.2782
1567	0.4145	0.2772
1568	0.4132	0.2763
1569	0.4132	0.2759
1570	0.4133	0.2759
1571	0.4141	0.2775
1572	0.4125	0.2755
1573	0.4153	0.279
1574	0.4164	0.281
1575	0.4134	0.2759
1576	0.4121	0.2753
1577	0.412	0.275
1578	0.413	0.2759
1579	0.4165	0.281
1580	0.4135	0.2768
1581	0.4132	0.2768
1582	0.4131	0.2765
1583	0.4121	0.2756
1584	0.4113	0.275
1585	0.4181	0.2828
1586	0.4175	0.2813
1587	0.412	0.2752
1588	0.4126	0.2755
1589	0.4131	0.2768
1590	0.4118	0.2752
1591	0.4119	0.2753
1592	0.4124	0.2756
1593	0.4117	0.2744
1594	0.4187	0.2838
1595	0.4124	0.2763
1596	0.411	0.2744
1597	0.412	0.2756
1598	0.4117	0.2746
1599	0.4118	0.275
1600	0.4126	0.2755
1601	0.4114	0.2734
1602	0.4108	0.2741
1603	0.4122	0.2756
1604	0.4118	0.2745
1605	0.4118	0.2752
1606	0.4116	0.2751
1607	0.4122	0.2759
1608	0.4128	0.2762
1609	0.4118	0.2753
1610	0.4108	0.2737
1611	0.4119	0.2758
1612	0.4138	0.2782
1613	0.416	0.2812
1614	0.416	0.2816
1615	0.4127	0.2769
1616	0.4136	0.2779
1617	0.4223	0.2892
1618	0.4146	0.2791
1619	0.4119	0.2759
1620	0.4126	0.2774
1621	0.4107	0.2738
1622	0.4097	0.2734
1623	0.4129	0.2773
1624	0.4101	0.2729
1625	0.4111	0.2751
1626	0.4115	0.2754
1627	0.4128	0.2762
1628	0.4162	0.2819
1629	0.4122	0.2773
1630	0.409	0.2727
1631	0.4134	0.2784
1632	0.4135	0.2786
1633	0.4135	0.2784
1634	0.4193	0.2862
1635	0.4108	0.2747
1636	0.4111	0.2758
1637	0.4104	0.2755
1638	0.4097	0.273
1639	0.413	0.2777
1640	0.4113	0.2754
1641	0.4105	0.2746
1642	0.4108	0.2761
1643	0.4092	0.2734
1644	0.4109	0.276
1645	0.4109	0.2759
1646	0.4087	0.2731
1647	0.4083	0.2726
1648	0.409	0.2731
1649	0.4082	0.2719
1650	0.4096	0.274
1651	0.4091	0.2729
1652	0.4091	0.2723
1653	0.4095	0.2736
1654	0.4092	0.2731
1655	0.4084	0.2728
1656	0.4097	0.2743
1657	0.4089	0.2733
1658	0.4091	0.2736
1659	0.4097	0.2738
1660	0.4085	0.2727
1661	0.4102	0.2747
1662	0.4089	0.2734
1663	0.4094	0.2738
1664	0.4092	0.2735
1665	0.413	0.2777
1666	0.4103	0.2752
1667	0.4115	0.277
1668	0.4106	0.2761
1669	0.4107	0.276
1670	0.4085	0.2725
1671	0.4095	0.274
1672	0.4084	0.273
1673	0.4086	0.2723
1674	0.4078	0.2718
1675	0.4077	0.2711
1676	0.4075	0.2716
1677	0.4085	0.2721
1678	0.4082	0.2722
1679	0.4076	0.2718
1680	0.4095	0.2743
1681	0.4083	0.2723
1682	0.4092	0.2737
1683	0.4099	0.2754
1684	0.4077	0.272
1685	0.4101	0.2746
1686	0.4081	0.2718
1687	0.4099	0.2748
1688	0.4073	0.2716
1689	0.4074	0.2724
1690	0.4081	0.2729
1691	0.4084	0.2731
1692	0.4087	0.2737
1693	0.4104	0.2755
1694	0.4151	0.2817
1695	0.4128	0.2793
1696	0.4082	0.2728
1697	0.408	0.2726
1698	0.4081	0.2732
1699	0.4068	0.2724
1700	0.4059	0.2705
1701	0.4084	0.2736
1702	0.4079	0.2732
1703	0.4106	0.2753
1704	0.4127	0.2786
1705	0.408	0.2737
1706	0.4109	0.2773
1707	0.407	0.2712
1708	0.4077	0.2727
1709	0.4068	0.2722
1710	0.4074	0.2735
1711	0.4067	0.2719
1712	0.4071	0.2716
1713	0.4073	0.2726
1714	0.4071	0.2722
1715	0.4057	0.2707
1716	0.4088	0.2744
1717	0.4085	0.2734
1718	0.4076	0.2733
1719	0.4076	0.2735
1720	0.4068	0.2723
1721	0.4062	0.271
1722	0.4069	0.2722
1723	0.4064	0.2714
1724	0.4071	0.2734
1725	0.4103	0.2769
1726	0.4102	0.2767
1727	0.4099	0.2757
1728	0.4075	0.2722
1729	0.4098	0.2759
1730	0.4067	0.2718
1731	0.4071	0.2723
1732	0.4062	0.271
1733	0.4079	0.2726
1734	0.4057	0.2711
1735	0.4084	0.2744
1736	0.407	0.2726
1737	0.4061	0.2721
1738	0.4079	0.2745
1739	0.405	0.2706
1740	0.406	0.2718
1741	0.4044	0.2692
1742	0.4064	0.2719
1743	0.4058	0.2717
1744	0.4067	0.2727
1745	0.4048	0.271
1746	0.4065	0.2727
1747	0.4071	0.2733
1748	0.4061	0.2708
1749	0.4065	0.2722
1750	0.4063	0.2713
1751	0.4052	0.2703
1752	0.4065	0.272
1753	0.4059	0.2703
1754	0.4055	0.2712
1755	0.4044	0.2699
1756	0.4097	0.2771
1757	0.4074	0.2741
1758	0.4077	0.274
1759	0.4078	0.2735
1760	0.4045	0.2693
1761	0.4037	0.2683
1762	0.405	0.2707
1763	0.4054	0.2703
1764	0.4058	0.2714
1765	0.4056	0.2709
1766	0.4068	0.273
1767	0.4086	0.2749
1768	0.4056	0.2718
1769	0.4069	0.2727
1770	0.4076	0.274
1771	0.4057	0.2721
1772	0.4055	0.2709
1773	0.4049	0.2704
1774	0.4056	0.2714
1775	0.4056	0.2706
1776	0.4048	0.2701
1777	0.4041	0.2698
1778	0.4065	0.2721
1779	0.4063	0.2724
1780	0.4081	0.2748
1781	0.4058	0.2714
1782	0.4062	0.2714
1783	0.4055	0.2702
1784	0.4071	0.2733
1785	0.4063	0.2722
1786	0.4115	0.2787
1787	0.408	0.2741
1788	0.4054	0.2702
1789	0.4048	0.2711
1790	0.4041	0.2698
1791	0.4048	0.2706
1792	0.4039	0.2694
1793	0.4048	0.2706
1794	0.4051	0.2708
1795	0.4051	0.2707
1796	0.4054	0.2711
1797	0.4059	0.272
1798	0.4065	0.2723
1799	0.405	0.2706
1800	0.4052	0.2705
1801	0.4049	0.2704
1802	0.4059	0.2722
1803	0.4042	0.2697
1804	0.406	0.2721
1805	0.403	0.2684
1806	0.4073	0.2738
1807	0.405	0.2712
1808	0.4042	0.2701
1809	0.4057	0.2716
1810	0.4078	0.2751
1811	0.4048	0.2716
1812	0.4051	0.2719
1813	0.405	0.2711
1814	0.4042	0.2695
1815	0.4047	0.2703
1816	0.4039	0.2696
1817	0.4038	0.2698
1818	0.4029	0.2693
1819	0.4064	0.273
1820	0.4056	0.2722
1821	0.4044	0.2693
1822	0.4049	0.2707
1823	0.4037	0.2699
1824	0.402	0.2679
1825	0.4036	0.2699
1826	0.4062	0.2724
1827	0.4056	0.2714
1828	0.4043	0.2706
1829	0.406	0.2724
1830	0.4037	0.2693
1831	0.4038	0.2691
1832	0.4066	0.2738
1833	0.4069	0.2745
1834	0.4079	0.2756
1835	0.4034	0.2695
1836	0.4023	0.2683
1837	0.4029	0.2693
1838	0.4022	0.2685
1839	0.4024	0.2691
1840	0.4019	0.2681
1841	0.404	0.2705
1842	0.408	0.2757
1843	0.4026	0.2682
1844	0.4025	0.2696
1845	0.4027	0.2694
1846	0.4026	0.2691
1847	0.4016	0.2673
1848	0.4028	0.2691
1849	0.402	0.2675
1850	0.4033	0.2698
1851	0.4045	0.2716
1852	0.4055	0.2722
1853	0.4034	0.2699
1854	0.4045	0.2712
1855	0.4036	0.2708
1856	0.4057	0.2728
1857	0.403	0.2696
1858	0.4024	0.2681
1859	0.4027	0.2689
1860	0.4072	0.2741
1861	0.403	0.2696
1862	0.4081	0.2768
1863	0.4031	0.2698
1864	0.4045	0.2716
1865	0.4076	0.2748
1866	0.4035	0.2708
1867	0.4018	0.2678
1868	0.4025	0.2691
1869	0.4051	0.2718
1870	0.4043	0.2706
1871	0.4023	0.2685
1872	0.4031	0.2708
1873	0.4029	0.2704
1874	0.401	0.2672
1875	0.4082	0.2765
1876	0.4051	0.2725
1877	0.4052	0.2724
1878	0.4018	0.2676
1879	0.4012	0.2671
1880	0.4019	0.2682
1881	0.4014	0.2672
1882	0.4012	0.2681
1883	0.4035	0.271
1884	0.4018	0.2682
1885	0.4049	0.2729
1886	0.4045	0.2724
1887	0.402	0.2688
1888	0.4015	0.2685
1889	0.4025	0.2694
1890	0.4034	0.2709
1891	0.4031	0.271
1892	0.4023	0.2694
1893	0.4061	0.2745
1894	0.4062	0.2738
1895	0.4048	0.2729
1896	0.4027	0.2687
1897	0.4069	0.275
1898	0.4013	0.2676
1899	0.4037	0.2707
1900	0.4037	0.2707
1901	0.4018	0.2683
1902	0.4006	0.2671
1903	0.3994	0.2659
1904	0.4016	0.2692
1905	0.4005	0.2665
1906	0.4015	0.2686
1907	0.401	0.2671
1908	0.4016	0.2681
1909	0.3997	0.2665
1910	0.4	0.2666
1911	0.4019	0.2692
1912	0.3992	0.2651
1913	0.4002	0.2673
1914	0.4003	0.2674
1915	0.4003	0.2675
1916	0.4002	0.2673
1917	0.4021	0.269
1918	0.4006	0.2664
1919	0.3997	0.2662
1920	0.4007	0.2688
1921	0.4001	0.2666
1922	0.4003	0.2675
1923	0.4012	0.2684
1924	0.4001	0.2674
1925	0.4013	0.2683
1926	0.4014	0.2678
1927	0.4025	0.2695
1928	0.4008	0.2674
1929	0.4042	0.2726
1930	0.4009	0.2686
1931	0.4003	0.2683
1932	0.4001	0.2673
1933	0.4029	0.2711
1934	0.3996	0.267
1935	0.401	0.2684
1936	0.4002	0.2668
1937	0.3994	0.2669
1938	0.4006	0.268
1939	0.401	0.2673
1940	0.3997	0.2664
1941	0.4018	0.2688
1942	0.4012	0.2688
1943	0.3995	0.2657
1944	0.4	0.2663
1945	0.4021	0.2692
1946	0.3988	0.2655
1947	0.4	0.266
1948	0.4012	0.2691
1949	0.3996	0.2663
1950	0.4029	0.27
1951	0.4025	0.2705
1952	0.4023	0.2703
1953	0.4012	0.2682
1954	0.3999	0.267
1955	0.3976	0.2646
1956	0.4002	0.2675
1957	0.3998	0.2656
1958	0.3983	0.2649
1959	0.4015	0.2696
1960	0.4025	0.2697
1961	0.4013	0.268
1962	0.3986	0.2653
1963	0.4009	0.2689
1964	0.3998	0.2662
1965	0.3995	0.266
1966	0.3996	0.2664
1967	0.3985	0.2657
1968	0.4004	0.268
1969	0.3991	0.266
1970	0.4008	0.268
1971	0.4048	0.274
1972	0.4013	0.2694
1973	0.4008	0.2698
1974	0.3993	0.2681
1975	0.3977	0.2654
1976	0.3985	0.2663
1977	0.3981	0.2654
1978	0.4002	0.268
1979	0.3997	0.2675
1980	0.4007	0.2685
1981	0.3987	0.2653
1982	0.3988	0.2657
1983	0.4011	0.2695
1984	0.4008	0.269
1985	0.4012	0.2697
1986	0.3974	0.265
1987	0.3989	0.2669
1988	0.3991	0.2674
1989	0.3999	0.2678
1990	0.3982	0.2652
1991	0.3977	0.2653
1992	0.4007	0.2698
1993	0.3969	0.2639
1994	0.3998	0.2676
1995	0.4031	0.2715
1996	0.4006	0.269
1997	0.3984	0.2658
1998	0.4001	0.2679
1999	0.3971	0.2643
