epoch:	train_RMSD:	train_MAE:
0	7.0257	6.1157
1	6.44	5.4419
2	4.6517	3.3953
3	4.1168	2.9531
4	3.9019	2.848
5	3.749	2.8109
6	3.6326	2.8046
7	3.5493	2.815
8	3.5008	2.8338
9	3.4804	2.853
10	3.4741	2.8686
11	3.4732	2.8786
12	3.4734	2.8831
13	3.4735	2.8845
14	3.4734	2.8839
15	3.4732	2.8818
16	3.4732	2.8802
17	3.4731	2.8788
18	3.4732	2.8802
19	3.4733	2.8825
20	3.4733	2.8828
21	3.4731	2.8807
22	3.4729	2.8803
23	3.4727	2.8789
24	3.4725	2.8803
25	3.4722	2.8798
26	3.4718	2.8803
27	3.4713	2.878
28	3.4708	2.8775
29	3.47	2.8779
30	3.4685	2.8746
31	3.466	2.8722
32	3.4618	2.8668
33	3.4556	2.8603
34	3.4465	2.8491
35	3.4342	2.8419
36	3.4151	2.8186
37	3.384	2.7845
38	3.3204	2.7025
39	3.2247	2.5824
40	3.0606	2.3567
41	2.8639	2.0695
42	2.7068	1.8728
43	2.6032	1.7462
44	2.5462	1.6919
45	2.5098	1.6495
46	2.4921	1.6342
47	2.4682	1.616
48	2.4433	1.5998
49	2.4049	1.5749
50	2.3823	1.5584
51	2.3666	1.5373
52	2.3559	1.5343
53	2.346	1.5278
54	2.3197	1.5097
55	2.2995	1.4828
56	2.2914	1.4838
57	2.2806	1.4674
58	2.2707	1.4609
59	2.2617	1.4552
60	2.2554	1.45
61	2.2443	1.437
62	2.2355	1.4243
63	2.2226	1.4151
64	2.2135	1.4029
65	2.2109	1.4059
66	2.191	1.3849
67	2.1777	1.3784
68	2.1866	1.4114
69	2.1344	1.3447
70	2.0889	1.3244
71	2.0885	1.3246
72	2.0284	1.2854
73	2.0205	1.3052
74	2.0067	1.2948
75	1.966	1.2547
76	1.9283	1.2108
77	1.9464	1.2492
78	1.9136	1.2133
79	1.932	1.2459
80	1.8677	1.1691
81	1.8516	1.1574
82	1.853	1.178
83	1.8319	1.1446
84	1.8287	1.1505
85	1.7904	1.1135
86	1.7771	1.1128
87	1.7694	1.1069
88	1.8104	1.1533
89	1.7629	1.1018
90	1.7631	1.1018
91	1.7341	1.0849
92	1.7991	1.169
93	1.723	1.0885
94	1.6994	1.0626
95	1.7063	1.0766
96	1.6883	1.0607
97	1.6788	1.0599
98	1.6701	1.0518
99	1.7121	1.0944
100	1.6752	1.0674
101	1.6667	1.0627
102	1.6368	1.0216
103	1.6333	1.0265
104	1.628	1.0157
105	1.6248	1.0215
106	1.6317	1.0354
107	1.6016	1.0018
108	1.6372	1.0295
109	1.6605	1.0443
110	1.6688	1.0563
111	1.5951	0.997
112	1.6047	1.0208
113	1.5945	1.0112
114	1.5765	0.9951
115	1.5741	0.979
116	1.5637	0.9836
117	1.5631	0.9797
118	1.553	0.978
119	1.5564	0.9837
120	1.5575	0.984
121	1.5578	0.9891
122	1.5302	0.9554
123	1.5349	0.9535
124	1.5218	0.9469
125	1.5161	0.9477
126	1.5653	1.0112
127	1.5522	0.9738
128	1.5498	0.9711
129	1.5001	0.9371
130	1.4968	0.9394
131	1.5003	0.9481
132	1.489	0.936
133	1.492	0.9444
134	1.4712	0.9179
135	1.4788	0.9279
136	1.4721	0.9193
137	1.4641	0.9208
138	1.4581	0.9128
139	1.4534	0.9144
140	1.4497	0.9129
141	1.4564	0.9128
142	1.4553	0.9172
143	1.4728	0.9384
144	1.4745	0.9385
145	1.4311	0.8985
146	1.426	0.8951
147	1.426	0.8924
148	1.4435	0.9136
149	1.453	0.9189
150	1.4454	0.9067
151	1.4545	0.9176
152	1.4494	0.9083
153	1.4812	0.9338
154	1.4392	0.9024
155	1.4055	0.8747
156	1.3876	0.8671
157	1.405	0.8788
158	1.3954	0.8744
159	1.3898	0.8675
160	1.3706	0.855
161	1.3664	0.8495
162	1.363	0.8465
163	1.362	0.8453
164	1.3549	0.8403
165	1.3519	0.8448
166	1.3471	0.8327
167	1.3382	0.8298
168	1.3471	0.8463
169	1.3334	0.8326
170	1.3263	0.8223
171	1.3517	0.8529
172	1.3195	0.8229
173	1.3324	0.8298
174	1.3993	0.898
175	1.3328	0.8364
176	1.3058	0.8073
177	1.3136	0.8196
178	1.2934	0.8051
179	1.361	0.8786
180	1.3205	0.8386
181	1.2958	0.8104
182	1.2963	0.8139
183	1.2844	0.7972
184	1.2971	0.8261
185	1.2732	0.7875
186	1.2655	0.7818
187	1.2673	0.7879
188	1.2729	0.7966
189	1.2635	0.7821
190	1.252	0.7845
191	1.2544	0.7803
192	1.2666	0.796
193	1.3822	0.9236
194	1.2914	0.825
195	1.2438	0.7712
196	1.2359	0.7689
197	1.2519	0.7872
198	1.2393	0.7747
199	1.2251	0.7606
200	1.239	0.7754
201	1.2179	0.7561
202	1.213	0.7539
203	1.2101	0.7553
204	1.2098	0.7542
205	1.1997	0.7455
206	1.2218	0.769
207	1.2044	0.756
208	1.1996	0.7466
209	1.1987	0.75
210	1.1851	0.7374
211	1.1859	0.7426
212	1.1878	0.7417
213	1.1933	0.7473
214	1.1852	0.7417
215	1.1708	0.7284
216	1.185	0.7466
217	1.1646	0.7248
218	1.1632	0.7293
219	1.1726	0.7399
220	1.1739	0.7415
221	1.1569	0.7249
222	1.1766	0.7467
223	1.1788	0.7515
224	1.1479	0.7164
225	1.1426	0.7155
226	1.1409	0.7137
227	1.1534	0.7359
228	1.1503	0.722
229	1.1461	0.7242
230	1.1487	0.7304
231	1.1315	0.7118
232	1.1367	0.7141
233	1.1241	0.7084
234	1.1178	0.701
235	1.1275	0.7165
236	1.1164	0.7028
237	1.1284	0.7148
238	1.1203	0.7063
239	1.1143	0.7026
240	1.1078	0.6952
241	1.1033	0.6955
242	1.1042	0.6981
243	1.0991	0.6899
244	1.0961	0.6912
245	1.0965	0.6925
246	1.0944	0.6896
247	1.0943	0.6917
248	1.0868	0.6822
249	1.0819	0.6806
250	1.085	0.6837
251	1.0992	0.6988
252	1.0791	0.6841
253	1.0853	0.6956
254	1.0731	0.6743
255	1.0739	0.6753
256	1.0703	0.6763
257	1.0945	0.6982
258	1.0896	0.6985
259	1.0661	0.6737
260	1.0646	0.6762
261	1.0633	0.6761
262	1.065	0.678
263	1.07	0.6822
264	1.0501	0.6622
265	1.0649	0.6733
266	1.0845	0.687
267	1.1239	0.726
268	1.072	0.6799
269	1.0523	0.6672
270	1.0493	0.6642
271	1.0477	0.6671
272	1.049	0.6702
273	1.054	0.679
274	1.0488	0.6705
275	1.0359	0.6603
276	1.0364	0.6605
277	1.037	0.6585
278	1.0251	0.6459
279	1.0374	0.6595
280	1.0188	0.6423
281	1.0265	0.6518
282	1.0231	0.6463
283	1.0165	0.6446
284	1.0143	0.6427
285	1.0111	0.638
286	1.012	0.6424
287	1.0147	0.6477
288	1.036	0.6737
289	1.0058	0.6366
290	1.0059	0.6403
291	0.9994	0.6362
292	0.9981	0.6306
293	0.9996	0.6367
294	1.0055	0.6424
295	0.9971	0.6373
296	1.0005	0.6362
297	1.0022	0.6373
298	0.9996	0.6368
299	0.9915	0.6299
300	1.0291	0.6708
301	0.9862	0.6318
302	1.0028	0.6524
303	0.9875	0.6292
304	0.9783	0.6273
305	0.9859	0.6314
306	0.9753	0.622
307	1.0339	0.6761
308	1.035	0.6871
309	0.9851	0.6317
310	0.968	0.6187
311	0.9668	0.6147
312	0.9632	0.6133
313	0.9709	0.6233
314	0.9681	0.6173
315	0.9688	0.623
316	0.9633	0.6171
317	0.9625	0.6193
318	0.9603	0.6149
319	0.9577	0.6162
320	0.9537	0.6062
321	0.9514	0.6064
322	0.9538	0.6078
323	0.975	0.6308
324	0.948	0.6032
325	0.9485	0.607
326	0.9692	0.6402
327	1.0069	0.6725
328	0.9473	0.6072
329	0.9448	0.6079
330	0.9476	0.611
331	0.94	0.6028
332	0.9352	0.5979
333	0.933	0.6011
334	0.9456	0.6111
335	0.9312	0.5997
336	0.9569	0.625
337	0.9259	0.5934
338	0.927	0.5981
339	0.9401	0.6066
340	0.949	0.6216
341	0.9651	0.6414
342	0.9277	0.6016
343	0.9505	0.6292
344	0.9393	0.6097
345	0.9365	0.6155
346	0.9769	0.6593
347	1.0794	0.7556
348	0.9215	0.5972
349	0.9852	0.6615
350	0.9441	0.6254
351	0.9305	0.6095
352	0.9388	0.6199
353	0.9178	0.5953
354	0.9139	0.5913
355	0.9143	0.5913
356	0.9275	0.6024
357	0.9011	0.5817
358	0.9044	0.5822
359	0.8993	0.5822
360	0.9085	0.5879
361	0.9281	0.611
362	0.9555	0.6422
363	0.9126	0.597
364	0.8963	0.5815
365	0.8962	0.5785
366	0.9069	0.5935
367	0.8926	0.5786
368	0.8874	0.5767
369	0.8873	0.5751
370	0.8815	0.5702
371	0.8831	0.5744
372	0.8907	0.5863
373	0.8826	0.5742
374	0.8759	0.5701
375	0.8893	0.5827
376	0.9013	0.5958
377	0.883	0.5793
378	0.8804	0.5745
379	0.8758	0.5727
380	0.9119	0.6042
381	0.8908	0.5825
382	0.8909	0.5823
383	0.8924	0.5864
384	0.9106	0.6054
385	0.8856	0.5796
386	0.8946	0.5927
387	0.8726	0.5743
388	0.8604	0.5626
389	0.862	0.5667
390	0.9102	0.6139
391	0.9044	0.6123
392	0.8608	0.5663
393	0.8619	0.5722
394	0.8608	0.5679
395	0.8526	0.5597
396	0.8567	0.5676
397	0.8467	0.5561
398	0.8585	0.5686
399	0.8522	0.5597
400	0.8448	0.555
401	0.8427	0.5538
402	0.8535	0.5688
403	0.8739	0.5859
404	0.8515	0.5652
405	0.8638	0.5847
406	0.8459	0.5626
407	0.8463	0.562
408	0.8543	0.5692
409	0.8393	0.5542
410	0.8392	0.5535
411	0.836	0.5519
412	0.8417	0.5558
413	0.8962	0.6136
414	0.8834	0.6044
415	0.846	0.5668
416	0.8348	0.5545
417	0.8392	0.565
418	0.8328	0.5554
419	0.8475	0.5668
420	0.8418	0.5641
421	0.8365	0.5573
422	0.8271	0.5518
423	0.8205	0.5477
424	0.8268	0.5528
425	0.8388	0.5676
426	0.8418	0.5728
427	0.8587	0.5884
428	0.8128	0.5416
429	0.8178	0.5413
430	0.8145	0.5419
431	0.8175	0.5432
432	0.8122	0.5406
433	0.8099	0.5379
434	0.8132	0.5417
435	0.8094	0.5417
436	0.8062	0.539
437	0.8133	0.5451
438	0.8044	0.5368
439	0.8121	0.5483
440	0.8289	0.5589
441	0.8426	0.5784
442	0.8036	0.5366
443	0.8104	0.5441
444	0.8031	0.5394
445	0.8104	0.5495
446	0.8685	0.6046
447	0.8512	0.589
448	0.8338	0.5733
449	0.7953	0.5344
450	0.794	0.5307
451	0.8316	0.5723
452	0.8379	0.5775
453	0.7884	0.5283
454	0.7902	0.5343
455	0.8061	0.5487
456	0.7924	0.5349
457	0.7807	0.5255
458	0.7937	0.5448
459	0.7905	0.5363
460	0.7945	0.5404
461	0.7859	0.5319
462	0.7866	0.5283
463	0.7949	0.5391
464	0.7819	0.5303
465	0.7818	0.5267
466	0.7823	0.5263
467	0.7776	0.525
468	0.7786	0.5269
469	0.8002	0.544
470	0.7905	0.5382
471	0.7966	0.5487
472	0.8001	0.552
473	0.7814	0.5339
474	0.7815	0.5341
475	0.7703	0.523
476	0.7698	0.5235
477	0.7716	0.5248
478	0.7624	0.514
479	0.7647	0.5164
480	0.7778	0.5281
481	0.7647	0.5193
482	0.7746	0.529
483	0.762	0.5166
484	0.7719	0.5291
485	0.7951	0.5548
486	0.7691	0.5278
487	0.7638	0.5192
488	0.7615	0.5182
489	0.7566	0.5162
490	0.7498	0.5079
491	0.7611	0.5208
492	0.7528	0.5121
493	0.7792	0.5348
494	0.7691	0.5232
495	0.7566	0.5137
496	0.7615	0.5225
497	0.7453	0.5063
498	0.7545	0.5153
499	0.7423	0.5043
500	0.7475	0.5089
501	0.7493	0.5102
502	0.7485	0.511
503	0.7416	0.5024
504	0.7499	0.5153
505	0.7635	0.5313
506	0.775	0.5404
507	0.7785	0.5423
508	0.7699	0.5391
509	0.8278	0.5932
510	0.7517	0.5156
511	0.782	0.5466
512	0.7443	0.5118
513	0.7406	0.5082
514	0.7359	0.5032
515	0.754	0.5223
516	0.7359	0.5041
517	0.7377	0.505
518	0.7386	0.5059
519	0.7343	0.5028
520	0.729	0.4992
521	0.7278	0.4993
522	0.7881	0.5538
523	0.7248	0.4973
524	0.7298	0.5023
525	0.724	0.4978
526	0.7293	0.5006
527	0.7289	0.5004
528	0.7215	0.494
529	0.7364	0.5115
530	0.7998	0.5803
531	0.7357	0.5122
532	0.7471	0.5194
533	0.7369	0.5097
534	0.74	0.521
535	0.7173	0.4907
536	0.7152	0.4922
537	0.7162	0.4941
538	0.7144	0.4891
539	0.7379	0.5147
540	0.7253	0.5025
541	0.7191	0.497
542	0.7136	0.494
543	0.7191	0.4989
544	0.7467	0.5251
545	0.774	0.5529
546	0.7111	0.488
547	0.7111	0.4894
548	0.7124	0.4937
549	0.7207	0.4989
550	0.7106	0.4903
551	0.7105	0.4892
552	0.7094	0.4893
553	0.7082	0.4892
554	0.7097	0.4925
555	0.7137	0.4949
556	0.712	0.4919
557	0.7087	0.4923
558	0.7364	0.5218
559	0.738	0.5273
560	0.737	0.5206
561	0.7041	0.4854
562	0.7092	0.4929
563	0.7113	0.4959
564	0.7007	0.4853
565	0.7098	0.4917
566	0.7005	0.4831
567	0.7059	0.4911
568	0.7152	0.5052
569	0.7285	0.5109
570	0.7147	0.5008
571	0.7138	0.4967
572	0.7103	0.4944
573	0.7098	0.4958
574	0.699	0.4855
575	0.7064	0.4917
576	0.694	0.4792
577	0.7036	0.4907
578	0.71	0.4947
579	0.709	0.4987
580	0.6946	0.4822
581	0.6877	0.4758
582	0.6916	0.4819
583	0.7133	0.505
584	0.7174	0.5038
585	0.6888	0.4778
586	0.699	0.487
587	0.6863	0.4779
588	0.6861	0.4767
589	0.7061	0.5003
590	0.7223	0.5072
591	0.685	0.4747
592	0.693	0.4833
593	0.6837	0.4769
594	0.6915	0.4857
595	0.6951	0.4839
596	0.6943	0.4861
597	0.6959	0.4901
598	0.7311	0.5311
599	0.6919	0.4896
600	0.6908	0.4876
601	0.6733	0.4681
602	0.6717	0.4646
603	0.6745	0.4683
604	0.7071	0.5017
605	0.685	0.486
606	0.6789	0.4743
607	0.679	0.4748
608	0.6964	0.4877
609	0.6726	0.4713
610	0.6744	0.4679
611	0.672	0.4689
612	0.6701	0.465
613	0.6755	0.4725
614	0.6664	0.4645
615	0.6826	0.4801
616	0.7039	0.4994
617	0.6995	0.499
618	0.7441	0.5421
619	0.7358	0.5345
620	0.6769	0.4755
621	0.6694	0.4664
622	0.6809	0.4807
623	0.6678	0.4689
624	0.6801	0.4764
625	0.6669	0.4666
626	0.6646	0.4602
627	0.6829	0.4803
628	0.6626	0.4621
629	0.6634	0.4649
630	0.6658	0.4647
631	0.6733	0.476
632	0.6729	0.4729
633	0.6687	0.4719
634	0.6943	0.4971
635	0.6909	0.4913
636	0.685	0.4841
637	0.6689	0.4713
638	0.6661	0.4672
639	0.6559	0.4559
640	0.6873	0.487
641	0.6989	0.4985
642	0.6685	0.4717
643	0.6589	0.4608
644	0.6592	0.462
645	0.651	0.4543
646	0.6543	0.4594
647	0.6581	0.4588
648	0.6493	0.4544
649	0.6666	0.4697
650	0.6508	0.4523
651	0.6481	0.4535
652	0.6505	0.4525
653	0.6487	0.4539
654	0.6511	0.457
655	0.6492	0.4527
656	0.6505	0.4558
657	0.6566	0.4586
658	0.6619	0.4649
659	0.6503	0.4542
660	0.6633	0.4677
661	0.6458	0.4504
662	0.644	0.4509
663	0.6568	0.462
664	0.6426	0.4501
665	0.6392	0.4454
666	0.6526	0.4615
667	0.6829	0.4857
668	0.6511	0.4534
669	0.6457	0.4526
670	0.6539	0.4578
671	0.6389	0.4456
672	0.685	0.4882
673	0.6599	0.4689
674	0.6468	0.4501
675	0.6518	0.457
676	0.6409	0.4495
677	0.6498	0.4613
678	0.6751	0.476
679	0.6587	0.4658
680	0.6357	0.4435
681	0.6482	0.4553
682	0.6429	0.4506
683	0.6657	0.4745
684	0.6422	0.4512
685	0.6336	0.4436
686	0.6387	0.4487
687	0.6378	0.4488
688	0.6518	0.4616
689	0.6506	0.4593
690	0.6339	0.443
691	0.628	0.4374
692	0.6385	0.4485
693	0.6462	0.4591
694	0.6598	0.4658
695	0.63	0.4393
696	0.6299	0.4408
697	0.6409	0.4487
698	0.636	0.4457
699	0.6282	0.4394
700	0.6265	0.4381
701	0.6332	0.4418
702	0.6407	0.4526
703	0.6322	0.445
704	0.6241	0.4345
705	0.6758	0.4873
706	0.6688	0.4761
707	0.6582	0.4681
708	0.704	0.5095
709	0.655	0.4632
710	0.673	0.4799
711	0.6299	0.4407
712	0.6302	0.4403
713	0.6295	0.4408
714	0.6462	0.4589
715	0.6699	0.4818
716	0.6224	0.4337
717	0.6228	0.4355
718	0.6253	0.4398
719	0.6272	0.4418
720	0.6273	0.443
721	0.6343	0.4476
722	0.6206	0.4357
723	0.6243	0.436
724	0.6286	0.4406
725	0.6252	0.4405
726	0.6393	0.4522
727	0.6275	0.4437
728	0.6199	0.4345
729	0.6227	0.4397
730	0.6147	0.4282
731	0.6158	0.4349
732	0.6153	0.4319
733	0.6223	0.4401
734	0.6095	0.4232
735	0.6136	0.4316
736	0.6222	0.4368
737	0.6149	0.4334
738	0.6252	0.4391
739	0.6126	0.4299
740	0.615	0.43
741	0.61	0.4247
742	0.6126	0.4292
743	0.6318	0.4476
744	0.6602	0.4684
745	0.633	0.4478
746	0.6208	0.436
747	0.6118	0.4245
748	0.6085	0.4268
749	0.609	0.4236
750	0.6065	0.4229
751	0.6158	0.434
752	0.6074	0.4257
753	0.6168	0.4365
754	0.6355	0.4504
755	0.6109	0.4287
756	0.636	0.4573
757	0.6159	0.4343
758	0.6244	0.4411
759	0.6056	0.4249
760	0.6307	0.4469
761	0.6066	0.4217
762	0.6067	0.426
763	0.6075	0.426
764	0.6531	0.4643
765	0.67	0.484
766	0.6178	0.438
767	0.6127	0.4334
768	0.6	0.4199
769	0.6078	0.4302
770	0.6032	0.4222
771	0.6148	0.432
772	0.6081	0.4285
773	0.6305	0.4533
774	0.6429	0.4647
775	0.6004	0.418
776	0.6003	0.421
777	0.6001	0.4187
778	0.6063	0.4244
779	0.6229	0.4441
780	0.6007	0.4215
781	0.6448	0.4621
782	0.6664	0.4829
783	0.6063	0.4254
784	0.6015	0.4224
785	0.6135	0.4348
786	0.6103	0.4275
787	0.605	0.4239
788	0.5951	0.416
789	0.6175	0.4379
790	0.6114	0.4322
791	0.623	0.4446
792	0.5956	0.4142
793	0.5976	0.416
794	0.6003	0.4257
795	0.604	0.4292
796	0.6075	0.4297
797	0.6084	0.4297
798	0.6053	0.4242
799	0.6354	0.4577
800	0.6064	0.4222
801	0.6018	0.4216
802	0.5999	0.4223
803	0.5932	0.4184
804	0.593	0.4143
805	0.6108	0.4318
806	0.5863	0.4091
807	0.6127	0.4381
808	0.5964	0.4199
809	0.6014	0.4254
810	0.6081	0.4343
811	0.5941	0.4172
812	0.6122	0.4364
813	0.5857	0.4078
814	0.5951	0.4189
815	0.5914	0.4135
816	0.6015	0.426
817	0.5896	0.4129
818	0.5981	0.4243
819	0.5856	0.4087
820	0.6042	0.4247
821	0.6014	0.4254
822	0.5884	0.4122
823	0.6026	0.4305
824	0.591	0.417
825	0.5956	0.4267
826	0.5909	0.4136
827	0.5925	0.4172
828	0.5979	0.4238
829	0.6047	0.4314
830	0.5879	0.4109
831	0.5983	0.4233
832	0.6069	0.4345
833	0.5982	0.4268
834	0.5849	0.4125
835	0.5945	0.4223
836	0.5878	0.4142
837	0.5867	0.4106
838	0.5885	0.4124
839	0.5881	0.4139
840	0.5961	0.423
841	0.5993	0.4267
842	0.6071	0.4305
843	0.5843	0.4093
844	0.5859	0.4107
845	0.5921	0.4191
846	0.5869	0.4158
847	0.5953	0.4201
848	0.5942	0.4183
849	0.5957	0.4226
850	0.6222	0.4481
851	0.6135	0.4366
852	0.5871	0.4109
853	0.5788	0.4058
854	0.5839	0.4117
855	0.5777	0.4058
856	0.5877	0.4157
857	0.5977	0.4234
858	0.5924	0.4168
859	0.6018	0.4253
860	0.5751	0.4026
861	0.5985	0.4282
862	0.6422	0.4713
863	0.6135	0.4442
864	0.6073	0.4418
865	0.6038	0.4348
866	0.5739	0.4022
867	0.5782	0.4069
868	0.5993	0.4251
869	0.5989	0.4279
870	0.5787	0.4037
871	0.5792	0.4098
872	0.5728	0.4029
873	0.5893	0.4184
874	0.5791	0.4079
875	0.5814	0.4109
876	0.5929	0.4177
877	0.5713	0.397
878	0.5707	0.3998
879	0.576	0.4074
880	0.5831	0.4086
881	0.5687	0.4
882	0.5691	0.3989
883	0.5787	0.4099
884	0.5671	0.3946
885	0.5784	0.4071
886	0.5818	0.4087
887	0.5831	0.4089
888	0.5881	0.4177
889	0.5679	0.3986
890	0.5805	0.4112
891	0.5681	0.3946
892	0.5861	0.4196
893	0.6283	0.4618
894	0.6174	0.4553
895	0.603	0.4391
896	0.5739	0.4021
897	0.5844	0.4112
898	0.5743	0.4048
899	0.5699	0.4006
900	0.5554	0.3882
901	0.5959	0.4231
902	0.5597	0.3925
903	0.5572	0.3892
904	0.5819	0.4122
905	0.5765	0.406
906	0.5771	0.4095
907	0.5735	0.4047
908	0.5653	0.3986
909	0.5658	0.395
910	0.5713	0.4026
911	0.5704	0.4004
912	0.5599	0.3909
913	0.6014	0.4272
914	0.6395	0.467
915	0.6163	0.4467
916	0.5733	0.4082
917	0.6077	0.4402
918	0.5535	0.3852
919	0.5824	0.4167
920	0.5683	0.4031
921	0.5658	0.3974
922	0.5755	0.4062
923	0.5558	0.3892
924	0.5872	0.4217
925	0.5733	0.405
926	0.5748	0.4081
927	0.571	0.4036
928	0.5688	0.4046
929	0.5568	0.3873
930	0.5603	0.3935
931	0.5709	0.4058
932	0.5605	0.3961
933	0.5609	0.3957
934	0.5649	0.3994
935	0.5505	0.3837
936	0.5534	0.3853
937	0.5666	0.401
938	0.5604	0.3949
939	0.5629	0.3966
940	0.5638	0.3982
941	0.554	0.3862
942	0.5617	0.3983
943	0.5528	0.3883
944	0.5854	0.4199
945	0.5531	0.39
946	0.5508	0.3853
947	0.5537	0.3868
948	0.5691	0.4035
949	0.5873	0.4257
950	0.5537	0.3897
951	0.5647	0.3952
952	0.5596	0.3927
953	0.5645	0.3963
954	0.5637	0.3981
955	0.5503	0.3866
956	0.5525	0.3879
957	0.5498	0.385
958	0.5686	0.4012
959	0.5469	0.3815
960	0.5447	0.3797
961	0.5682	0.3995
962	0.5675	0.4035
963	0.5784	0.415
964	0.5543	0.3899
965	0.5464	0.382
966	0.5587	0.3999
967	0.5539	0.3862
968	0.5509	0.3872
969	0.5619	0.3957
970	0.5467	0.3813
971	0.5757	0.4102
972	0.5688	0.4041
973	0.5657	0.3981
974	0.5498	0.3859
975	0.5576	0.3971
976	0.5457	0.3826
977	0.5477	0.3857
978	0.5643	0.4027
979	0.5491	0.3858
980	0.5569	0.3922
981	0.5562	0.3905
982	0.5501	0.3874
983	0.5897	0.4196
984	0.5683	0.4001
985	0.5724	0.4094
986	0.5414	0.3778
987	0.565	0.3988
988	0.5475	0.3842
989	0.5496	0.3865
990	0.5585	0.3951
991	0.5437	0.3834
992	0.559	0.3952
993	0.5513	0.3887
994	0.559	0.3962
995	0.602	0.4349
996	0.5571	0.3903
997	0.5644	0.396
998	0.5449	0.3841
999	0.5601	0.3964
1000	0.5549	0.3924
1001	0.5485	0.3859
1002	0.5443	0.3834
1003	0.5529	0.3911
1004	0.5483	0.3839
1005	0.5728	0.4134
1006	0.5605	0.3972
1007	0.5401	0.3779
1008	0.5465	0.3851
1009	0.5514	0.3877
1010	0.5482	0.3858
1011	0.5408	0.3813
1012	0.5439	0.3814
1013	0.5841	0.4243
1014	0.5701	0.41
1015	0.5729	0.4096
1016	0.5417	0.3794
1017	0.5359	0.3755
1018	0.5462	0.3902
1019	0.5414	0.3795
1020	0.5358	0.3777
1021	0.5484	0.3871
1022	0.5518	0.3914
1023	0.5349	0.3724
1024	0.5408	0.3777
1025	0.5331	0.3729
1026	0.5344	0.3717
1027	0.5359	0.373
1028	0.5513	0.3939
1029	0.5377	0.3787
1030	0.5606	0.4
1031	0.5468	0.3867
1032	0.5439	0.3822
1033	0.5428	0.3835
1034	0.5551	0.3964
1035	0.6019	0.4397
1036	0.615	0.4527
1037	0.6012	0.4368
1038	0.5519	0.3905
1039	0.5392	0.3795
1040	0.5816	0.4147
1041	0.5438	0.3825
1042	0.5749	0.4158
1043	0.5789	0.4177
1044	0.5368	0.3754
1045	0.5341	0.3751
1046	0.5298	0.3711
1047	0.5468	0.3916
1048	0.5439	0.3833
1049	0.5291	0.3671
1050	0.5365	0.378
1051	0.5307	0.3708
1052	0.547	0.385
1053	0.5279	0.3688
1054	0.5322	0.3727
1055	0.5339	0.3745
1056	0.5536	0.3981
1057	0.5808	0.4224
1058	0.5371	0.3769
1059	0.5281	0.3698
1060	0.5488	0.3875
1061	0.5476	0.3887
1062	0.5226	0.3622
1063	0.524	0.3626
1064	0.5317	0.3749
1065	0.5475	0.3889
1066	0.5298	0.37
1067	0.5306	0.3706
1068	0.5278	0.3713
1069	0.5336	0.3791
1070	0.526	0.3686
1071	0.5207	0.3643
1072	0.5252	0.3649
1073	0.523	0.3638
1074	0.5249	0.3677
1075	0.5293	0.3727
1076	0.5268	0.3693
1077	0.525	0.3679
1078	0.5344	0.3742
1079	0.5285	0.3688
1080	0.5579	0.3966
1081	0.5332	0.3741
1082	0.5224	0.3651
1083	0.5221	0.3653
1084	0.5226	0.3685
1085	0.5223	0.3666
1086	0.5264	0.3682
1087	0.5283	0.3723
1088	0.5292	0.3717
1089	0.5276	0.3728
1090	0.5201	0.3606
1091	0.5287	0.3721
1092	0.531	0.3774
1093	0.5269	0.3701
1094	0.5189	0.3626
1095	0.5176	0.3625
1096	0.5246	0.367
1097	0.5469	0.3897
1098	0.5347	0.3758
1099	0.5693	0.4079
1100	0.5314	0.3734
1101	0.5231	0.3658
1102	0.5448	0.3859
1103	0.5307	0.3747
1104	0.5493	0.3945
1105	0.5237	0.3643
1106	0.5298	0.3742
1107	0.5458	0.3896
1108	0.5209	0.3642
1109	0.5391	0.3797
1110	0.5103	0.3533
1111	0.5204	0.3646
1112	0.5218	0.3667
1113	0.5186	0.3617
1114	0.5417	0.3881
1115	0.5293	0.3704
1116	0.5196	0.3635
1117	0.5258	0.3698
1118	0.5206	0.3645
1119	0.5336	0.3764
1120	0.5195	0.361
1121	0.5271	0.368
1122	0.5221	0.3678
1123	0.5523	0.3911
1124	0.5215	0.3646
1125	0.5145	0.359
1126	0.5503	0.3923
1127	0.5273	0.3725
1128	0.5121	0.3562
1129	0.5164	0.3601
1130	0.5369	0.3778
1131	0.5173	0.363
1132	0.5267	0.37
1133	0.5692	0.4091
1134	0.5598	0.401
1135	0.516	0.3613
1136	0.5246	0.3736
1137	0.5122	0.3555
1138	0.5176	0.3617
1139	0.5182	0.3618
1140	0.5146	0.3582
1141	0.5078	0.3529
1142	0.5175	0.3601
1143	0.5161	0.3611
1144	0.5158	0.3622
1145	0.5163	0.3607
1146	0.5109	0.3556
1147	0.5128	0.3601
1148	0.5149	0.3592
1149	0.5105	0.3558
1150	0.5128	0.3589
1151	0.5236	0.3666
1152	0.5472	0.3903
1153	0.5192	0.3632
1154	0.5112	0.3567
1155	0.5252	0.3711
1156	0.5346	0.3792
1157	0.5897	0.426
1158	0.5676	0.4124
1159	0.5115	0.3571
1160	0.5109	0.3573
1161	0.5137	0.3636
1162	0.5115	0.3559
1163	0.5207	0.3687
1164	0.5188	0.3662
1165	0.5171	0.3623
1166	0.5226	0.3691
1167	0.5283	0.3754
1168	0.5333	0.3767
1169	0.5173	0.3634
1170	0.5155	0.3631
1171	0.5166	0.3667
1172	0.5048	0.351
1173	0.5122	0.362
1174	0.5102	0.3539
1175	0.5018	0.3471
1176	0.5143	0.3595
1177	0.5105	0.3549
1178	0.5069	0.3522
1179	0.5088	0.3562
1180	0.5166	0.3636
1181	0.5045	0.353
1182	0.5336	0.3857
1183	0.5259	0.3727
1184	0.521	0.3672
1185	0.5303	0.3755
1186	0.5161	0.3621
1187	0.5086	0.3549
1188	0.5291	0.3759
1189	0.5232	0.3708
1190	0.5435	0.3898
1191	0.5239	0.3731
1192	0.5454	0.3883
1193	0.5107	0.3586
1194	0.5062	0.3564
1195	0.5163	0.3619
1196	0.5009	0.3468
1197	0.5046	0.3528
1198	0.5024	0.35
1199	0.5044	0.3505
1200	0.5053	0.3537
1201	0.505	0.355
1202	0.4995	0.3465
1203	0.5448	0.3961
1204	0.5064	0.354
1205	0.5145	0.3612
1206	0.4979	0.3445
1207	0.5176	0.3647
1208	0.5047	0.3515
1209	0.5041	0.3521
1210	0.5181	0.3658
1211	0.512	0.3576
1212	0.4966	0.3439
1213	0.495	0.3413
1214	0.5049	0.3503
1215	0.5337	0.3806
1216	0.4976	0.3465
1217	0.5002	0.3474
1218	0.502	0.3488
1219	0.5179	0.3675
1220	0.5107	0.3608
1221	0.5103	0.3593
1222	0.5185	0.3653
1223	0.5041	0.3512
1224	0.511	0.359
1225	0.5101	0.3603
1226	0.5	0.3492
1227	0.5061	0.3552
1228	0.5261	0.3746
1229	0.5069	0.3556
1230	0.519	0.3668
1231	0.5102	0.3585
1232	0.5002	0.3506
1233	0.5092	0.3589
1234	0.5141	0.362
1235	0.5072	0.3564
1236	0.4963	0.3459
1237	0.5004	0.3524
1238	0.5046	0.354
1239	0.5072	0.3584
1240	0.5271	0.3748
1241	0.5194	0.3687
1242	0.5072	0.3579
1243	0.496	0.3455
1244	0.5026	0.3529
1245	0.5063	0.3562
1246	0.5089	0.3579
1247	0.5079	0.3575
1248	0.4949	0.3451
1249	0.4962	0.3458
1250	0.4955	0.3456
1251	0.5027	0.353
1252	0.4931	0.3422
1253	0.5033	0.3523
1254	0.5244	0.3719
1255	0.5259	0.3749
1256	0.5114	0.3642
1257	0.5434	0.3934
1258	0.4939	0.343
1259	0.5128	0.3626
1260	0.5062	0.3547
1261	0.5008	0.3482
1262	0.4964	0.3466
1263	0.4937	0.343
1264	0.5155	0.3643
1265	0.4921	0.3417
1266	0.5021	0.3508
1267	0.5085	0.3578
1268	0.4924	0.3439
1269	0.4977	0.3486
1270	0.4944	0.3436
1271	0.4905	0.3428
1272	0.5033	0.3542
1273	0.4897	0.3395
1274	0.5023	0.3531
1275	0.49	0.3399
1276	0.4943	0.3417
1277	0.4933	0.343
1278	0.4989	0.3499
1279	0.4941	0.3481
1280	0.5243	0.378
1281	0.4956	0.3451
1282	0.4965	0.3505
1283	0.5451	0.3909
1284	0.4964	0.3475
1285	0.4942	0.3458
1286	0.4937	0.3463
1287	0.5031	0.3554
1288	0.4949	0.3474
1289	0.4982	0.3489
1290	0.573	0.421
1291	0.5068	0.3591
1292	0.503	0.3507
1293	0.4884	0.3388
1294	0.5013	0.3539
1295	0.495	0.3474
1296	0.4854	0.3378
1297	0.4889	0.3411
1298	0.5017	0.3547
1299	0.4893	0.3394
1300	0.489	0.3434
1301	0.4874	0.3374
1302	0.491	0.3416
1303	0.493	0.3455
1304	0.4913	0.3442
1305	0.4971	0.3468
1306	0.5025	0.3535
1307	0.4857	0.3353
1308	0.4869	0.3379
1309	0.4969	0.3471
1310	0.4865	0.3382
1311	0.4917	0.3432
1312	0.4903	0.3403
1313	0.4872	0.3389
1314	0.5279	0.3852
1315	0.49	0.3423
1316	0.5011	0.3523
1317	0.5006	0.354
1318	0.491	0.3432
1319	0.4913	0.3425
1320	0.4832	0.3343
1321	0.5043	0.3576
1322	0.5186	0.3716
1323	0.501	0.3535
1324	0.5071	0.3588
1325	0.5015	0.3545
1326	0.4997	0.3553
1327	0.4906	0.3433
1328	0.4827	0.3343
1329	0.4908	0.3416
1330	0.5187	0.3656
1331	0.4841	0.3336
1332	0.49	0.3402
1333	0.4853	0.3397
1334	0.4779	0.3289
1335	0.4995	0.3482
1336	0.4817	0.3346
1337	0.4899	0.343
1338	0.4981	0.3513
1339	0.5068	0.362
1340	0.5155	0.3705
1341	0.508	0.3614
1342	0.4916	0.3469
1343	0.5	0.3546
1344	0.5046	0.3575
1345	0.4895	0.3411
1346	0.4894	0.3418
1347	0.4978	0.3495
1348	0.4976	0.3516
1349	0.4804	0.3338
1350	0.4755	0.3286
1351	0.4773	0.3309
1352	0.4867	0.3405
1353	0.4805	0.3361
1354	0.4808	0.3332
1355	0.4796	0.3337
1356	0.4885	0.3444
1357	0.4866	0.3396
1358	0.5022	0.3552
1359	0.4925	0.346
1360	0.4846	0.3355
1361	0.489	0.3399
1362	0.5048	0.3567
1363	0.4946	0.3463
1364	0.4919	0.3477
1365	0.4834	0.3381
1366	0.4758	0.3289
1367	0.4879	0.3417
1368	0.4763	0.3275
1369	0.4978	0.3479
1370	0.4848	0.3353
1371	0.4862	0.3435
1372	0.5066	0.3671
1373	0.4966	0.3547
1374	0.4895	0.3448
1375	0.4925	0.3495
1376	0.4813	0.3351
1377	0.4865	0.3394
1378	0.4903	0.3417
1379	0.4904	0.3435
1380	0.5088	0.3615
1381	0.5016	0.357
1382	0.4883	0.3452
1383	0.4804	0.3321
1384	0.4832	0.3395
1385	0.5052	0.3597
1386	0.4959	0.3485
1387	0.482	0.3366
1388	0.4906	0.3506
1389	0.4834	0.3401
1390	0.4987	0.3585
1391	0.4926	0.3506
1392	0.5352	0.3923
1393	0.4887	0.3434
1394	0.4771	0.3312
1395	0.4716	0.3264
1396	0.4735	0.3283
1397	0.4817	0.3347
1398	0.4804	0.3374
1399	0.4828	0.3363
1400	0.4811	0.3358
1401	0.4769	0.3325
1402	0.4791	0.3347
1403	0.4811	0.3351
1404	0.4742	0.3282
1405	0.4879	0.3391
1406	0.4844	0.3386
1407	0.4785	0.336
1408	0.5001	0.3561
1409	0.4948	0.3529
1410	0.5161	0.3702
1411	0.5195	0.372
1412	0.5332	0.3917
1413	0.5368	0.3988
1414	0.4864	0.3421
1415	0.4755	0.3286
1416	0.4782	0.3354
1417	0.4727	0.3275
1418	0.4801	0.3338
1419	0.481	0.3344
1420	0.4754	0.3279
1421	0.4978	0.3523
1422	0.4687	0.3237
1423	0.4729	0.3264
1424	0.49	0.344
1425	0.4705	0.3258
1426	0.481	0.3351
1427	0.5149	0.3703
1428	0.4924	0.35
1429	0.5048	0.3605
1430	0.4788	0.3337
1431	0.4882	0.3407
1432	0.4784	0.3338
1433	0.477	0.3297
1434	0.4752	0.3315
1435	0.4798	0.3352
1436	0.4662	0.3225
1437	0.4718	0.3289
1438	0.4813	0.3384
1439	0.4669	0.3222
1440	0.4719	0.3279
1441	0.4772	0.3315
1442	0.4744	0.3298
1443	0.4926	0.3472
1444	0.4739	0.3266
1445	0.505	0.3572
1446	0.4828	0.3375
1447	0.4749	0.3317
1448	0.4713	0.3292
1449	0.4671	0.3238
1450	0.4725	0.3288
1451	0.473	0.3296
1452	0.4841	0.3404
1453	0.4911	0.3509
1454	0.4784	0.3331
1455	0.4767	0.3321
1456	0.4724	0.3295
1457	0.473	0.3279
1458	0.4687	0.3274
1459	0.4853	0.3466
1460	0.5169	0.377
1461	0.4715	0.329
1462	0.4737	0.3339
1463	0.4675	0.3255
1464	0.4663	0.3224
1465	0.4692	0.3281
1466	0.4751	0.3329
1467	0.4622	0.3194
1468	0.4705	0.3293
1469	0.4776	0.337
1470	0.4713	0.3289
1471	0.4814	0.3411
1472	0.4859	0.3403
1473	0.478	0.3304
1474	0.4717	0.3273
1475	0.483	0.3396
1476	0.4715	0.3296
1477	0.4886	0.3484
1478	0.4698	0.3297
1479	0.4722	0.3303
1480	0.4706	0.3261
1481	0.466	0.3237
1482	0.4594	0.3192
1483	0.4768	0.335
1484	0.4922	0.3533
1485	0.5022	0.3595
1486	0.4629	0.3206
1487	0.4609	0.3167
1488	0.4737	0.3291
1489	0.4666	0.3239
1490	0.49	0.3437
1491	0.4812	0.337
1492	0.4653	0.3228
1493	0.4641	0.323
1494	0.4645	0.3226
1495	0.4668	0.3236
1496	0.4712	0.3303
1497	0.4749	0.3312
1498	0.4685	0.3268
1499	0.4675	0.3251
1500	0.4497	0.3056
1501	0.4501	0.3066
1502	0.4498	0.3073
1503	0.4473	0.3034
1504	0.4476	0.3035
1505	0.4464	0.3021
1506	0.4453	0.3011
1507	0.4453	0.3018
1508	0.4438	0.3006
1509	0.4454	0.3027
1510	0.4476	0.3056
1511	0.4443	0.3007
1512	0.4438	0.3008
1513	0.4439	0.3007
1514	0.4439	0.3001
1515	0.4447	0.3019
1516	0.4437	0.3003
1517	0.4433	0.3003
1518	0.4434	0.3003
1519	0.4429	0.2986
1520	0.4428	0.3002
1521	0.4469	0.3052
1522	0.4439	0.3022
1523	0.4431	0.3009
1524	0.4456	0.305
1525	0.4416	0.2983
1526	0.4424	0.3
1527	0.4428	0.3
1528	0.4413	0.2985
1529	0.4407	0.2974
1530	0.4428	0.2995
1531	0.4437	0.3011
1532	0.4417	0.298
1533	0.4417	0.2988
1534	0.4423	0.3009
1535	0.4484	0.3062
1536	0.4424	0.2991
1537	0.4416	0.2992
1538	0.4413	0.2983
1539	0.4435	0.2996
1540	0.4427	0.2997
1541	0.4411	0.2983
1542	0.4411	0.2985
1543	0.4406	0.2974
1544	0.4426	0.2999
1545	0.4418	0.2995
1546	0.4423	0.3004
1547	0.4391	0.296
1548	0.4416	0.2987
1549	0.4403	0.2977
1550	0.4424	0.3004
1551	0.4416	0.2997
1552	0.4398	0.2973
1553	0.4401	0.297
1554	0.4393	0.2958
1555	0.4411	0.2988
1556	0.4413	0.2983
1557	0.4407	0.2992
1558	0.4412	0.2985
1559	0.4405	0.2977
1560	0.4399	0.297
1561	0.4397	0.2962
1562	0.4395	0.2976
1563	0.4402	0.2974
1564	0.4391	0.2964
1565	0.4403	0.2986
1566	0.4375	0.2949
1567	0.4389	0.2965
1568	0.4397	0.2972
1569	0.439	0.2964
1570	0.4416	0.2992
1571	0.4436	0.3033
1572	0.445	0.3038
1573	0.4386	0.2963
1574	0.4395	0.2978
1575	0.4378	0.2945
1576	0.4383	0.2955
1577	0.438	0.2958
1578	0.4389	0.2964
1579	0.4391	0.2961
1580	0.4401	0.2972
1581	0.4383	0.2951
1582	0.4388	0.2972
1583	0.4416	0.3013
1584	0.4395	0.2984
1585	0.4423	0.301
1586	0.4372	0.2944
1587	0.4404	0.2986
1588	0.4393	0.2962
1589	0.4381	0.2945
1590	0.438	0.2952
1591	0.4369	0.2947
1592	0.4392	0.2979
1593	0.4372	0.2945
1594	0.4375	0.2948
1595	0.4375	0.2954
1596	0.4394	0.2983
1597	0.4387	0.2963
1598	0.4376	0.2949
1599	0.439	0.2975
1600	0.4391	0.2975
1601	0.4373	0.2952
1602	0.4421	0.3013
1603	0.4383	0.2958
1604	0.4371	0.2951
1605	0.4365	0.2946
1606	0.4377	0.2966
1607	0.4371	0.2954
1608	0.4383	0.2963
1609	0.4375	0.2962
1610	0.4378	0.2963
1611	0.4368	0.2949
1612	0.4369	0.2945
1613	0.4379	0.2973
1614	0.4358	0.2938
1615	0.438	0.2959
1616	0.4378	0.2957
1617	0.4365	0.2934
1618	0.4389	0.2962
1619	0.437	0.2947
1620	0.437	0.2953
1621	0.4396	0.297
1622	0.4393	0.2979
1623	0.4366	0.2945
1624	0.4359	0.2938
1625	0.4362	0.2952
1626	0.4358	0.2937
1627	0.4367	0.295
1628	0.4357	0.2938
1629	0.4366	0.2957
1630	0.437	0.2952
1631	0.4353	0.2937
1632	0.4378	0.2966
1633	0.4366	0.295
1634	0.4362	0.2936
1635	0.4362	0.2943
1636	0.4379	0.2965
1637	0.4354	0.2934
1638	0.4373	0.2963
1639	0.4361	0.2948
1640	0.435	0.2932
1641	0.442	0.3024
1642	0.4355	0.2944
1643	0.4364	0.2942
1644	0.4375	0.2965
1645	0.4361	0.2946
1646	0.4358	0.2939
1647	0.4358	0.2943
1648	0.4358	0.2952
1649	0.4385	0.2973
1650	0.4361	0.294
1651	0.4372	0.2962
1652	0.4369	0.294
1653	0.4357	0.2941
1654	0.4372	0.2966
1655	0.4402	0.3004
1656	0.4384	0.2981
1657	0.4349	0.2941
1658	0.4359	0.2942
1659	0.4352	0.2936
1660	0.4385	0.2987
1661	0.4371	0.2967
1662	0.4347	0.293
1663	0.4345	0.2924
1664	0.4344	0.2929
1665	0.4355	0.2942
1666	0.4353	0.2933
1667	0.4351	0.2926
1668	0.4347	0.293
1669	0.435	0.293
1670	0.436	0.2944
1671	0.4345	0.2929
1672	0.4353	0.295
1673	0.4349	0.2944
1674	0.4345	0.2934
1675	0.4347	0.2935
1676	0.4349	0.2932
1677	0.4332	0.2919
1678	0.4331	0.2916
1679	0.4346	0.2928
1680	0.4357	0.2938
1681	0.4357	0.2943
1682	0.4336	0.2917
1683	0.4356	0.2946
1684	0.4346	0.293
1685	0.434	0.2927
1686	0.4362	0.2955
1687	0.4352	0.2946
1688	0.435	0.2948
1689	0.4341	0.293
1690	0.4359	0.295
1691	0.4345	0.294
1692	0.436	0.2958
1693	0.4353	0.2946
1694	0.4339	0.2928
1695	0.4342	0.292
1696	0.4338	0.2928
1697	0.4348	0.2938
1698	0.4378	0.2972
1699	0.4344	0.2933
1700	0.4328	0.2908
1701	0.435	0.2936
1702	0.4345	0.2931
1703	0.4346	0.2933
1704	0.4384	0.2978
1705	0.4355	0.2938
1706	0.4333	0.2917
1707	0.4339	0.293
1708	0.4354	0.2945
1709	0.4364	0.2965
1710	0.4347	0.2935
1711	0.4337	0.292
1712	0.4344	0.2928
1713	0.435	0.2942
1714	0.4342	0.2932
1715	0.4343	0.294
1716	0.4347	0.2947
1717	0.4329	0.292
1718	0.4331	0.2923
1719	0.4325	0.2919
1720	0.4327	0.2919
1721	0.4344	0.2939
1722	0.4334	0.2922
1723	0.4331	0.2924
1724	0.4331	0.2917
1725	0.4382	0.2995
1726	0.4361	0.296
1727	0.4341	0.2935
1728	0.4338	0.2935
1729	0.4341	0.2932
1730	0.4346	0.2932
1731	0.4349	0.2941
1732	0.4336	0.2933
1733	0.4354	0.2955
1734	0.4357	0.2957
1735	0.4337	0.2928
1736	0.4338	0.2926
1737	0.4334	0.2925
1738	0.4328	0.2921
1739	0.4329	0.2924
1740	0.4321	0.2909
1741	0.4352	0.2956
1742	0.4327	0.2925
1743	0.4333	0.2926
1744	0.4368	0.2959
1745	0.4319	0.2907
1746	0.4325	0.2922
1747	0.4325	0.2918
1748	0.4327	0.2921
1749	0.4357	0.2964
1750	0.4323	0.2913
1751	0.4332	0.2936
1752	0.4314	0.2904
1753	0.4342	0.2943
1754	0.4323	0.2902
1755	0.4319	0.2903
1756	0.4325	0.2918
1757	0.4313	0.2904
1758	0.4316	0.2906
1759	0.4336	0.2931
1760	0.4341	0.2942
1761	0.4337	0.2929
1762	0.433	0.2912
1763	0.4312	0.29
1764	0.4309	0.2905
1765	0.4307	0.2892
1766	0.4322	0.2925
1767	0.4309	0.2897
1768	0.434	0.2937
1769	0.4338	0.2931
1770	0.432	0.2915
1771	0.4338	0.2934
1772	0.4317	0.2913
1773	0.4361	0.2968
1774	0.4322	0.2922
1775	0.4334	0.2941
1776	0.431	0.2902
1777	0.4308	0.2898
1778	0.431	0.2902
1779	0.431	0.2905
1780	0.4302	0.2892
1781	0.4304	0.29
1782	0.4313	0.2905
1783	0.4316	0.291
1784	0.4316	0.2912
1785	0.4317	0.2918
1786	0.4317	0.2915
1787	0.4336	0.2939
1788	0.4307	0.2903
1789	0.4312	0.291
1790	0.4313	0.2907
1791	0.4301	0.289
1792	0.4305	0.2897
1793	0.4311	0.2903
1794	0.4311	0.2912
1795	0.4318	0.2907
1796	0.4308	0.2902
1797	0.431	0.2902
1798	0.4321	0.2923
1799	0.4311	0.2902
1800	0.4319	0.2915
1801	0.4319	0.2914
1802	0.4339	0.2943
1803	0.431	0.2902
1804	0.4337	0.2936
1805	0.4331	0.2937
1806	0.4384	0.2992
1807	0.4363	0.2964
1808	0.4313	0.2897
1809	0.4311	0.2903
1810	0.4308	0.2896
1811	0.4312	0.2901
1812	0.4364	0.2961
1813	0.4315	0.2905
1814	0.4314	0.2904
1815	0.4318	0.2917
1816	0.4302	0.2896
1817	0.43	0.2894
1818	0.4295	0.289
1819	0.4312	0.2907
1820	0.4312	0.2912
1821	0.4311	0.2894
1822	0.43	0.2894
1823	0.4292	0.2889
1824	0.4298	0.2885
1825	0.435	0.2955
1826	0.4317	0.2906
1827	0.4317	0.2916
1828	0.4298	0.2888
1829	0.4297	0.2886
1830	0.4294	0.2888
1831	0.4294	0.2893
1832	0.432	0.2933
1833	0.4294	0.2896
1834	0.4291	0.2891
1835	0.4295	0.2897
1836	0.4299	0.2897
1837	0.4287	0.2883
1838	0.4285	0.2879
1839	0.4291	0.2894
1840	0.4291	0.2884
1841	0.4299	0.2896
1842	0.4317	0.2926
1843	0.4303	0.2914
1844	0.432	0.2919
1845	0.429	0.2887
1846	0.4298	0.29
1847	0.4291	0.2889
1848	0.4279	0.2881
1849	0.4287	0.2887
1850	0.4279	0.2876
1851	0.4305	0.2912
1852	0.4284	0.2884
1853	0.4287	0.2888
1854	0.4286	0.2884
1855	0.4307	0.2905
1856	0.429	0.2891
1857	0.4287	0.2884
1858	0.4316	0.2922
1859	0.4302	0.2896
1860	0.4295	0.2895
1861	0.4295	0.2896
1862	0.4288	0.2887
1863	0.4288	0.2881
1864	0.4305	0.2911
1865	0.43	0.2903
1866	0.4284	0.2884
1867	0.4284	0.2881
1868	0.4323	0.2932
1869	0.4284	0.2887
1870	0.4329	0.2943
1871	0.4304	0.2899
1872	0.4307	0.2914
1873	0.428	0.2886
1874	0.4285	0.2881
1875	0.43	0.2894
1876	0.4295	0.2897
1877	0.4283	0.2877
1878	0.4315	0.292
1879	0.4314	0.2931
1880	0.4285	0.288
1881	0.4308	0.291
1882	0.4343	0.2959
1883	0.4301	0.2904
1884	0.4314	0.2906
1885	0.4289	0.289
1886	0.4281	0.2885
1887	0.4284	0.2887
1888	0.4303	0.2914
1889	0.4292	0.2898
1890	0.43	0.2909
1891	0.4277	0.2883
1892	0.4279	0.2885
1893	0.4299	0.2905
1894	0.4279	0.2878
1895	0.4313	0.2935
1896	0.4284	0.2893
1897	0.4292	0.2901
1898	0.4279	0.2885
1899	0.4278	0.2882
1900	0.4286	0.2899
1901	0.4269	0.2872
1902	0.4297	0.2904
1903	0.4284	0.2881
1904	0.4297	0.2899
1905	0.428	0.2878
1906	0.4284	0.2889
1907	0.4273	0.2873
1908	0.4284	0.2881
1909	0.4288	0.2887
1910	0.4276	0.2869
1911	0.4301	0.29
1912	0.4322	0.2923
1913	0.4301	0.2891
1914	0.4304	0.2913
1915	0.4276	0.2882
1916	0.4333	0.2942
1917	0.4286	0.2893
1918	0.4283	0.2883
1919	0.4289	0.2889
1920	0.4297	0.2897
1921	0.4289	0.2881
1922	0.4285	0.2885
1923	0.4284	0.2887
1924	0.4307	0.2907
1925	0.4278	0.2877
1926	0.4276	0.2871
1927	0.4274	0.2874
1928	0.4282	0.2882
1929	0.43	0.2895
1930	0.4307	0.2904
1931	0.4302	0.2906
1932	0.4302	0.2911
1933	0.4281	0.2886
1934	0.4272	0.2869
1935	0.4295	0.29
1936	0.4272	0.2878
1937	0.4268	0.2871
1938	0.4288	0.2895
1939	0.4279	0.2884
1940	0.4273	0.2873
1941	0.4277	0.2872
1942	0.4282	0.2887
1943	0.4268	0.287
1944	0.4267	0.2873
1945	0.4295	0.2898
1946	0.4309	0.292
1947	0.4261	0.2869
1948	0.4253	0.2848
1949	0.4257	0.2863
1950	0.4255	0.2863
1951	0.4263	0.2867
1952	0.4263	0.287
1953	0.4279	0.2878
1954	0.4318	0.2934
1955	0.4266	0.2878
1956	0.4286	0.2897
1957	0.4277	0.2889
1958	0.4265	0.2869
1959	0.4262	0.2868
1960	0.4319	0.2937
1961	0.4337	0.2958
1962	0.4261	0.286
1963	0.4264	0.2867
1964	0.4267	0.2878
1965	0.4264	0.2873
1966	0.4263	0.2864
1967	0.4259	0.2865
1968	0.4275	0.2884
1969	0.4306	0.2923
1970	0.4356	0.299
1971	0.4294	0.2906
1972	0.4269	0.2881
1973	0.4273	0.2877
1974	0.4254	0.2857
1975	0.4272	0.2876
1976	0.4262	0.2866
1977	0.4267	0.2872
1978	0.4256	0.2859
1979	0.4268	0.2875
1980	0.4276	0.2886
1981	0.4279	0.2888
1982	0.4297	0.2911
1983	0.4269	0.2881
1984	0.4264	0.2871
1985	0.4274	0.2892
1986	0.4282	0.2894
1987	0.4273	0.2887
1988	0.4277	0.2892
1989	0.4245	0.2851
1990	0.4274	0.2884
1991	0.4265	0.2876
1992	0.4283	0.2904
1993	0.4277	0.2882
1994	0.4267	0.2871
1995	0.4263	0.2872
1996	0.4261	0.2873
1997	0.4254	0.2862
1998	0.4264	0.2876
1999	0.4266	0.2883
