epoch:	train_RMSD:	train_MAE:
0	6.9227	6.3043
1	6.5571	5.925
2	4.9385	4.2855
3	4.0379	3.4454
4	3.758	3.1989
5	3.5754	3.0409
6	3.4318	2.9148
7	3.3184	2.8122
8	3.2332	2.7292
9	3.1799	2.6704
10	3.1521	2.6322
11	3.1402	2.6096
12	3.1361	2.5973
13	3.135	2.5914
14	3.1348	2.5895
15	3.1348	2.5892
16	3.1348	2.5896
17	3.1349	2.5908
18	3.1349	2.5914
19	3.1351	2.5925
20	3.135	2.5925
21	3.1349	2.5927
22	3.1344	2.591
23	3.1339	2.5906
24	3.1332	2.5911
25	3.1316	2.5887
26	3.1293	2.5891
27	3.1246	2.5845
28	3.1166	2.5751
29	3.1058	2.5669
30	3.0929	2.5532
31	3.0755	2.5398
32	3.0448	2.5096
33	3.0038	2.4723
34	2.9563	2.4268
35	2.8967	2.37
36	2.8212	2.2951
37	2.7208	2.2032
38	2.5911	2.0822
39	2.4623	1.9603
40	2.3638	1.8602
41	2.2999	1.7694
42	2.2399	1.7062
43	2.2091	1.6823
44	2.1877	1.6306
45	2.1604	1.6355
46	2.1342	1.607
47	2.1181	1.5893
48	2.1155	1.5967
49	2.1016	1.5781
50	2.0914	1.5663
51	2.0832	1.5591
52	2.0751	1.5467
53	2.0745	1.5579
54	2.0624	1.5395
55	2.0599	1.5439
56	2.0498	1.533
57	2.0463	1.5356
58	2.0397	1.5322
59	2.0122	1.5019
60	1.9849	1.4749
61	1.9452	1.4366
62	1.8891	1.3925
63	1.8379	1.3554
64	1.7788	1.3143
65	1.7536	1.2967
66	1.7482	1.2917
67	1.7908	1.3397
68	1.813	1.3262
69	1.697	1.2588
70	1.6696	1.2319
71	1.6813	1.2372
72	1.6722	1.2414
73	1.6553	1.2192
74	1.6487	1.2185
75	1.6318	1.2099
76	1.6317	1.1984
77	1.6049	1.181
78	1.5912	1.1727
79	1.6494	1.2099
80	1.5877	1.1727
81	1.5758	1.1687
82	1.5751	1.1606
83	1.5585	1.1459
84	1.5756	1.1641
85	1.5537	1.1464
86	1.5507	1.1444
87	1.5515	1.1452
88	1.5433	1.1373
89	1.5262	1.1252
90	1.5318	1.1282
91	1.5347	1.1314
92	1.5103	1.1075
93	1.5164	1.1203
94	1.5082	1.1053
95	1.5358	1.1345
96	1.4996	1.1078
97	1.5204	1.1177
98	1.4976	1.0961
99	1.4848	1.0897
100	1.5038	1.1003
101	1.4743	1.0817
102	1.4662	1.072
103	1.4682	1.0708
104	1.4632	1.0742
105	1.465	1.0738
106	1.463	1.0724
107	1.4541	1.0657
108	1.5086	1.1173
109	1.4414	1.0537
110	1.4376	1.0511
111	1.456	1.0684
112	1.4476	1.0633
113	1.4327	1.0489
114	1.4198	1.0357
115	1.4229	1.0421
116	1.4099	1.0305
117	1.4181	1.0333
118	1.4017	1.0235
119	1.4203	1.0387
120	1.4545	1.0662
121	1.465	1.0854
122	1.3904	1.0155
123	1.4477	1.067
124	1.3807	1.0081
125	1.4399	1.0584
126	1.4456	1.0707
127	1.4045	1.0296
128	1.3708	0.9971
129	1.455	1.0736
130	1.3924	1.0176
131	1.3598	0.9908
132	1.3545	0.9844
133	1.3516	0.9821
134	1.3449	0.9794
135	1.3567	0.9888
136	1.3356	0.9679
137	1.3495	0.9786
138	1.338	0.9692
139	1.3321	0.9653
140	1.3909	1.0195
141	1.3203	0.9581
142	1.3338	0.9647
143	1.3256	0.9594
144	1.3291	0.966
145	1.3044	0.9426
146	1.3641	0.9911
147	1.3291	0.9662
148	1.3015	0.9398
149	1.3143	0.9506
150	1.3509	0.9894
151	1.329	0.963
152	1.2959	0.9376
153	1.2894	0.9296
154	1.2804	0.9221
155	1.2768	0.9209
156	1.2825	0.9214
157	1.2707	0.9136
158	1.2895	0.9289
159	1.3	0.9408
160	1.2729	0.9155
161	1.284	0.9248
162	1.2607	0.906
163	1.2674	0.9105
164	1.2555	0.9004
165	1.2485	0.8934
166	1.2731	0.9171
167	1.2672	0.9101
168	1.2411	0.8876
169	1.2385	0.8865
170	1.2423	0.8897
171	1.2408	0.8896
172	1.2477	0.8973
173	1.2274	0.876
174	1.2238	0.8745
175	1.2305	0.8803
176	1.2215	0.8746
177	1.2146	0.8644
178	1.2676	0.9178
179	1.2158	0.8689
180	1.2095	0.863
181	1.2017	0.8548
182	1.2327	0.8845
183	1.2232	0.8744
184	1.2246	0.8825
185	1.1959	0.8529
186	1.1947	0.852
187	1.1842	0.8415
188	1.1881	0.8467
189	1.2033	0.8589
190	1.2074	0.8626
191	1.1753	0.837
192	1.1972	0.8594
193	1.1705	0.8339
194	1.1831	0.8414
195	1.1747	0.8379
196	1.1626	0.8276
197	1.1558	0.8214
198	1.1523	0.8177
199	1.15	0.8167
200	1.1569	0.8272
201	1.1543	0.8242
202	1.1415	0.8136
203	1.1379	0.8089
204	1.1622	0.8332
205	1.1358	0.8064
206	1.2032	0.8643
207	1.1613	0.8345
208	1.1329	0.807
209	1.1311	0.8069
210	1.1243	0.7969
211	1.116	0.7957
212	1.1108	0.7886
213	1.1194	0.7961
214	1.1087	0.7897
215	1.1258	0.8042
216	1.1155	0.7983
217	1.1028	0.7857
218	1.1049	0.7875
219	1.1025	0.786
220	1.0876	0.7708
221	1.11	0.7917
222	1.0935	0.7794
223	1.0941	0.7764
224	1.0906	0.7755
225	1.085	0.7717
226	1.0902	0.7756
227	1.0729	0.7606
228	1.0721	0.7616
229	1.0721	0.7636
230	1.0669	0.7554
231	1.0831	0.7713
232	1.1119	0.8056
233	1.1385	0.8295
234	1.0975	0.789
235	1.0511	0.7428
236	1.0571	0.7463
237	1.0578	0.7471
238	1.0688	0.7675
239	1.0511	0.7458
240	1.0421	0.7368
241	1.0732	0.7648
242	1.0853	0.7763
243	1.0376	0.7326
244	1.0397	0.7348
245	1.0385	0.7348
246	1.0285	0.7249
247	1.0363	0.7331
248	1.0291	0.7265
249	1.0247	0.7222
250	1.0198	0.7161
251	1.0163	0.7165
252	1.0229	0.7209
253	1.0176	0.7176
254	1.0288	0.7293
255	1.0281	0.7279
256	1.0104	0.7112
257	1.0088	0.7087
258	1.0434	0.7508
259	1.0048	0.7069
260	1.0112	0.7126
261	1.0291	0.7279
262	1.0068	0.7059
263	1.0084	0.7102
264	1.0259	0.7261
265	1.0067	0.71
266	0.9926	0.6936
267	0.9888	0.6938
268	0.9891	0.6937
269	0.9883	0.6931
270	1.0156	0.7216
271	0.9876	0.6917
272	0.9895	0.694
273	0.979	0.6843
274	0.9782	0.6833
275	0.9846	0.6866
276	0.9819	0.6878
277	1.015	0.7227
278	0.983	0.6937
279	0.978	0.6845
280	0.9691	0.6774
281	0.9696	0.6776
282	0.9645	0.673
283	0.9626	0.6715
284	0.9635	0.67
285	0.9706	0.6799
286	0.97	0.6783
287	0.9633	0.6721
288	0.9895	0.7023
289	0.9734	0.6827
290	0.9757	0.6862
291	0.9768	0.6852
292	0.9633	0.674
293	0.9707	0.6809
294	0.9499	0.6634
295	0.9476	0.6644
296	0.9609	0.6753
297	0.9602	0.6756
298	0.9447	0.6601
299	0.951	0.6649
300	0.941	0.6553
301	0.9371	0.6532
302	0.9387	0.6561
303	0.9397	0.6564
304	0.9376	0.6528
305	0.9385	0.6542
306	0.9447	0.6681
307	0.9382	0.6573
308	0.9368	0.6523
309	0.9362	0.6566
310	0.9397	0.657
311	0.9284	0.6472
312	0.9267	0.6457
313	0.9311	0.6482
314	0.9238	0.6441
315	0.9278	0.6493
316	0.9267	0.6483
317	0.9517	0.6792
318	0.9809	0.7095
319	0.9442	0.6694
320	0.9351	0.6532
321	0.9423	0.6627
322	0.9236	0.6466
323	0.9112	0.6338
324	0.9177	0.6391
325	0.9229	0.6438
326	0.9083	0.6339
327	0.9068	0.629
328	0.9078	0.6306
329	0.9404	0.6636
330	0.9465	0.6652
331	0.917	0.6407
332	0.9059	0.6312
333	0.9042	0.6295
334	0.9032	0.6256
335	0.9051	0.6309
336	0.9049	0.6318
337	0.8981	0.6235
338	0.9027	0.6322
339	0.896	0.6215
340	0.8986	0.6248
341	0.9015	0.6276
342	0.8954	0.6208
343	0.9006	0.6285
344	0.9111	0.6393
345	0.8893	0.6193
346	0.8873	0.616
347	0.884	0.6125
348	0.8858	0.6134
349	0.8853	0.618
350	0.892	0.6206
351	0.8836	0.6125
352	0.8875	0.6191
353	0.8909	0.6206
354	0.8917	0.6272
355	0.8802	0.6102
356	0.8884	0.619
357	0.8837	0.6162
358	0.8835	0.6179
359	0.8791	0.6104
360	0.9094	0.6412
361	0.8731	0.6077
362	0.8711	0.6031
363	0.8774	0.6118
364	0.8753	0.6037
365	0.8747	0.6119
366	0.8892	0.626
367	0.868	0.6004
368	0.8761	0.612
369	0.8743	0.6077
370	0.8619	0.5945
371	0.8793	0.6143
372	0.9247	0.6628
373	0.8656	0.5976
374	0.8658	0.6036
375	0.8741	0.607
376	0.8654	0.6011
377	0.8663	0.602
378	0.8561	0.5912
379	0.8546	0.5924
380	0.8585	0.5927
381	0.8527	0.5892
382	0.8574	0.5949
383	0.8555	0.5908
384	0.8704	0.6033
385	0.8512	0.5883
386	0.8618	0.6032
387	0.8524	0.5936
388	0.8502	0.5865
389	0.8472	0.5846
390	0.8479	0.5861
391	0.8436	0.5823
392	0.8719	0.611
393	0.8452	0.5829
394	0.8411	0.5812
395	0.8701	0.6081
396	0.856	0.6009
397	0.8633	0.5996
398	0.8526	0.596
399	0.8503	0.5868
400	0.8426	0.5868
401	0.8403	0.5782
402	0.8397	0.5831
403	0.8393	0.579
404	0.8405	0.5835
405	0.8412	0.5846
406	0.8378	0.5821
407	0.8546	0.5949
408	0.8726	0.615
409	0.8903	0.6308
410	0.8914	0.6364
411	0.8535	0.5929
412	0.8491	0.5924
413	0.8366	0.5794
414	0.8295	0.5718
415	0.8274	0.5693
416	0.8316	0.5755
417	0.8282	0.572
418	0.8305	0.5739
419	0.8194	0.5642
420	0.8228	0.5693
421	0.8389	0.589
422	0.8223	0.5704
423	0.8265	0.576
424	0.8395	0.5903
425	0.834	0.5838
426	0.8285	0.5768
427	0.8544	0.6007
428	0.8523	0.6056
429	0.831	0.5775
430	0.8267	0.5732
431	0.8323	0.579
432	0.843	0.5932
433	0.818	0.5689
434	0.8093	0.555
435	0.8087	0.5558
436	0.8261	0.5779
437	0.8181	0.5658
438	0.8121	0.5636
439	0.8136	0.5627
440	0.81	0.5608
441	0.815	0.5698
442	0.8062	0.5556
443	0.8053	0.5572
444	0.8005	0.5505
445	0.8052	0.5532
446	0.8011	0.5543
447	0.8105	0.5651
448	0.8027	0.5558
449	0.7977	0.5506
450	0.8803	0.6398
451	0.8221	0.5793
452	0.7927	0.5462
453	0.8031	0.5546
454	0.795	0.5492
455	0.8064	0.5619
456	0.8324	0.5895
457	0.7883	0.5398
458	0.7928	0.547
459	0.7949	0.5478
460	0.79	0.5434
461	0.8076	0.5662
462	0.7932	0.5478
463	0.7901	0.5468
464	0.7845	0.5393
465	0.7842	0.5434
466	0.7942	0.5517
467	0.8284	0.5889
468	0.7972	0.5573
469	0.7805	0.5388
470	0.7797	0.5391
471	0.7815	0.5386
472	0.8089	0.5711
473	0.7795	0.5387
474	0.7759	0.5339
475	0.7918	0.5547
476	0.7875	0.5443
477	0.7724	0.5298
478	0.7736	0.534
479	0.7722	0.5337
480	0.7778	0.5399
481	0.7869	0.5469
482	0.7702	0.5295
483	0.7842	0.5443
484	0.7855	0.5445
485	0.7688	0.528
486	0.774	0.5337
487	0.7709	0.5348
488	0.7646	0.5256
489	0.777	0.5391
490	0.7647	0.5243
491	0.7642	0.5258
492	0.7693	0.5334
493	0.7657	0.5252
494	0.7634	0.5239
495	0.7607	0.5238
496	0.7881	0.5555
497	0.7649	0.525
498	0.7861	0.5526
499	0.7675	0.5303
500	0.7719	0.5373
501	0.7685	0.5306
502	0.7644	0.5286
503	0.7678	0.5361
504	0.7914	0.5611
505	0.758	0.5252
506	0.768	0.531
507	0.7635	0.5302
508	0.7552	0.5198
509	0.7541	0.5203
510	0.7535	0.5224
511	0.7595	0.5263
512	0.7958	0.5691
513	0.8205	0.5892
514	0.8103	0.5809
515	0.7511	0.5146
516	0.7489	0.5171
517	0.7481	0.5154
518	0.7482	0.515
519	0.7644	0.536
520	0.7528	0.5182
521	0.747	0.5149
522	0.7465	0.5153
523	0.7566	0.5283
524	0.7843	0.5572
525	0.7417	0.5128
526	0.7467	0.5161
527	0.7549	0.529
528	0.7698	0.5429
529	0.7598	0.5311
530	0.7553	0.529
531	0.7394	0.5118
532	0.7423	0.5122
533	0.7483	0.5201
534	0.745	0.5198
535	0.7349	0.5043
536	0.744	0.5131
537	0.7345	0.5022
538	0.7379	0.5099
539	0.7453	0.5184
540	0.7403	0.514
541	0.737	0.5093
542	0.7338	0.5066
543	0.733	0.506
544	0.7288	0.5008
545	0.7468	0.5212
546	0.7342	0.5046
547	0.7567	0.53
548	0.729	0.4992
549	0.7331	0.5066
550	0.7358	0.5151
551	0.7277	0.4996
552	0.7304	0.5035
553	0.7237	0.4976
554	0.7462	0.5256
555	0.7546	0.5328
556	0.7581	0.5386
557	0.7549	0.5305
558	0.7283	0.5044
559	0.7227	0.4972
560	0.7255	0.5025
561	0.7304	0.5041
562	0.7254	0.4997
563	0.7239	0.5014
564	0.7457	0.5238
565	0.8155	0.6009
566	0.7662	0.5468
567	0.7278	0.5003
568	0.7414	0.515
569	0.7344	0.511
570	0.7195	0.495
571	0.7255	0.5005
572	0.76	0.536
573	0.7748	0.5546
574	0.7324	0.509
575	0.7194	0.4981
576	0.7172	0.4917
577	0.7163	0.4956
578	0.7265	0.5034
579	0.719	0.4938
580	0.7206	0.4986
581	0.7287	0.512
582	0.7237	0.5045
583	0.71	0.4898
584	0.7174	0.4921
585	0.7117	0.4906
586	0.7174	0.5013
587	0.7131	0.4925
588	0.7149	0.4955
589	0.7135	0.4945
590	0.7117	0.4933
591	0.7102	0.4933
592	0.705	0.4867
593	0.7114	0.4954
594	0.7136	0.4942
595	0.7177	0.5022
596	0.723	0.5067
597	0.7106	0.4933
598	0.7114	0.4883
599	0.7075	0.4891
600	0.7091	0.4944
601	0.7118	0.4927
602	0.7115	0.4945
603	0.7212	0.5077
604	0.7552	0.5395
605	0.7196	0.5022
606	0.6983	0.4798
607	0.6997	0.484
608	0.719	0.5026
609	0.7025	0.4831
610	0.6982	0.4824
611	0.7007	0.4867
612	0.7021	0.4862
613	0.7041	0.4901
614	0.7194	0.5045
615	0.7174	0.5029
616	0.6988	0.4828
617	0.7011	0.4915
618	0.7094	0.4954
619	0.707	0.493
620	0.693	0.4793
621	0.6953	0.4812
622	0.72	0.5029
623	0.697	0.4812
624	0.69	0.4761
625	0.7002	0.4846
626	0.7349	0.5214
627	0.7102	0.4959
628	0.6971	0.4825
629	0.7069	0.4935
630	0.7002	0.4916
631	0.7002	0.4906
632	0.688	0.4751
633	0.6879	0.4765
634	0.6881	0.4755
635	0.6886	0.4758
636	0.7116	0.5015
637	0.7168	0.5067
638	0.6948	0.4852
639	0.6875	0.477
640	0.6895	0.4801
641	0.6941	0.4802
642	0.7112	0.502
643	0.7003	0.4886
644	0.6942	0.4806
645	0.6929	0.4855
646	0.6933	0.4842
647	0.693	0.4839
648	0.6908	0.4833
649	0.6883	0.4818
650	0.6892	0.4815
651	0.681	0.4689
652	0.6777	0.4636
653	0.6904	0.4789
654	0.7025	0.4938
655	0.6879	0.4783
656	0.6991	0.4885
657	0.688	0.4792
658	0.6764	0.4697
659	0.6758	0.4683
660	0.6883	0.4826
661	0.6985	0.4979
662	0.6878	0.4815
663	0.6694	0.463
664	0.6711	0.4648
665	0.6759	0.466
666	0.6886	0.4801
667	0.6788	0.4697
668	0.6905	0.4783
669	0.6713	0.4609
670	0.6758	0.467
671	0.6973	0.4953
672	0.6766	0.4709
673	0.6755	0.465
674	0.6859	0.4801
675	0.6735	0.4655
676	0.6759	0.4694
677	0.6891	0.4847
678	0.677	0.4729
679	0.6637	0.4571
680	0.6688	0.4649
681	0.6665	0.458
682	0.6698	0.4656
683	0.6659	0.4623
684	0.6706	0.4667
685	0.6712	0.4716
686	0.664	0.4597
687	0.6637	0.4555
688	0.6766	0.4735
689	0.6843	0.48
690	0.7164	0.5133
691	0.6848	0.4784
692	0.6685	0.4632
693	0.6789	0.4765
694	0.6595	0.4543
695	0.661	0.4582
696	0.6636	0.4624
697	0.6605	0.4571
698	0.669	0.4654
699	0.662	0.4566
700	0.6594	0.4566
701	0.659	0.4554
702	0.653	0.4482
703	0.6541	0.4522
704	0.6666	0.465
705	0.7113	0.5096
706	0.6885	0.4873
707	0.6957	0.496
708	0.7203	0.5228
709	0.6996	0.5002
710	0.6619	0.4608
711	0.6669	0.4652
712	0.6653	0.4644
713	0.6556	0.4552
714	0.6599	0.4557
715	0.6494	0.4471
716	0.6564	0.4578
717	0.6594	0.461
718	0.6529	0.4539
719	0.6634	0.4627
720	0.6904	0.496
721	0.6513	0.4523
722	0.6483	0.4454
723	0.6549	0.4552
724	0.6593	0.4556
725	0.6521	0.45
726	0.6492	0.4476
727	0.6478	0.4442
728	0.672	0.4714
729	0.6516	0.4496
730	0.6515	0.4531
731	0.6538	0.4563
732	0.6586	0.4633
733	0.6566	0.4592
734	0.645	0.4442
735	0.6443	0.4438
736	0.6567	0.4616
737	0.649	0.4471
738	0.6418	0.4394
739	0.6397	0.4404
740	0.6477	0.4512
741	0.6483	0.4506
742	0.6688	0.4777
743	0.657	0.459
744	0.6408	0.4436
745	0.6551	0.4546
746	0.643	0.443
747	0.6392	0.4397
748	0.6444	0.45
749	0.6673	0.4735
750	0.6432	0.4454
751	0.6637	0.4671
752	0.6437	0.4477
753	0.6498	0.4559
754	0.646	0.4523
755	0.6677	0.4751
756	0.6626	0.4715
757	0.6638	0.4729
758	0.6389	0.4406
759	0.6435	0.4481
760	0.6343	0.4387
761	0.6446	0.449
762	0.662	0.4702
763	0.6479	0.4562
764	0.6485	0.4553
765	0.6423	0.4502
766	0.6395	0.4452
767	0.6434	0.4484
768	0.6451	0.4557
769	0.6448	0.4533
770	0.6334	0.4395
771	0.6289	0.4325
772	0.6459	0.4513
773	0.651	0.4564
774	0.6274	0.4314
775	0.633	0.4376
776	0.6389	0.445
777	0.6384	0.4428
778	0.6294	0.4343
779	0.6267	0.431
780	0.6312	0.4347
781	0.6252	0.4328
782	0.6224	0.4283
783	0.6283	0.4369
784	0.6292	0.4374
785	0.6267	0.4322
786	0.6204	0.4253
787	0.6217	0.4281
788	0.6335	0.4426
789	0.6427	0.4539
790	0.6509	0.4639
791	0.6322	0.4404
792	0.6374	0.4512
793	0.6345	0.4446
794	0.64	0.4509
795	0.6199	0.4274
796	0.6219	0.4282
797	0.6185	0.4248
798	0.6211	0.4263
799	0.6153	0.4231
800	0.622	0.4301
801	0.6311	0.442
802	0.625	0.4339
803	0.6297	0.4401
804	0.6367	0.4418
805	0.6227	0.4284
806	0.624	0.433
807	0.6237	0.4296
808	0.6242	0.4308
809	0.6207	0.4264
810	0.6374	0.449
811	0.6209	0.4276
812	0.6228	0.4345
813	0.6152	0.4234
814	0.6233	0.4331
815	0.6306	0.4444
816	0.6139	0.4221
817	0.6173	0.4271
818	0.6109	0.4195
819	0.6149	0.4218
820	0.6276	0.4381
821	0.6116	0.4204
822	0.6151	0.4224
823	0.6257	0.4362
824	0.6202	0.427
825	0.633	0.4392
826	0.6147	0.4217
827	0.6153	0.4239
828	0.6154	0.4253
829	0.6119	0.4203
830	0.6141	0.4275
831	0.6235	0.4333
832	0.618	0.4244
833	0.6231	0.4322
834	0.6224	0.4335
835	0.6127	0.4221
836	0.6114	0.4258
837	0.62	0.4349
838	0.6061	0.4167
839	0.6123	0.4203
840	0.6116	0.4262
841	0.6058	0.4159
842	0.6078	0.4163
843	0.6086	0.4193
844	0.6095	0.4226
845	0.6119	0.4221
846	0.6105	0.4241
847	0.6092	0.4195
848	0.6075	0.4198
849	0.6027	0.415
850	0.6058	0.4161
851	0.6134	0.4277
852	0.6084	0.4216
853	0.605	0.4155
854	0.6121	0.4231
855	0.6076	0.4194
856	0.6254	0.4403
857	0.6091	0.4231
858	0.6138	0.425
859	0.6238	0.4359
860	0.6007	0.411
861	0.5985	0.4102
862	0.5993	0.4103
863	0.6078	0.4182
864	0.6076	0.4217
865	0.616	0.4317
866	0.6146	0.429
867	0.6139	0.4301
868	0.6178	0.4324
869	0.6062	0.4172
870	0.6032	0.4195
871	0.6141	0.4302
872	0.6022	0.4202
873	0.5952	0.4078
874	0.6039	0.4156
875	0.6174	0.431
876	0.6263	0.443
877	0.6134	0.4319
878	0.6034	0.416
879	0.6032	0.4174
880	0.5965	0.4094
881	0.6029	0.4179
882	0.5964	0.4084
883	0.5956	0.4109
884	0.6187	0.439
885	0.5936	0.4085
886	0.605	0.4238
887	0.609	0.4261
888	0.5965	0.4099
889	0.6052	0.4183
890	0.6105	0.4257
891	0.6091	0.4233
892	0.6098	0.4254
893	0.5957	0.4081
894	0.6131	0.4293
895	0.5932	0.4076
896	0.5895	0.404
897	0.5941	0.4086
898	0.6009	0.4202
899	0.6178	0.4385
900	0.5916	0.4048
901	0.5938	0.4104
902	0.6126	0.4333
903	0.6426	0.4681
904	0.5951	0.4123
905	0.6017	0.4162
906	0.6048	0.4189
907	0.5956	0.411
908	0.6054	0.4226
909	0.5942	0.4099
910	0.5876	0.4038
911	0.5893	0.4051
912	0.5946	0.4112
913	0.5928	0.4103
914	0.5892	0.4057
915	0.5935	0.4136
916	0.586	0.4022
917	0.5834	0.4024
918	0.6077	0.427
919	0.6291	0.4504
920	0.5984	0.4167
921	0.5883	0.4053
922	0.5815	0.398
923	0.5888	0.4079
924	0.5967	0.4149
925	0.6014	0.4215
926	0.5857	0.4047
927	0.5847	0.4027
928	0.5827	0.3994
929	0.5947	0.4187
930	0.5836	0.4018
931	0.6124	0.4355
932	0.6059	0.4265
933	0.5851	0.4032
934	0.5916	0.4093
935	0.5851	0.4023
936	0.5886	0.4064
937	0.5924	0.4117
938	0.5942	0.4171
939	0.5789	0.3963
940	0.5937	0.4151
941	0.5849	0.404
942	0.5839	0.4038
943	0.5906	0.407
944	0.586	0.4061
945	0.6039	0.4277
946	0.5933	0.4104
947	0.6042	0.4289
948	0.5853	0.4059
949	0.5931	0.4098
950	0.5826	0.4047
951	0.5922	0.4082
952	0.5753	0.3946
953	0.5802	0.4021
954	0.5796	0.3997
955	0.5995	0.4199
956	0.5866	0.4071
957	0.5733	0.3918
958	0.5737	0.3923
959	0.5949	0.415
960	0.5803	0.3994
961	0.5851	0.4094
962	0.5906	0.4139
963	0.5802	0.3961
964	0.5783	0.3983
965	0.5838	0.4038
966	0.5812	0.4044
967	0.5724	0.3928
968	0.5888	0.4125
969	0.5943	0.4144
970	0.5742	0.3938
971	0.5742	0.3961
972	0.5813	0.4046
973	0.5723	0.393
974	0.5723	0.3954
975	0.5688	0.3899
976	0.5737	0.3957
977	0.5773	0.397
978	0.5862	0.4089
979	0.5872	0.4141
980	0.5752	0.3994
981	0.5737	0.3968
982	0.5972	0.4242
983	0.6203	0.4521
984	0.5706	0.3925
985	0.5708	0.3951
986	0.5717	0.3966
987	0.5822	0.4078
988	0.5783	0.404
989	0.5672	0.3907
990	0.5655	0.3887
991	0.5742	0.3965
992	0.5692	0.392
993	0.5665	0.39
994	0.5663	0.3872
995	0.5691	0.3919
996	0.5711	0.3946
997	0.5876	0.4143
998	0.5684	0.3906
999	0.5627	0.3855
1000	0.5696	0.3938
1001	0.5679	0.3921
1002	0.6034	0.4282
1003	0.5771	0.3987
1004	0.5631	0.3858
1005	0.5896	0.4185
1006	0.5796	0.4039
1007	0.5725	0.3972
1008	0.565	0.3902
1009	0.5889	0.4121
1010	0.5782	0.402
1011	0.5662	0.3896
1012	0.5625	0.3838
1013	0.5653	0.3905
1014	0.5727	0.3969
1015	0.5681	0.3917
1016	0.5846	0.414
1017	0.587	0.4145
1018	0.5682	0.3924
1019	0.5848	0.4128
1020	0.587	0.417
1021	0.6121	0.4445
1022	0.5752	0.4039
1023	0.5607	0.3872
1024	0.5598	0.3861
1025	0.5605	0.3833
1026	0.5696	0.3979
1027	0.5611	0.3881
1028	0.5661	0.389
1029	0.5875	0.4175
1030	0.5663	0.3884
1031	0.5618	0.3862
1032	0.5613	0.3871
1033	0.5704	0.3984
1034	0.5671	0.394
1035	0.5645	0.3873
1036	0.5539	0.3776
1037	0.5586	0.3838
1038	0.5579	0.3849
1039	0.588	0.4164
1040	0.5934	0.4252
1041	0.5676	0.3969
1042	0.5579	0.3854
1043	0.5595	0.3876
1044	0.5726	0.4018
1045	0.5626	0.3901
1046	0.5623	0.3908
1047	0.5667	0.3931
1048	0.5708	0.3978
1049	0.5784	0.4107
1050	0.5593	0.388
1051	0.5545	0.378
1052	0.5552	0.3781
1053	0.5549	0.3831
1054	0.5495	0.3765
1055	0.5624	0.3945
1056	0.5521	0.3808
1057	0.5632	0.3867
1058	0.5575	0.3867
1059	0.5553	0.3819
1060	0.5598	0.391
1061	0.5634	0.3956
1062	0.5559	0.3874
1063	0.5883	0.4173
1064	0.5538	0.3808
1065	0.5701	0.4001
1066	0.5524	0.3801
1067	0.5503	0.3777
1068	0.5508	0.3779
1069	0.5658	0.3935
1070	0.5545	0.3837
1071	0.5868	0.4155
1072	0.5432	0.3702
1073	0.5644	0.3938
1074	0.5601	0.3877
1075	0.5577	0.3853
1076	0.5503	0.3825
1077	0.5458	0.374
1078	0.5492	0.3789
1079	0.549	0.3808
1080	0.5553	0.3859
1081	0.5498	0.3798
1082	0.5401	0.3704
1083	0.5448	0.3723
1084	0.5503	0.3836
1085	0.5514	0.3825
1086	0.5534	0.3864
1087	0.548	0.3799
1088	0.5414	0.3733
1089	0.554	0.3851
1090	0.5545	0.3863
1091	0.6273	0.472
1092	0.5662	0.4004
1093	0.5572	0.3918
1094	0.5627	0.3969
1095	0.5565	0.3902
1096	0.541	0.3707
1097	0.5454	0.3738
1098	0.5411	0.3731
1099	0.5399	0.3697
1100	0.5452	0.375
1101	0.543	0.372
1102	0.551	0.3836
1103	0.5392	0.3687
1104	0.546	0.3786
1105	0.5528	0.3867
1106	0.5439	0.3741
1107	0.5621	0.392
1108	0.5404	0.3704
1109	0.5423	0.3766
1110	0.5591	0.3933
1111	0.5385	0.3696
1112	0.5406	0.3738
1113	0.5376	0.3687
1114	0.5378	0.3704
1115	0.5735	0.4087
1116	0.5416	0.3758
1117	0.5739	0.4116
1118	0.557	0.3921
1119	0.5411	0.3723
1120	0.533	0.3649
1121	0.5525	0.3858
1122	0.5458	0.38
1123	0.5619	0.3956
1124	0.5395	0.3711
1125	0.5761	0.4121
1126	0.578	0.4157
1127	0.5806	0.4147
1128	0.564	0.3976
1129	0.5663	0.401
1130	0.5388	0.3724
1131	0.54	0.3726
1132	0.5305	0.3636
1133	0.5347	0.3702
1134	0.533	0.3674
1135	0.5494	0.3855
1136	0.557	0.3951
1137	0.5539	0.394
1138	0.5633	0.403
1139	0.5398	0.3721
1140	0.5401	0.3733
1141	0.5373	0.3729
1142	0.5364	0.3715
1143	0.5454	0.3798
1144	0.5417	0.3726
1145	0.5593	0.4003
1146	0.565	0.4054
1147	0.6038	0.4493
1148	0.5692	0.411
1149	0.5832	0.4272
1150	0.5611	0.4016
1151	0.5633	0.4038
1152	0.5631	0.4054
1153	0.5629	0.4042
1154	0.5262	0.3614
1155	0.526	0.3621
1156	0.5383	0.372
1157	0.5511	0.3881
1158	0.5418	0.3786
1159	0.5317	0.3667
1160	0.5352	0.3701
1161	0.544	0.3782
1162	0.5545	0.3929
1163	0.5301	0.3669
1164	0.5289	0.3647
1165	0.5281	0.3635
1166	0.5297	0.365
1167	0.5245	0.3604
1168	0.5415	0.3804
1169	0.5477	0.3838
1170	0.5372	0.3782
1171	0.5422	0.3795
1172	0.5647	0.4087
1173	0.5877	0.4343
1174	0.5328	0.3711
1175	0.5307	0.3686
1176	0.5297	0.3669
1177	0.5245	0.359
1178	0.5302	0.3664
1179	0.5486	0.3899
1180	0.5231	0.3597
1181	0.5258	0.3628
1182	0.5409	0.3807
1183	0.5774	0.4246
1184	0.5581	0.3994
1185	0.5513	0.3933
1186	0.5419	0.3828
1187	0.5405	0.3813
1188	0.5232	0.3601
1189	0.5289	0.3681
1190	0.5306	0.3691
1191	0.5223	0.3595
1192	0.5237	0.3609
1193	0.5297	0.3674
1194	0.5296	0.3668
1195	0.5424	0.381
1196	0.5597	0.4017
1197	0.5199	0.3553
1198	0.5537	0.3939
1199	0.5424	0.3839
1200	0.5148	0.351
1201	0.5241	0.3629
1202	0.5222	0.3626
1203	0.527	0.3659
1204	0.5272	0.3658
1205	0.5149	0.3537
1206	0.5156	0.3549
1207	0.5341	0.3766
1208	0.5532	0.4001
1209	0.5317	0.3754
1210	0.5269	0.3675
1211	0.5417	0.3865
1212	0.5235	0.3604
1213	0.5135	0.3539
1214	0.5214	0.3618
1215	0.5193	0.3574
1216	0.5109	0.3501
1217	0.5113	0.3502
1218	0.513	0.3525
1219	0.5119	0.3505
1220	0.5117	0.3497
1221	0.5133	0.3517
1222	0.5455	0.3891
1223	0.5179	0.358
1224	0.5141	0.3543
1225	0.5092	0.3483
1226	0.5147	0.3567
1227	0.5161	0.3568
1228	0.5128	0.3509
1229	0.5073	0.348
1230	0.5149	0.3565
1231	0.5199	0.3599
1232	0.5218	0.3612
1233	0.5271	0.3712
1234	0.5853	0.4298
1235	0.5835	0.4314
1236	0.5533	0.3967
1237	0.5499	0.3918
1238	0.5567	0.3993
1239	0.5313	0.3723
1240	0.5173	0.3575
1241	0.5196	0.3594
1242	0.5342	0.3805
1243	0.5252	0.3687
1244	0.5221	0.3654
1245	0.5208	0.3641
1246	0.5525	0.4
1247	0.5465	0.3943
1248	0.5106	0.3511
1249	0.5322	0.3778
1250	0.5188	0.3609
1251	0.5131	0.3518
1252	0.5071	0.3458
1253	0.5215	0.3644
1254	0.5198	0.3646
1255	0.5217	0.3675
1256	0.5247	0.3719
1257	0.5235	0.3701
1258	0.5247	0.3708
1259	0.5171	0.3622
1260	0.5099	0.3541
1261	0.5128	0.3573
1262	0.5313	0.3786
1263	0.5132	0.3593
1264	0.5094	0.3486
1265	0.5209	0.3653
1266	0.5067	0.3469
1267	0.525	0.3653
1268	0.5282	0.3707
1269	0.5063	0.3499
1270	0.5116	0.3564
1271	0.5227	0.3693
1272	0.5142	0.3595
1273	0.5059	0.3474
1274	0.5222	0.3684
1275	0.5308	0.376
1276	0.5083	0.3548
1277	0.5027	0.3474
1278	0.497	0.3405
1279	0.5013	0.3486
1280	0.4999	0.3451
1281	0.5021	0.3451
1282	0.4991	0.3429
1283	0.5324	0.3793
1284	0.5009	0.3436
1285	0.4986	0.3435
1286	0.5145	0.3599
1287	0.5285	0.3787
1288	0.5227	0.3721
1289	0.5022	0.3461
1290	0.5088	0.3542
1291	0.515	0.3567
1292	0.5019	0.3472
1293	0.4947	0.3384
1294	0.5289	0.374
1295	0.5281	0.3757
1296	0.4976	0.3419
1297	0.5042	0.3473
1298	0.501	0.3448
1299	0.4992	0.3455
1300	0.5015	0.3474
1301	0.5037	0.3503
1302	0.5306	0.3802
1303	0.5203	0.3675
1304	0.4959	0.3424
1305	0.495	0.3421
1306	0.5039	0.3516
1307	0.5036	0.3499
1308	0.5092	0.3564
1309	0.5028	0.346
1310	0.5083	0.3517
1311	0.4995	0.3456
1312	0.4975	0.3445
1313	0.4983	0.3445
1314	0.5077	0.3527
1315	0.5022	0.3477
1316	0.5291	0.382
1317	0.5152	0.3629
1318	0.516	0.3607
1319	0.5	0.3472
1320	0.4912	0.3366
1321	0.4893	0.3349
1322	0.517	0.3636
1323	0.5519	0.4006
1324	0.5196	0.3681
1325	0.5005	0.3479
1326	0.5095	0.3556
1327	0.4962	0.3425
1328	0.4875	0.3335
1329	0.4927	0.3389
1330	0.4921	0.3383
1331	0.4965	0.3428
1332	0.4864	0.3342
1333	0.5034	0.352
1334	0.4909	0.3393
1335	0.489	0.3363
1336	0.4891	0.3342
1337	0.4987	0.3466
1338	0.4976	0.3451
1339	0.4959	0.3427
1340	0.4898	0.3368
1341	0.4842	0.3315
1342	0.4806	0.3274
1343	0.4974	0.3435
1344	0.4911	0.3405
1345	0.4887	0.3383
1346	0.4891	0.3362
1347	0.4881	0.3379
1348	0.4918	0.3412
1349	0.4868	0.3322
1350	0.4951	0.3418
1351	0.5118	0.3611
1352	0.5283	0.3796
1353	0.4954	0.3428
1354	0.4919	0.3377
1355	0.492	0.3392
1356	0.4905	0.3407
1357	0.4859	0.3325
1358	0.5322	0.3852
1359	0.4893	0.3383
1360	0.4954	0.3475
1361	0.4852	0.3329
1362	0.4871	0.3361
1363	0.507	0.3572
1364	0.5254	0.3769
1365	0.5025	0.3508
1366	0.5029	0.3504
1367	0.5013	0.3507
1368	0.49	0.3381
1369	0.4846	0.3316
1370	0.5209	0.3736
1371	0.4864	0.3355
1372	0.4853	0.3332
1373	0.4891	0.3363
1374	0.4795	0.3276
1375	0.4952	0.3486
1376	0.4855	0.3362
1377	0.4948	0.3456
1378	0.4906	0.3405
1379	0.4921	0.3409
1380	0.4833	0.3313
1381	0.4835	0.3352
1382	0.4867	0.3352
1383	0.4901	0.3405
1384	0.482	0.3308
1385	0.5148	0.3713
1386	0.4955	0.3485
1387	0.4847	0.3346
1388	0.4819	0.3325
1389	0.4824	0.3319
1390	0.4825	0.3298
1391	0.4779	0.3264
1392	0.4986	0.351
1393	0.4947	0.3474
1394	0.5141	0.3707
1395	0.5216	0.3771
1396	0.4983	0.3511
1397	0.4861	0.3376
1398	0.4838	0.3368
1399	0.482	0.3315
1400	0.4836	0.3318
1401	0.4819	0.3337
1402	0.4866	0.3381
1403	0.4794	0.3294
1404	0.4866	0.3401
1405	0.4851	0.3361
1406	0.4743	0.3241
1407	0.4921	0.3423
1408	0.4734	0.3238
1409	0.4948	0.3468
1410	0.481	0.334
1411	0.4803	0.3295
1412	0.4815	0.3334
1413	0.4821	0.3311
1414	0.492	0.342
1415	0.4908	0.3392
1416	0.4759	0.3247
1417	0.4733	0.3237
1418	0.4831	0.3358
1419	0.4856	0.3368
1420	0.4723	0.3224
1421	0.4848	0.3363
1422	0.4883	0.3385
1423	0.5125	0.3722
1424	0.501	0.3557
1425	0.4877	0.3427
1426	0.4757	0.3279
1427	0.4772	0.3289
1428	0.4849	0.3409
1429	0.4738	0.3259
1430	0.4793	0.3302
1431	0.4765	0.3283
1432	0.4941	0.3509
1433	0.4845	0.34
1434	0.4707	0.3221
1435	0.5074	0.3677
1436	0.5007	0.3589
1437	0.4712	0.3234
1438	0.4807	0.3336
1439	0.4683	0.3192
1440	0.4746	0.326
1441	0.4787	0.332
1442	0.4749	0.3293
1443	0.491	0.3473
1444	0.4761	0.3298
1445	0.4746	0.3287
1446	0.4905	0.3462
1447	0.4714	0.3238
1448	0.4745	0.3292
1449	0.4786	0.3307
1450	0.4687	0.3195
1451	0.4782	0.3333
1452	0.4687	0.3212
1453	0.4684	0.3206
1454	0.4843	0.3371
1455	0.468	0.3211
1456	0.4739	0.3265
1457	0.4865	0.3437
1458	0.4787	0.3325
1459	0.473	0.3268
1460	0.475	0.3283
1461	0.4703	0.3204
1462	0.4748	0.325
1463	0.483	0.338
1464	0.4832	0.3366
1465	0.4747	0.3285
1466	0.4948	0.3494
1467	0.5028	0.3631
1468	0.4791	0.3337
1469	0.4789	0.3336
1470	0.4779	0.3325
1471	0.4735	0.3304
1472	0.4731	0.3277
1473	0.4748	0.3284
1474	0.474	0.3281
1475	0.4726	0.3249
1476	0.4885	0.3447
1477	0.4665	0.3191
1478	0.4607	0.3149
1479	0.467	0.3202
1480	0.4786	0.3317
1481	0.4648	0.3193
1482	0.4725	0.3286
1483	0.4639	0.3169
1484	0.4731	0.326
1485	0.463	0.3165
1486	0.4626	0.3158
1487	0.4694	0.3235
1488	0.4636	0.3177
1489	0.4617	0.3147
1490	0.4977	0.3557
1491	0.5041	0.3617
1492	0.4778	0.3363
1493	0.4853	0.3406
1494	0.4838	0.3394
1495	0.4922	0.3485
1496	0.476	0.3306
1497	0.4684	0.3194
1498	0.4603	0.3153
1499	0.4954	0.3512
1500	0.4595	0.3124
1501	0.4556	0.3097
1502	0.4511	0.3046
1503	0.4508	0.3042
1504	0.4498	0.3021
1505	0.4502	0.3025
1506	0.4499	0.3041
1507	0.4498	0.3031
1508	0.4479	0.3006
1509	0.4475	0.3
1510	0.4477	0.3004
1511	0.4484	0.3018
1512	0.4468	0.2998
1513	0.4467	0.2994
1514	0.4463	0.2997
1515	0.4459	0.2994
1516	0.4464	0.2995
1517	0.4466	0.3001
1518	0.447	0.3011
1519	0.4446	0.2983
1520	0.4455	0.2984
1521	0.4459	0.3003
1522	0.4473	0.3025
1523	0.446	0.3009
1524	0.4458	0.2996
1525	0.4498	0.3041
1526	0.4469	0.3006
1527	0.4444	0.2988
1528	0.4452	0.2994
1529	0.4457	0.2994
1530	0.4461	0.3
1531	0.444	0.2976
1532	0.4489	0.3029
1533	0.4455	0.2998
1534	0.4438	0.2977
1535	0.444	0.2983
1536	0.4484	0.3049
1537	0.4443	0.2992
1538	0.4448	0.299
1539	0.4468	0.3018
1540	0.4439	0.2979
1541	0.4433	0.2976
1542	0.4426	0.2968
1543	0.4428	0.2978
1544	0.4458	0.3005
1545	0.4445	0.2994
1546	0.4422	0.2966
1547	0.4437	0.2982
1548	0.4433	0.2979
1549	0.4434	0.2976
1550	0.4416	0.296
1551	0.4424	0.2974
1552	0.4424	0.297
1553	0.4455	0.3001
1554	0.4428	0.2973
1555	0.4409	0.2946
1556	0.4411	0.2954
1557	0.4434	0.2977
1558	0.4419	0.2969
1559	0.4427	0.2967
1560	0.4416	0.2953
1561	0.4428	0.2974
1562	0.4423	0.297
1563	0.4418	0.2968
1564	0.4422	0.2972
1565	0.4409	0.2964
1566	0.4406	0.295
1567	0.441	0.2962
1568	0.4411	0.2957
1569	0.4405	0.2952
1570	0.4414	0.2969
1571	0.4435	0.3
1572	0.4433	0.2992
1573	0.4438	0.2998
1574	0.4416	0.2968
1575	0.444	0.2987
1576	0.441	0.2964
1577	0.4399	0.2947
1578	0.4398	0.2951
1579	0.44	0.2946
1580	0.4407	0.2959
1581	0.441	0.2958
1582	0.4406	0.2948
1583	0.4408	0.2959
1584	0.4409	0.2963
1585	0.444	0.2992
1586	0.444	0.2989
1587	0.4409	0.2958
1588	0.44	0.2945
1589	0.4409	0.2952
1590	0.4421	0.2977
1591	0.4404	0.2946
1592	0.4412	0.2963
1593	0.4417	0.2962
1594	0.4468	0.3028
1595	0.441	0.296
1596	0.4403	0.2953
1597	0.4409	0.2959
1598	0.4407	0.2957
1599	0.439	0.2943
1600	0.4433	0.2987
1601	0.4408	0.296
1602	0.4385	0.293
1603	0.4389	0.294
1604	0.4398	0.2955
1605	0.441	0.2965
1606	0.4468	0.3042
1607	0.4441	0.3004
1608	0.4407	0.2962
1609	0.4411	0.2968
1610	0.4398	0.295
1611	0.4397	0.2962
1612	0.4416	0.2972
1613	0.4431	0.2998
1614	0.4427	0.2975
1615	0.4396	0.2946
1616	0.4394	0.2941
1617	0.4433	0.2994
1618	0.4384	0.2942
1619	0.4388	0.2937
1620	0.443	0.2994
1621	0.44	0.2953
1622	0.4405	0.2964
1623	0.4418	0.2973
1624	0.4397	0.2962
1625	0.4399	0.2948
1626	0.4408	0.2964
1627	0.4381	0.2928
1628	0.4423	0.2984
1629	0.4407	0.297
1630	0.4373	0.2922
1631	0.4412	0.2981
1632	0.4399	0.2959
1633	0.4398	0.2962
1634	0.439	0.2953
1635	0.4411	0.2972
1636	0.4376	0.2928
1637	0.4385	0.294
1638	0.4382	0.2928
1639	0.4389	0.2941
1640	0.4378	0.2922
1641	0.4378	0.2932
1642	0.4394	0.2955
1643	0.4382	0.2941
1644	0.4383	0.294
1645	0.4385	0.2943
1646	0.4369	0.2919
1647	0.4382	0.2931
1648	0.4385	0.2935
1649	0.4402	0.2958
1650	0.4374	0.2926
1651	0.4369	0.2924
1652	0.4371	0.2924
1653	0.4361	0.2912
1654	0.4367	0.2924
1655	0.4365	0.2921
1656	0.4366	0.2915
1657	0.4384	0.2945
1658	0.4372	0.2931
1659	0.4398	0.2959
1660	0.4383	0.2937
1661	0.4383	0.2941
1662	0.4363	0.292
1663	0.4361	0.2913
1664	0.4372	0.2927
1665	0.4369	0.2916
1666	0.439	0.2951
1667	0.4401	0.2958
1668	0.4367	0.2924
1669	0.4362	0.2914
1670	0.4364	0.2914
1671	0.4382	0.2931
1672	0.4379	0.2927
1673	0.4366	0.292
1674	0.4361	0.2917
1675	0.4367	0.2917
1676	0.4386	0.2941
1677	0.4396	0.295
1678	0.4367	0.2916
1679	0.4363	0.2921
1680	0.4375	0.2937
1681	0.4361	0.2917
1682	0.4388	0.2945
1683	0.4356	0.2918
1684	0.4372	0.2926
1685	0.437	0.2924
1686	0.4361	0.291
1687	0.4366	0.2929
1688	0.435	0.2904
1689	0.436	0.2923
1690	0.4388	0.2959
1691	0.4388	0.2955
1692	0.4351	0.2908
1693	0.437	0.2932
1694	0.4407	0.2978
1695	0.4388	0.2956
1696	0.4368	0.293
1697	0.4379	0.2938
1698	0.4396	0.2968
1699	0.4357	0.2918
1700	0.4347	0.2911
1701	0.4364	0.292
1702	0.4373	0.2938
1703	0.4365	0.2916
1704	0.4376	0.2938
1705	0.4351	0.2911
1706	0.4341	0.29
1707	0.4351	0.2914
1708	0.4346	0.2912
1709	0.4351	0.2912
1710	0.4333	0.2889
1711	0.4352	0.2908
1712	0.4371	0.2927
1713	0.4353	0.2909
1714	0.4353	0.2908
1715	0.4353	0.2909
1716	0.4357	0.2902
1717	0.4349	0.2904
1718	0.436	0.2914
1719	0.4367	0.2926
1720	0.4341	0.2895
1721	0.4347	0.291
1722	0.4343	0.2905
1723	0.4353	0.2921
1724	0.4379	0.2948
1725	0.4372	0.2934
1726	0.4358	0.2916
1727	0.4378	0.294
1728	0.4352	0.2907
1729	0.4356	0.2919
1730	0.4345	0.2897
1731	0.4342	0.2895
1732	0.4337	0.2893
1733	0.4342	0.2895
1734	0.4351	0.2905
1735	0.4344	0.29
1736	0.4339	0.2899
1737	0.4356	0.2921
1738	0.4341	0.2901
1739	0.4348	0.2911
1740	0.4354	0.2918
1741	0.4341	0.2899
1742	0.4343	0.2909
1743	0.434	0.2902
1744	0.4357	0.2916
1745	0.4337	0.2893
1746	0.4376	0.2934
1747	0.436	0.292
1748	0.4343	0.2905
1749	0.4347	0.2917
1750	0.4345	0.291
1751	0.434	0.291
1752	0.4349	0.2917
1753	0.4353	0.2916
1754	0.4366	0.2931
1755	0.434	0.2898
1756	0.4346	0.2916
1757	0.4335	0.29
1758	0.4337	0.2902
1759	0.4348	0.2916
1760	0.4357	0.293
1761	0.4356	0.2922
1762	0.4343	0.2912
1763	0.4353	0.2911
1764	0.4333	0.2895
1765	0.4336	0.2892
1766	0.4327	0.2889
1767	0.4349	0.2911
1768	0.4338	0.2908
1769	0.4331	0.2896
1770	0.4326	0.2889
1771	0.4349	0.2917
1772	0.4346	0.2903
1773	0.4333	0.2897
1774	0.434	0.2904
1775	0.4337	0.2904
1776	0.4331	0.2888
1777	0.4341	0.2915
1778	0.4324	0.2884
1779	0.4371	0.295
1780	0.4376	0.2959
1781	0.4325	0.2884
1782	0.4347	0.2905
1783	0.4332	0.2886
1784	0.4335	0.2903
1785	0.433	0.2902
1786	0.4344	0.2914
1787	0.4354	0.2928
1788	0.4341	0.2899
1789	0.4331	0.289
1790	0.4361	0.293
1791	0.4343	0.2904
1792	0.4335	0.2897
1793	0.4323	0.288
1794	0.4324	0.2885
1795	0.4344	0.2909
1796	0.4339	0.2902
1797	0.4321	0.2882
1798	0.4311	0.2879
1799	0.4324	0.2887
1800	0.4333	0.2889
1801	0.4319	0.2877
1802	0.4324	0.2881
1803	0.4324	0.2892
1804	0.4317	0.2877
1805	0.4328	0.2892
1806	0.4323	0.2886
1807	0.4334	0.2904
1808	0.4354	0.2932
1809	0.4368	0.2945
1810	0.4331	0.2897
1811	0.4315	0.2879
1812	0.4316	0.2876
1813	0.4323	0.2889
1814	0.4311	0.2872
1815	0.4325	0.2886
1816	0.4321	0.2894
1817	0.4315	0.2885
1818	0.4333	0.2909
1819	0.4318	0.2882
1820	0.4311	0.2878
1821	0.4313	0.2875
1822	0.4301	0.2864
1823	0.4318	0.2886
1824	0.433	0.2902
1825	0.4363	0.2939
1826	0.4364	0.2949
1827	0.4343	0.2903
1828	0.4307	0.2875
1829	0.4341	0.2916
1830	0.4319	0.2896
1831	0.4308	0.2871
1832	0.4323	0.2895
1833	0.4324	0.2897
1834	0.4335	0.2915
1835	0.4313	0.2882
1836	0.4316	0.288
1837	0.4307	0.2884
1838	0.4315	0.2889
1839	0.431	0.2879
1840	0.4316	0.288
1841	0.4306	0.287
1842	0.4313	0.2881
1843	0.4312	0.2876
1844	0.4313	0.2881
1845	0.4297	0.2859
1846	0.4303	0.2871
1847	0.4304	0.2872
1848	0.4316	0.2886
1849	0.4311	0.2883
1850	0.4308	0.2869
1851	0.433	0.2913
1852	0.4307	0.2875
1853	0.431	0.2877
1854	0.4323	0.2903
1855	0.4307	0.288
1856	0.4302	0.2871
1857	0.431	0.288
1858	0.4308	0.2884
1859	0.4292	0.2852
1860	0.4296	0.2865
1861	0.4353	0.2924
1862	0.4327	0.2898
1863	0.4309	0.2875
1864	0.4313	0.2886
1865	0.4302	0.2872
1866	0.4301	0.2878
1867	0.43	0.2873
1868	0.4297	0.287
1869	0.4315	0.2887
1870	0.4301	0.2871
1871	0.4304	0.2871
1872	0.4305	0.2884
1873	0.4298	0.2868
1874	0.4297	0.2873
1875	0.4343	0.2934
1876	0.4312	0.2897
1877	0.4312	0.2888
1878	0.4297	0.2861
1879	0.431	0.2876
1880	0.4299	0.287
1881	0.4304	0.2876
1882	0.4299	0.2869
1883	0.4299	0.2867
1884	0.4305	0.2875
1885	0.4307	0.2886
1886	0.4301	0.2872
1887	0.43	0.2874
1888	0.4291	0.2864
1889	0.4297	0.2863
1890	0.4296	0.2873
1891	0.4311	0.289
1892	0.431	0.2878
1893	0.4298	0.2878
1894	0.4326	0.2907
1895	0.4294	0.2873
1896	0.4318	0.2894
1897	0.4286	0.2859
1898	0.4299	0.2868
1899	0.4302	0.2883
1900	0.4317	0.2901
1901	0.429	0.2872
1902	0.4294	0.287
1903	0.4309	0.2896
1904	0.4295	0.287
1905	0.429	0.2866
1906	0.4307	0.2884
1907	0.4326	0.2914
1908	0.4295	0.2877
1909	0.4298	0.2866
1910	0.4286	0.2862
1911	0.4301	0.2872
1912	0.4284	0.2853
1913	0.4291	0.2854
1914	0.4296	0.2873
1915	0.4279	0.2851
1916	0.4289	0.2864
1917	0.43	0.2869
1918	0.4287	0.2851
1919	0.4279	0.2848
1920	0.428	0.2849
1921	0.4293	0.2855
1922	0.4288	0.286
1923	0.4293	0.2864
1924	0.4278	0.2851
1925	0.4303	0.2883
1926	0.4284	0.2855
1927	0.4287	0.2869
1928	0.4281	0.2855
1929	0.4314	0.2888
1930	0.4308	0.2891
1931	0.4306	0.288
1932	0.4286	0.2858
1933	0.4306	0.288
1934	0.4284	0.2852
1935	0.4283	0.2859
1936	0.4299	0.2873
1937	0.4286	0.2852
1938	0.4281	0.2849
1939	0.4305	0.2874
1940	0.429	0.2862
1941	0.4292	0.2859
1942	0.4287	0.2849
1943	0.4283	0.2844
1944	0.4278	0.2852
1945	0.4287	0.2858
1946	0.4285	0.2862
1947	0.4288	0.2855
1948	0.4293	0.2872
1949	0.4272	0.2845
1950	0.4282	0.2847
1951	0.4304	0.2886
1952	0.4289	0.2859
1953	0.429	0.2874
1954	0.4293	0.2866
1955	0.427	0.2844
1956	0.4285	0.2857
1957	0.4272	0.2845
1958	0.4281	0.2857
1959	0.4283	0.2854
1960	0.4337	0.2924
1961	0.4287	0.286
1962	0.4314	0.2909
1963	0.429	0.288
1964	0.4278	0.2857
1965	0.4282	0.2859
1966	0.4287	0.2868
1967	0.4278	0.286
1968	0.4281	0.2857
1969	0.4272	0.2844
1970	0.4307	0.2889
1971	0.4305	0.2888
1972	0.4268	0.285
1973	0.4276	0.2861
1974	0.4269	0.2852
1975	0.4312	0.2911
1976	0.4293	0.2889
1977	0.4272	0.2847
1978	0.4275	0.285
1979	0.426	0.284
1980	0.426	0.2849
1981	0.4253	0.2833
1982	0.4259	0.2829
1983	0.4265	0.2843
1984	0.4285	0.2873
1985	0.4296	0.2881
1986	0.4269	0.285
1987	0.431	0.2889
1988	0.4272	0.286
1989	0.4306	0.2893
1990	0.428	0.2863
1991	0.426	0.2842
1992	0.4251	0.2827
1993	0.4257	0.2831
1994	0.4258	0.2835
1995	0.4279	0.2866
1996	0.4283	0.2863
1997	0.427	0.2847
1998	0.4273	0.2847
1999	0.4251	0.2817
