epoch:	train_RMSD:	train_MAE:
0	6.9227	6.3043
1	6.5571	5.925
2	4.9385	4.2855
3	4.0379	3.4454
4	3.758	3.1989
5	3.5754	3.0409
6	3.4318	2.9148
7	3.3184	2.8122
8	3.2332	2.7292
9	3.1799	2.6704
10	3.1521	2.6322
11	3.1402	2.6096
12	3.1361	2.5973
13	3.135	2.5914
14	3.1348	2.5895
15	3.1348	2.5891
16	3.1348	2.5897
17	3.1349	2.5908
18	3.1349	2.5914
19	3.1351	2.5925
20	3.135	2.5925
21	3.1349	2.5921
22	3.1347	2.5913
23	3.1345	2.5917
24	3.1344	2.5929
25	3.1334	2.5907
26	3.1323	2.5904
27	3.13	2.5879
28	3.1262	2.5853
29	3.1221	2.5816
30	3.1182	2.5752
31	3.1143	2.5734
32	3.1091	2.5689
33	3.0992	2.5589
34	3.0799	2.5416
35	3.0561	2.5206
36	3.0207	2.4923
37	2.9697	2.4421
38	2.9049	2.38
39	2.8233	2.3014
40	2.7133	2.1997
41	2.5202	2.0286
42	2.4026	1.9006
43	2.3098	1.7971
44	2.2698	1.7214
45	2.215	1.6874
46	2.1838	1.6532
47	2.157	1.6259
48	2.1416	1.6178
49	2.1254	1.6
50	2.1178	1.5959
51	2.1036	1.5799
52	2.093	1.5602
53	2.088	1.5667
54	2.0767	1.5515
55	2.0759	1.5584
56	2.0688	1.5515
57	2.0725	1.5605
58	2.0547	1.5381
59	2.0437	1.5215
60	2.0306	1.5141
61	2.0149	1.5059
62	2.0026	1.4788
63	1.9592	1.4638
64	1.9171	1.4288
65	1.8952	1.4214
66	1.8047	1.3429
67	1.7853	1.3273
68	1.8026	1.3296
69	1.7953	1.3486
70	1.7632	1.3212
71	1.7012	1.26
72	1.6909	1.249
73	1.6792	1.2532
74	1.6949	1.247
75	1.6575	1.2241
76	1.6192	1.1992
77	1.6135	1.1954
78	1.6172	1.2023
79	1.594	1.1765
80	1.6462	1.2162
81	1.5885	1.1786
82	1.5885	1.1781
83	1.5588	1.1489
84	1.5585	1.1504
85	1.563	1.1554
86	1.539	1.1354
87	1.565	1.1588
88	1.5314	1.1281
89	1.5197	1.1189
90	1.5355	1.1319
91	1.5273	1.1271
92	1.5057	1.1041
93	1.5014	1.1049
94	1.5007	1.0999
95	1.4943	1.0989
96	1.5295	1.132
97	1.4922	1.0964
98	1.479	1.0831
99	1.4904	1.0925
100	1.4949	1.0955
101	1.4658	1.0748
102	1.4656	1.0695
103	1.4602	1.0656
104	1.4703	1.0799
105	1.4555	1.0597
106	1.4517	1.0575
107	1.4425	1.05
108	1.503	1.1057
109	1.4382	1.047
110	1.4374	1.0439
111	1.4754	1.0763
112	1.4456	1.0525
113	1.4273	1.0352
114	1.4252	1.0358
115	1.4291	1.0369
116	1.418	1.028
117	1.4161	1.028
118	1.4101	1.0223
119	1.4167	1.0267
120	1.4552	1.0687
121	1.4531	1.0736
122	1.4075	1.0196
123	1.4605	1.0683
124	1.4433	1.0611
125	1.4078	1.0231
126	1.4337	1.0473
127	1.4257	1.0471
128	1.3897	1.0043
129	1.4543	1.0632
130	1.4005	1.0175
131	1.3827	0.9993
132	1.3839	0.9987
133	1.3757	0.9938
134	1.3783	1.0008
135	1.3784	0.9952
136	1.3714	0.9898
137	1.3791	0.9994
138	1.3668	0.9875
139	1.3617	0.9845
140	1.4036	1.0181
141	1.3572	0.9803
142	1.3657	0.9851
143	1.385	1.0137
144	1.3529	0.979
145	1.3474	0.97
146	1.397	1.0198
147	1.3497	0.9731
148	1.3526	0.9755
149	1.3526	0.981
150	1.4067	1.03
151	1.3683	0.9998
152	1.3556	0.9778
153	1.3307	0.9586
154	1.3279	0.9573
155	1.3271	0.9546
156	1.3337	0.9653
157	1.3269	0.9535
158	1.34	0.9654
159	1.3532	0.9895
160	1.3515	0.9792
161	1.3154	0.9468
162	1.3065	0.9376
163	1.305	0.9367
164	1.2997	0.9333
165	1.2981	0.9319
166	1.316	0.9514
167	1.3044	0.9387
168	1.2904	0.9262
169	1.3014	0.9381
170	1.2813	0.9181
171	1.2821	0.9174
172	1.2846	0.9252
173	1.2777	0.9122
174	1.2722	0.9108
175	1.284	0.9198
176	1.2707	0.9119
177	1.2677	0.9059
178	1.3158	0.9541
179	1.2658	0.9108
180	1.2556	0.8997
181	1.2541	0.8954
182	1.2644	0.9032
183	1.2463	0.8879
184	1.2872	0.9378
185	1.2496	0.8934
186	1.2373	0.8842
187	1.2354	0.8869
188	1.2439	0.8896
189	1.2394	0.8844
190	1.223	0.8724
191	1.2202	0.872
192	1.2466	0.9012
193	1.2166	0.8713
194	1.2253	0.8742
195	1.2104	0.8639
196	1.2035	0.8593
197	1.2134	0.8658
198	1.2	0.856
199	1.2325	0.8881
200	1.1915	0.8489
201	1.1945	0.861
202	1.2105	0.8643
203	1.19	0.8492
204	1.1758	0.8406
205	1.191	0.8469
206	1.2423	0.8986
207	1.1717	0.8377
208	1.2198	0.8854
209	1.1749	0.8402
210	1.1782	0.8431
211	1.1624	0.8308
212	1.1525	0.824
213	1.1593	0.8274
214	1.1748	0.8456
215	1.1827	0.8536
216	1.1396	0.8125
217	1.1351	0.8115
218	1.1294	0.8052
219	1.1261	0.8021
220	1.1303	0.8075
221	1.1486	0.8254
222	1.1269	0.8066
223	1.1193	0.801
224	1.1204	0.8009
225	1.1232	0.8075
226	1.1163	0.797
227	1.1017	0.7857
228	1.1053	0.7894
229	1.1027	0.7895
230	1.0957	0.7811
231	1.0956	0.782
232	1.1011	0.7902
233	1.1437	0.8289
234	1.0942	0.7828
235	1.0801	0.7674
236	1.1002	0.788
237	1.0869	0.7739
238	1.0737	0.7649
239	1.0715	0.7597
240	1.0698	0.7606
241	1.0823	0.7713
242	1.0943	0.7815
243	1.063	0.756
244	1.061	0.7555
245	1.0648	0.7607
246	1.0601	0.7601
247	1.0538	0.7486
248	1.0553	0.7513
249	1.0565	0.7503
250	1.0471	0.7444
251	1.0451	0.7425
252	1.0578	0.7555
253	1.0637	0.7622
254	1.0332	0.7351
255	1.0426	0.7433
256	1.0386	0.7382
257	1.0391	0.7388
258	1.047	0.7523
259	1.0198	0.7216
260	1.024	0.7298
261	1.0216	0.7235
262	1.0283	0.7327
263	1.0123	0.7174
264	1.0468	0.7497
265	1.014	0.7198
266	1.0166	0.7212
267	1.0057	0.7135
268	1.0073	0.7157
269	1.0212	0.7283
270	1.0153	0.7242
271	1.0001	0.7086
272	0.9928	0.7034
273	1.0027	0.7096
274	0.9902	0.7008
275	0.9864	0.6943
276	0.9851	0.6974
277	0.9877	0.6994
278	1.0017	0.7165
279	0.9866	0.698
280	0.9775	0.6901
281	0.9796	0.6913
282	0.9881	0.6992
283	0.9792	0.695
284	0.9873	0.6982
285	0.9747	0.6867
286	0.9707	0.6849
287	0.9664	0.6808
288	0.9684	0.6835
289	0.9633	0.6791
290	0.9617	0.6781
291	0.9621	0.6778
292	0.9595	0.6716
293	0.9636	0.6815
294	0.9574	0.671
295	0.9558	0.6757
296	0.9548	0.6725
297	0.972	0.6898
298	0.9629	0.6834
299	0.9869	0.7022
300	0.9554	0.6742
301	0.9489	0.6692
302	0.9439	0.6644
303	0.9505	0.6711
304	0.9408	0.6607
305	0.9509	0.6704
306	0.9429	0.6659
307	0.94	0.6615
308	0.9437	0.6615
309	0.9352	0.6579
310	0.9382	0.6581
311	0.933	0.6514
312	0.932	0.6542
313	0.9297	0.6521
314	0.9323	0.654
315	0.9352	0.6611
316	0.9304	0.655
317	1.0076	0.7339
318	0.9837	0.7131
319	0.9495	0.6707
320	0.9737	0.6923
321	0.9287	0.6558
322	0.9289	0.6543
323	0.927	0.6509
324	0.9191	0.6469
325	0.936	0.6608
326	0.9117	0.6358
327	0.9131	0.6427
328	0.9142	0.6398
329	0.9097	0.6364
330	0.9146	0.6431
331	0.9198	0.6494
332	0.9092	0.6426
333	0.9004	0.6278
334	0.9022	0.6326
335	0.8983	0.6279
336	0.9086	0.6392
337	0.8949	0.6228
338	0.8964	0.6292
339	0.8961	0.6254
340	0.8969	0.6276
341	0.8935	0.6238
342	0.8987	0.6334
343	0.9117	0.6443
344	0.9203	0.6514
345	0.8884	0.6214
346	0.8845	0.6175
347	0.8822	0.6152
348	0.8817	0.613
349	0.8829	0.6175
350	0.898	0.6324
351	0.8835	0.6168
352	0.8788	0.6147
353	0.9137	0.6551
354	0.8897	0.6272
355	0.8866	0.6213
356	0.8781	0.6129
357	0.8812	0.618
358	0.885	0.6252
359	0.8811	0.6225
360	0.8716	0.6096
361	0.8689	0.6092
362	0.8653	0.6031
363	0.8775	0.6173
364	0.8688	0.606
365	0.8627	0.5995
366	0.8877	0.6292
367	0.8748	0.6108
368	0.875	0.6122
369	0.8721	0.612
370	0.8555	0.5962
371	0.8533	0.5944
372	0.8701	0.6128
373	0.85	0.5916
374	0.8511	0.5962
375	0.8524	0.5929
376	0.8591	0.6009
377	0.8482	0.5915
378	0.8559	0.5981
379	0.8578	0.606
380	0.8632	0.6032
381	0.8503	0.5933
382	0.8486	0.5901
383	0.8463	0.5892
384	0.8641	0.6086
385	0.8428	0.5892
386	0.8574	0.6069
387	0.8473	0.5948
388	0.8711	0.6193
389	0.8398	0.5848
390	0.8453	0.589
391	0.845	0.5909
392	0.8432	0.5882
393	0.8339	0.5821
394	0.8372	0.5825
395	0.8476	0.5914
396	0.8384	0.5911
397	0.8398	0.5865
398	0.8388	0.5877
399	0.8297	0.575
400	0.8308	0.5788
401	0.8285	0.5758
402	0.827	0.5779
403	0.8388	0.5868
404	0.8333	0.5795
405	0.8396	0.5864
406	0.8284	0.5782
407	0.8278	0.5785
408	0.8295	0.5776
409	0.8326	0.5808
410	0.8644	0.6155
411	0.8701	0.6208
412	0.8325	0.5814
413	0.815	0.565
414	0.8246	0.5815
415	0.8201	0.5713
416	0.8195	0.5705
417	0.8111	0.5609
418	0.8126	0.5652
419	0.8108	0.5626
420	0.803	0.554
421	0.8299	0.5873
422	0.8082	0.5653
423	0.8054	0.56
424	0.81	0.5678
425	0.8132	0.5677
426	0.8016	0.5555
427	0.8112	0.5638
428	0.8127	0.5689
429	0.8382	0.5898
430	0.8114	0.5644
431	0.833	0.5852
432	0.8678	0.6196
433	0.8123	0.573
434	0.8254	0.5829
435	0.8061	0.5605
436	0.792	0.5454
437	0.7875	0.5457
438	0.8178	0.5793
439	0.8072	0.5651
440	0.7951	0.5489
441	0.786	0.543
442	0.7965	0.5533
443	0.7973	0.5538
444	0.7869	0.5442
445	0.7861	0.5413
446	0.7819	0.5391
447	0.7842	0.5412
448	0.7835	0.543
449	0.7799	0.5378
450	0.8173	0.5804
451	0.7811	0.546
452	0.7787	0.5398
453	0.8072	0.5708
454	0.7758	0.5343
455	0.7795	0.5398
456	0.7832	0.5419
457	0.795	0.5601
458	0.8081	0.5707
459	0.781	0.5436
460	0.7824	0.543
461	0.8126	0.5781
462	0.7816	0.5425
463	0.776	0.5377
464	0.7773	0.539
465	0.7704	0.5317
466	0.7741	0.5397
467	0.7904	0.5606
468	0.7767	0.5429
469	0.7674	0.532
470	0.7787	0.5437
471	0.774	0.5404
472	0.7795	0.5464
473	0.7805	0.5466
474	0.7899	0.5525
475	0.7711	0.5363
476	0.7734	0.5359
477	0.7616	0.5265
478	0.7727	0.5368
479	0.7901	0.5557
480	0.7861	0.5502
481	0.7628	0.5268
482	0.7652	0.5322
483	0.8076	0.5752
484	0.7847	0.5513
485	0.7678	0.5404
486	0.7881	0.5576
487	0.7653	0.5335
488	0.7546	0.5184
489	0.7993	0.5672
490	0.7713	0.5395
491	0.7753	0.5473
492	0.754	0.5257
493	0.7609	0.5277
494	0.7853	0.5549
495	0.7526	0.5237
496	0.7777	0.5479
497	0.7784	0.5493
498	0.7715	0.5414
499	0.752	0.519
500	0.753	0.5224
501	0.7504	0.5158
502	0.7512	0.5182
503	0.7499	0.5188
504	0.7435	0.5148
505	0.7455	0.5182
506	0.7424	0.5135
507	0.7425	0.5144
508	0.7432	0.516
509	0.7385	0.5114
510	0.7352	0.5088
511	0.7318	0.5023
512	0.7495	0.5249
513	0.7706	0.5456
514	0.7442	0.518
515	0.733	0.5057
516	0.7334	0.5065
517	0.727	0.5024
518	0.7363	0.5109
519	0.7344	0.5096
520	0.7291	0.5022
521	0.729	0.5022
522	0.7345	0.5091
523	0.7382	0.5156
524	0.7496	0.5274
525	0.7295	0.5055
526	0.7311	0.5058
527	0.7228	0.4984
528	0.7396	0.519
529	0.7303	0.5076
530	0.7228	0.4997
531	0.72	0.4989
532	0.721	0.4996
533	0.7246	0.5003
534	0.7256	0.5088
535	0.7299	0.5097
536	0.7251	0.5033
537	0.7167	0.4962
538	0.7226	0.5012
539	0.7405	0.5195
540	0.743	0.5284
541	0.7203	0.4992
542	0.7149	0.4923
543	0.716	0.4927
544	0.7102	0.4908
545	0.7198	0.4989
546	0.7149	0.492
547	0.739	0.5151
548	0.7083	0.4865
549	0.7121	0.494
550	0.7237	0.5063
551	0.7386	0.5204
552	0.7135	0.4942
553	0.7177	0.5001
554	0.7277	0.5137
555	0.7167	0.4999
556	0.729	0.5116
557	0.7161	0.4974
558	0.702	0.482
559	0.7061	0.4923
560	0.699	0.4819
561	0.7082	0.4893
562	0.715	0.4956
563	0.7123	0.5002
564	0.7266	0.5145
565	0.7597	0.5523
566	0.7135	0.496
567	0.7034	0.4868
568	0.7067	0.4874
569	0.704	0.4844
570	0.6967	0.48
571	0.704	0.4903
572	0.7207	0.5061
573	0.7083	0.495
574	0.7044	0.491
575	0.6996	0.483
576	0.7012	0.4832
577	0.6944	0.4801
578	0.6956	0.4831
579	0.6969	0.4815
580	0.6907	0.478
581	0.6895	0.4764
582	0.6981	0.4852
583	0.6868	0.47
584	0.6915	0.4784
585	0.6924	0.4778
586	0.6893	0.4743
587	0.7046	0.4907
588	0.6918	0.4799
589	0.6883	0.4789
590	0.6881	0.4781
591	0.7007	0.4927
592	0.6848	0.4739
593	0.6844	0.4724
594	0.7033	0.4902
595	0.691	0.4787
596	0.6891	0.4788
597	0.6831	0.4735
598	0.6902	0.4763
599	0.6796	0.4707
600	0.6876	0.4789
601	0.7007	0.4929
602	0.6783	0.4677
603	0.6793	0.4704
604	0.6967	0.4856
605	0.6748	0.4655
606	0.6886	0.4802
607	0.6729	0.4647
608	0.6737	0.4632
609	0.6901	0.4819
610	0.6871	0.4785
611	0.6726	0.4667
612	0.6763	0.4692
613	0.6841	0.4802
614	0.7268	0.5223
615	0.6825	0.4709
616	0.6699	0.4622
617	0.6809	0.474
618	0.6792	0.4765
619	0.6994	0.4934
620	0.6698	0.4628
621	0.6682	0.4596
622	0.681	0.4695
623	0.676	0.4674
624	0.6707	0.4635
625	0.6674	0.4597
626	0.6648	0.4571
627	0.6659	0.459
628	0.6734	0.4672
629	0.6905	0.4856
630	0.6723	0.466
631	0.6895	0.4846
632	0.6813	0.4769
633	0.6821	0.4767
634	0.6746	0.471
635	0.6615	0.4523
636	0.6793	0.4828
637	0.6668	0.4617
638	0.6595	0.4572
639	0.6613	0.4556
640	0.6583	0.4519
641	0.6743	0.4684
642	0.6577	0.4524
643	0.6546	0.4496
644	0.6589	0.4558
645	0.6539	0.4495
646	0.6642	0.4648
647	0.6565	0.4525
648	0.6639	0.464
649	0.6546	0.4513
650	0.6581	0.457
651	0.65	0.4479
652	0.6525	0.4496
653	0.6582	0.4555
654	0.6625	0.457
655	0.6483	0.4459
656	0.6466	0.4454
657	0.6557	0.4557
658	0.6455	0.4427
659	0.6466	0.4444
660	0.6594	0.4633
661	0.6621	0.4662
662	0.6486	0.4491
663	0.6535	0.4524
664	0.6686	0.4685
665	0.6553	0.453
666	0.6908	0.4917
667	0.6482	0.447
668	0.6648	0.4621
669	0.6467	0.4449
670	0.6414	0.4428
671	0.6689	0.4723
672	0.6391	0.4375
673	0.6569	0.4521
674	0.6492	0.4471
675	0.6501	0.451
676	0.6389	0.4418
677	0.6506	0.4516
678	0.6445	0.4479
679	0.646	0.4502
680	0.6496	0.4538
681	0.6331	0.4323
682	0.6392	0.442
683	0.6379	0.4416
684	0.6543	0.4623
685	0.6493	0.4558
686	0.6374	0.4411
687	0.641	0.4408
688	0.6645	0.4677
689	0.6567	0.4557
690	0.6615	0.4614
691	0.6467	0.4483
692	0.6546	0.4545
693	0.6402	0.4438
694	0.6331	0.4376
695	0.6341	0.4397
696	0.6396	0.445
697	0.6598	0.4647
698	0.6359	0.4394
699	0.6605	0.4641
700	0.6436	0.4456
701	0.6415	0.4435
702	0.6389	0.4426
703	0.6277	0.4335
704	0.6267	0.4293
705	0.6418	0.4468
706	0.6302	0.4391
707	0.6332	0.4392
708	0.628	0.4355
709	0.6212	0.4272
710	0.6171	0.4216
711	0.6547	0.4619
712	0.6424	0.4458
713	0.6184	0.4241
714	0.6263	0.4324
715	0.6203	0.4268
716	0.6234	0.4316
717	0.618	0.4264
718	0.6237	0.4302
719	0.6247	0.4329
720	0.6884	0.5034
721	0.6587	0.4738
722	0.6448	0.4578
723	0.626	0.4342
724	0.6204	0.4267
725	0.6189	0.426
726	0.6206	0.4296
727	0.6172	0.424
728	0.6295	0.4369
729	0.6216	0.429
730	0.6313	0.4385
731	0.6278	0.4369
732	0.6162	0.4281
733	0.6104	0.419
734	0.6148	0.4226
735	0.6125	0.421
736	0.6132	0.424
737	0.6231	0.4291
738	0.609	0.4162
739	0.6058	0.4156
740	0.6066	0.4175
741	0.6107	0.423
742	0.6271	0.4448
743	0.6265	0.4409
744	0.6088	0.4212
745	0.6228	0.4319
746	0.6179	0.4268
747	0.6285	0.4384
748	0.6169	0.4281
749	0.6034	0.4201
750	0.6195	0.4367
751	0.6128	0.425
752	0.6234	0.4392
753	0.6215	0.4387
754	0.6006	0.4145
755	0.608	0.4243
756	0.6165	0.4297
757	0.6216	0.4381
758	0.6017	0.4167
759	0.6047	0.4195
760	0.5975	0.4103
761	0.5959	0.4081
762	0.6019	0.4168
763	0.6026	0.4198
764	0.5992	0.413
765	0.6045	0.4168
766	0.603	0.4145
767	0.6062	0.4214
768	0.6058	0.4231
769	0.6111	0.4303
770	0.5913	0.4041
771	0.5943	0.4075
772	0.6028	0.4179
773	0.5961	0.4124
774	0.5959	0.4112
775	0.5952	0.4098
776	0.6128	0.4277
777	0.593	0.4059
778	0.5948	0.409
779	0.5921	0.4099
780	0.5908	0.4089
781	0.5965	0.4161
782	0.5889	0.4021
783	0.5949	0.4126
784	0.5874	0.4032
785	0.6167	0.4371
786	0.6086	0.4255
787	0.6153	0.435
788	0.6015	0.4237
789	0.6353	0.4595
790	0.6217	0.4449
791	0.5992	0.4193
792	0.6069	0.4255
793	0.597	0.4216
794	0.6016	0.4225
795	0.5983	0.4172
796	0.5883	0.4062
797	0.5835	0.4024
798	0.5908	0.4151
799	0.5818	0.4011
800	0.5854	0.4043
801	0.5828	0.4017
802	0.5957	0.4158
803	0.582	0.4012
804	0.598	0.4145
805	0.5856	0.4028
806	0.5809	0.4025
807	0.5765	0.3972
808	0.5779	0.3954
809	0.5781	0.3979
810	0.5884	0.4107
811	0.58	0.3991
812	0.5909	0.4134
813	0.5902	0.4135
814	0.6035	0.4278
815	0.6066	0.429
816	0.5791	0.4008
817	0.5747	0.3974
818	0.5905	0.4078
819	0.5877	0.4054
820	0.5764	0.3987
821	0.5708	0.3906
822	0.5777	0.4007
823	0.5843	0.4043
824	0.5755	0.3974
825	0.5981	0.4259
826	0.5711	0.3913
827	0.571	0.3942
828	0.5682	0.3898
829	0.5757	0.4019
830	0.5671	0.3918
831	0.6189	0.4425
832	0.5848	0.4064
833	0.5793	0.3997
834	0.5788	0.4016
835	0.5844	0.406
836	0.5773	0.4006
837	0.5909	0.4159
838	0.5984	0.4204
839	0.5953	0.4179
840	0.6039	0.4356
841	0.5786	0.4066
842	0.6169	0.4478
843	0.5691	0.3881
844	0.5711	0.3949
845	0.5624	0.3841
846	0.5817	0.4072
847	0.5759	0.4018
848	0.5687	0.3947
849	0.5858	0.4165
850	0.5643	0.3895
851	0.5701	0.3969
852	0.6055	0.4371
853	0.5945	0.4258
854	0.5938	0.4222
855	0.5807	0.4089
856	0.563	0.3901
857	0.5874	0.4157
858	0.5666	0.3947
859	0.5633	0.3879
860	0.565	0.3875
861	0.5597	0.3825
862	0.5699	0.3929
863	0.5839	0.4065
864	0.5613	0.3866
865	0.5875	0.4165
866	0.5596	0.3863
867	0.5734	0.3999
868	0.5703	0.3962
869	0.557	0.3831
870	0.5564	0.3834
871	0.559	0.3877
872	0.5516	0.3762
873	0.5729	0.3984
874	0.5613	0.3866
875	0.5689	0.401
876	0.5708	0.4036
877	0.5566	0.3856
878	0.5608	0.388
879	0.558	0.387
880	0.5618	0.3887
881	0.5526	0.3794
882	0.5555	0.3845
883	0.5472	0.3754
884	0.5743	0.4068
885	0.553	0.3838
886	0.5508	0.3815
887	0.556	0.3869
888	0.5462	0.372
889	0.5807	0.4101
890	0.605	0.4355
891	0.6089	0.4388
892	0.5948	0.4256
893	0.5816	0.4092
894	0.5503	0.3781
895	0.5533	0.3822
896	0.5545	0.3805
897	0.5445	0.3746
898	0.5689	0.4045
899	0.5703	0.4025
900	0.5514	0.3798
901	0.5589	0.3857
902	0.5528	0.3862
903	0.5819	0.4176
904	0.5483	0.381
905	0.5504	0.3797
906	0.5444	0.3737
907	0.5606	0.391
908	0.5594	0.3883
909	0.5417	0.3739
910	0.548	0.3801
911	0.5494	0.3776
912	0.5817	0.4129
913	0.5484	0.378
914	0.5427	0.3735
915	0.5493	0.384
916	0.5362	0.365
917	0.5505	0.3816
918	0.5513	0.3812
919	0.5472	0.3748
920	0.5368	0.3656
921	0.5373	0.3654
922	0.5545	0.3907
923	0.5359	0.3671
924	0.5369	0.3657
925	0.5515	0.391
926	0.5363	0.3665
927	0.5476	0.38
928	0.5394	0.374
929	0.5523	0.3896
930	0.5364	0.3661
931	0.5711	0.4027
932	0.5389	0.3684
933	0.5741	0.4102
934	0.546	0.3801
935	0.538	0.3707
936	0.5357	0.3663
937	0.5522	0.3844
938	0.5384	0.3738
939	0.5501	0.3827
940	0.5519	0.3889
941	0.5321	0.3652
942	0.5323	0.3648
943	0.5338	0.3678
944	0.5417	0.3792
945	0.5412	0.3758
946	0.5336	0.369
947	0.5307	0.3607
948	0.5365	0.3763
949	0.5472	0.3829
950	0.5371	0.3701
951	0.5407	0.3709
952	0.5339	0.3677
953	0.5375	0.3729
954	0.5457	0.3798
955	0.5315	0.3625
956	0.5302	0.3625
957	0.5377	0.3737
958	0.5314	0.3701
959	0.5388	0.3759
960	0.5553	0.3953
961	0.5327	0.3655
962	0.6215	0.4629
963	0.5527	0.3851
964	0.5268	0.3611
965	0.5257	0.3626
966	0.5336	0.3714
967	0.5331	0.3686
968	0.5322	0.3659
969	0.5263	0.3604
970	0.5436	0.3861
971	0.539	0.3789
972	0.5242	0.36
973	0.5322	0.3651
974	0.5324	0.3678
975	0.5243	0.3569
976	0.5256	0.3601
977	0.5416	0.375
978	0.5264	0.3632
979	0.5336	0.375
980	0.5289	0.3669
981	0.5227	0.3602
982	0.5288	0.3664
983	0.5192	0.3529
984	0.5165	0.3498
985	0.5286	0.3636
986	0.5438	0.3808
987	0.5242	0.3624
988	0.5216	0.3609
989	0.5315	0.3681
990	0.5351	0.3715
991	0.5361	0.369
992	0.5202	0.3567
993	0.5203	0.359
994	0.5294	0.367
995	0.5767	0.4228
996	0.5368	0.3789
997	0.5394	0.3763
998	0.5191	0.3534
999	0.525	0.3599
1000	0.5145	0.3509
1001	0.519	0.3555
1002	0.5307	0.3663
1003	0.5264	0.3625
1004	0.5138	0.3499
1005	0.5313	0.3715
1006	0.571	0.4135
1007	0.5343	0.3766
1008	0.5162	0.3524
1009	0.517	0.352
1010	0.5176	0.3532
1011	0.5183	0.3566
1012	0.5171	0.3548
1013	0.5111	0.3471
1014	0.5121	0.3494
1015	0.5484	0.3944
1016	0.5646	0.4104
1017	0.5375	0.3771
1018	0.5207	0.3608
1019	0.5161	0.3538
1020	0.5176	0.3546
1021	0.5232	0.3633
1022	0.514	0.3536
1023	0.5184	0.3558
1024	0.5145	0.3536
1025	0.5283	0.3682
1026	0.5079	0.3481
1027	0.5114	0.349
1028	0.5269	0.3702
1029	0.5118	0.3503
1030	0.5277	0.3719
1031	0.5124	0.3517
1032	0.5097	0.3471
1033	0.5655	0.4074
1034	0.5146	0.3525
1035	0.5082	0.3478
1036	0.5191	0.363
1037	0.5088	0.3482
1038	0.5091	0.3473
1039	0.5425	0.3871
1040	0.5477	0.3942
1041	0.5418	0.3887
1042	0.5104	0.3456
1043	0.5096	0.3483
1044	0.5037	0.3446
1045	0.5197	0.363
1046	0.5429	0.387
1047	0.5084	0.3473
1048	0.506	0.3442
1049	0.502	0.3413
1050	0.5121	0.3511
1051	0.5157	0.3529
1052	0.5096	0.3485
1053	0.5301	0.3779
1054	0.5313	0.3742
1055	0.5523	0.4039
1056	0.5449	0.3929
1057	0.5577	0.4048
1058	0.5359	0.3855
1059	0.515	0.3585
1060	0.5538	0.4028
1061	0.5195	0.3646
1062	0.5029	0.3435
1063	0.4991	0.3372
1064	0.5187	0.364
1065	0.511	0.3537
1066	0.508	0.3526
1067	0.4969	0.3361
1068	0.5045	0.3432
1069	0.5149	0.3546
1070	0.5066	0.3471
1071	0.5118	0.3508
1072	0.5042	0.3454
1073	0.4978	0.3396
1074	0.5138	0.3536
1075	0.5199	0.3609
1076	0.5062	0.3469
1077	0.5001	0.3401
1078	0.5052	0.3456
1079	0.5086	0.3532
1080	0.508	0.3493
1081	0.4977	0.3372
1082	0.4973	0.3384
1083	0.5047	0.3463
1084	0.4962	0.3388
1085	0.5042	0.3446
1086	0.4949	0.3372
1087	0.5006	0.3439
1088	0.5004	0.3433
1089	0.509	0.3541
1090	0.5036	0.3476
1091	0.5506	0.4055
1092	0.5229	0.3723
1093	0.4983	0.3434
1094	0.5112	0.3595
1095	0.5078	0.3539
1096	0.4947	0.3374
1097	0.5132	0.357
1098	0.5028	0.3478
1099	0.4921	0.3297
1100	0.5038	0.3469
1101	0.4983	0.3418
1102	0.4936	0.3367
1103	0.4967	0.338
1104	0.4924	0.3344
1105	0.5068	0.3482
1106	0.5021	0.3444
1107	0.5078	0.3501
1108	0.4963	0.3397
1109	0.4959	0.3387
1110	0.4916	0.337
1111	0.5029	0.3454
1112	0.5058	0.3501
1113	0.5255	0.3724
1114	0.497	0.3418
1115	0.4972	0.3403
1116	0.4942	0.34
1117	0.4995	0.3464
1118	0.4875	0.3304
1119	0.4973	0.3402
1120	0.4921	0.3408
1121	0.4841	0.3274
1122	0.4944	0.3375
1123	0.5068	0.35
1124	0.4952	0.3401
1125	0.5077	0.3506
1126	0.4919	0.3361
1127	0.5164	0.3622
1128	0.5242	0.3706
1129	0.5055	0.3503
1130	0.492	0.3376
1131	0.4888	0.3324
1132	0.4991	0.3469
1133	0.4887	0.3354
1134	0.4882	0.3327
1135	0.505	0.3529
1136	0.5014	0.3493
1137	0.4858	0.333
1138	0.4922	0.3401
1139	0.4883	0.3332
1140	0.4889	0.334
1141	0.4835	0.3301
1142	0.4936	0.3392
1143	0.488	0.3363
1144	0.4812	0.3252
1145	0.4805	0.325
1146	0.4994	0.3497
1147	0.511	0.3633
1148	0.4815	0.3295
1149	0.4974	0.3444
1150	0.4884	0.334
1151	0.4867	0.3323
1152	0.4895	0.3388
1153	0.5048	0.3572
1154	0.4798	0.3249
1155	0.4844	0.3296
1156	0.516	0.3646
1157	0.4913	0.3381
1158	0.4917	0.339
1159	0.4899	0.3394
1160	0.4958	0.3414
1161	0.4984	0.3459
1162	0.4896	0.3338
1163	0.5163	0.3734
1164	0.5074	0.3597
1165	0.505	0.3585
1166	0.4915	0.3422
1167	0.4737	0.3177
1168	0.479	0.3242
1169	0.4793	0.3241
1170	0.4761	0.3231
1171	0.4839	0.3301
1172	0.478	0.3258
1173	0.5059	0.3585
1174	0.4771	0.3218
1175	0.4794	0.3253
1176	0.4798	0.3248
1177	0.4999	0.3488
1178	0.4853	0.3284
1179	0.4953	0.3477
1180	0.4831	0.332
1181	0.4783	0.3262
1182	0.4854	0.333
1183	0.5203	0.378
1184	0.4976	0.3511
1185	0.4929	0.3412
1186	0.4777	0.326
1187	0.502	0.3499
1188	0.4916	0.3382
1189	0.4823	0.3302
1190	0.4802	0.3322
1191	0.4837	0.3339
1192	0.5139	0.3645
1193	0.5342	0.3914
1194	0.485	0.3364
1195	0.4726	0.3199
1196	0.4858	0.3336
1197	0.4931	0.3409
1198	0.4964	0.3484
1199	0.4836	0.3336
1200	0.4761	0.324
1201	0.4701	0.3177
1202	0.4829	0.3353
1203	0.4768	0.3251
1204	0.4839	0.3312
1205	0.4687	0.3196
1206	0.4775	0.3265
1207	0.4761	0.3247
1208	0.4986	0.3542
1209	0.4938	0.3452
1210	0.4855	0.334
1211	0.4736	0.3244
1212	0.4711	0.3202
1213	0.4768	0.3265
1214	0.4747	0.3227
1215	0.4909	0.3379
1216	0.4683	0.3181
1217	0.4749	0.3294
1218	0.4802	0.3327
1219	0.4655	0.3169
1220	0.4725	0.3217
1221	0.4797	0.3339
1222	0.4776	0.3304
1223	0.4684	0.3177
1224	0.4948	0.3541
1225	0.4801	0.3356
1226	0.4674	0.317
1227	0.4781	0.3288
1228	0.4675	0.3165
1229	0.4718	0.3223
1230	0.4663	0.3193
1231	0.4814	0.3329
1232	0.4834	0.3346
1233	0.5175	0.3693
1234	0.5043	0.3568
1235	0.4699	0.3189
1236	0.4687	0.3195
1237	0.4687	0.3182
1238	0.474	0.3235
1239	0.475	0.327
1240	0.4704	0.3236
1241	0.4671	0.3192
1242	0.4681	0.3208
1243	0.4627	0.3163
1244	0.4712	0.3269
1245	0.4685	0.3223
1246	0.4676	0.3204
1247	0.4932	0.3471
1248	0.5152	0.3715
1249	0.4651	0.3154
1250	0.462	0.3117
1251	0.4934	0.3459
1252	0.4645	0.3139
1253	0.4698	0.3233
1254	0.4739	0.331
1255	0.4928	0.3456
1256	0.481	0.3364
1257	0.4675	0.3213
1258	0.4584	0.3118
1259	0.466	0.3173
1260	0.4672	0.3256
1261	0.4626	0.3123
1262	0.4555	0.3099
1263	0.4669	0.3193
1264	0.4791	0.3316
1265	0.5099	0.3703
1266	0.4751	0.334
1267	0.465	0.3169
1268	0.4623	0.3162
1269	0.4887	0.343
1270	0.4659	0.3197
1271	0.4865	0.3445
1272	0.476	0.3311
1273	0.4547	0.3065
1274	0.4559	0.309
1275	0.4704	0.3222
1276	0.4655	0.321
1277	0.4638	0.3174
1278	0.4629	0.3154
1279	0.4857	0.3391
1280	0.4614	0.3134
1281	0.4633	0.3165
1282	0.4561	0.3083
1283	0.4633	0.3171
1284	0.4599	0.3136
1285	0.4563	0.3108
1286	0.4776	0.3345
1287	0.4661	0.3208
1288	0.4712	0.3267
1289	0.4748	0.3298
1290	0.4818	0.3352
1291	0.4772	0.3309
1292	0.4549	0.3079
1293	0.4589	0.3138
1294	0.4558	0.3111
1295	0.4657	0.3206
1296	0.4991	0.3583
1297	0.4991	0.3622
1298	0.4768	0.3365
1299	0.4741	0.3356
1300	0.4514	0.3035
1301	0.4526	0.3073
1302	0.4574	0.3145
1303	0.4542	0.3103
1304	0.4637	0.3218
1305	0.4547	0.3094
1306	0.4884	0.3432
1307	0.4684	0.325
1308	0.4533	0.3081
1309	0.4567	0.3122
1310	0.4916	0.3591
1311	0.4794	0.3401
1312	0.4608	0.3177
1313	0.4715	0.3263
1314	0.489	0.3456
1315	0.4514	0.3085
1316	0.4591	0.3164
1317	0.4518	0.3064
1318	0.4539	0.3094
1319	0.4548	0.3104
1320	0.4534	0.3095
1321	0.4498	0.3042
1322	0.4672	0.3223
1323	0.4739	0.3311
1324	0.4471	0.3005
1325	0.4614	0.3186
1326	0.4648	0.3244
1327	0.451	0.3094
1328	0.4454	0.3005
1329	0.4503	0.3076
1330	0.4491	0.3055
1331	0.4622	0.3185
1332	0.4509	0.3063
1333	0.4722	0.3363
1334	0.4527	0.3093
1335	0.4529	0.3095
1336	0.4512	0.3068
1337	0.4693	0.3316
1338	0.4528	0.3101
1339	0.4632	0.3196
1340	0.4603	0.3168
1341	0.4449	0.3016
1342	0.4485	0.3072
1343	0.4643	0.3263
1344	0.4638	0.324
1345	0.4481	0.3063
1346	0.4551	0.3116
1347	0.4577	0.3164
1348	0.469	0.3296
1349	0.4499	0.3077
1350	0.454	0.3086
1351	0.447	0.3025
1352	0.446	0.3052
1353	0.4505	0.3091
1354	0.4653	0.3224
1355	0.489	0.3495
1356	0.48	0.3397
1357	0.4447	0.3011
1358	0.4539	0.3123
1359	0.4668	0.3267
1360	0.449	0.3069
1361	0.4472	0.3056
1362	0.4778	0.3365
1363	0.511	0.3715
1364	0.4683	0.3275
1365	0.4498	0.3036
1366	0.4539	0.3117
1367	0.4531	0.3114
1368	0.4416	0.2982
1369	0.4544	0.31
1370	0.4463	0.3026
1371	0.4421	0.3
1372	0.4547	0.3166
1373	0.4761	0.3373
1374	0.4754	0.3408
1375	0.4848	0.3467
1376	0.4551	0.3174
1377	0.4638	0.3229
1378	0.4507	0.3076
1379	0.4525	0.3115
1380	0.4524	0.3127
1381	0.4726	0.338
1382	0.4391	0.2972
1383	0.45	0.3096
1384	0.4499	0.308
1385	0.4385	0.2971
1386	0.4475	0.3054
1387	0.4754	0.3365
1388	0.4783	0.3391
1389	0.4669	0.3248
1390	0.4487	0.3083
1391	0.4464	0.3049
1392	0.4444	0.3033
1393	0.4423	0.3034
1394	0.4566	0.3151
1395	0.453	0.3151
1396	0.4499	0.3095
1397	0.4416	0.3007
1398	0.4402	0.3
1399	0.4406	0.3002
1400	0.4388	0.2977
1401	0.4422	0.2989
1402	0.4399	0.2996
1403	0.4505	0.3135
1404	0.4519	0.315
1405	0.4397	0.298
1406	0.4405	0.3017
1407	0.4529	0.3141
1408	0.4353	0.2922
1409	0.4406	0.3007
1410	0.4366	0.2947
1411	0.4366	0.2969
1412	0.4382	0.2993
1413	0.4381	0.2964
1414	0.4633	0.3266
1415	0.4381	0.2963
1416	0.4476	0.3085
1417	0.4518	0.3108
1418	0.455	0.3145
1419	0.4475	0.3076
1420	0.4529	0.3111
1421	0.4412	0.3009
1422	0.4498	0.3127
1423	0.4499	0.3132
1424	0.438	0.2995
1425	0.4406	0.3005
1426	0.4444	0.3053
1427	0.4385	0.2997
1428	0.4467	0.3105
1429	0.4416	0.3018
1430	0.4465	0.3076
1431	0.4437	0.3055
1432	0.4421	0.3026
1433	0.431	0.2915
1434	0.4435	0.304
1435	0.448	0.3129
1436	0.4866	0.3546
1437	0.4554	0.3159
1438	0.4517	0.3143
1439	0.474	0.3449
1440	0.4536	0.3163
1441	0.4357	0.2961
1442	0.4494	0.312
1443	0.4361	0.297
1444	0.4392	0.3025
1445	0.4811	0.3518
1446	0.4422	0.3067
1447	0.4353	0.294
1448	0.4294	0.2906
1449	0.4336	0.2945
1450	0.4333	0.293
1451	0.4313	0.2923
1452	0.4399	0.304
1453	0.4309	0.2929
1454	0.4353	0.2985
1455	0.4421	0.3058
1456	0.4297	0.2906
1457	0.4336	0.2965
1458	0.4276	0.2891
1459	0.4367	0.2995
1460	0.4411	0.3015
1461	0.4459	0.3086
1462	0.4364	0.2982
1463	0.4334	0.296
1464	0.441	0.3048
1465	0.4561	0.3225
1466	0.4353	0.299
1467	0.4287	0.2915
1468	0.4331	0.297
1469	0.447	0.3101
1470	0.4354	0.2976
1471	0.4277	0.2888
1472	0.4322	0.2927
1473	0.4369	0.3004
1474	0.4308	0.2934
1475	0.4495	0.313
1476	0.4423	0.3019
1477	0.4264	0.2902
1478	0.4259	0.2871
1479	0.4233	0.2855
1480	0.4372	0.3027
1481	0.4397	0.306
1482	0.4286	0.2926
1483	0.4388	0.3052
1484	0.4322	0.2951
1485	0.4335	0.296
1486	0.4248	0.2873
1487	0.4275	0.2889
1488	0.4627	0.3343
1489	0.4273	0.2908
1490	0.4362	0.2993
1491	0.4561	0.3231
1492	0.4464	0.3132
1493	0.4439	0.3106
1494	0.4396	0.302
1495	0.4556	0.3205
1496	0.4301	0.2931
1497	0.4545	0.3223
1498	0.438	0.3026
1499	0.4345	0.2969
1500	0.4251	0.2882
1501	0.4188	0.2831
1502	0.4134	0.2763
1503	0.4118	0.2739
1504	0.413	0.2746
1505	0.4132	0.2748
1506	0.4102	0.2715
1507	0.4125	0.2752
1508	0.412	0.2747
1509	0.4098	0.2716
1510	0.4099	0.2713
1511	0.4094	0.2711
1512	0.4081	0.2701
1513	0.4084	0.2703
1514	0.4089	0.2705
1515	0.4079	0.2696
1516	0.4073	0.2694
1517	0.4088	0.2709
1518	0.411	0.2735
1519	0.4079	0.2699
1520	0.4082	0.27
1521	0.4081	0.27
1522	0.4083	0.2707
1523	0.4073	0.2701
1524	0.4077	0.2701
1525	0.4077	0.2699
1526	0.4063	0.2683
1527	0.4058	0.2679
1528	0.4064	0.2688
1529	0.4063	0.2689
1530	0.4057	0.2683
1531	0.4058	0.268
1532	0.4078	0.2704
1533	0.4059	0.2685
1534	0.4053	0.2675
1535	0.4062	0.2686
1536	0.4055	0.268
1537	0.4093	0.2729
1538	0.4081	0.2717
1539	0.4047	0.2672
1540	0.4069	0.2699
1541	0.4058	0.2678
1542	0.4057	0.2681
1543	0.4069	0.2698
1544	0.4069	0.2695
1545	0.4061	0.2694
1546	0.4067	0.2701
1547	0.4063	0.27
1548	0.4053	0.2689
1549	0.4056	0.2689
1550	0.4035	0.2657
1551	0.4045	0.2669
1552	0.4053	0.2678
1553	0.4045	0.2667
1554	0.4058	0.2687
1555	0.4058	0.2682
1556	0.4061	0.2695
1557	0.4039	0.2667
1558	0.4035	0.2663
1559	0.4038	0.2665
1560	0.4034	0.2661
1561	0.4045	0.2674
1562	0.4061	0.2696
1563	0.4046	0.268
1564	0.4067	0.2715
1565	0.4031	0.2662
1566	0.4044	0.2672
1567	0.4036	0.2663
1568	0.4038	0.2668
1569	0.4045	0.2676
1570	0.4024	0.265
1571	0.4028	0.2655
1572	0.4045	0.2676
1573	0.4035	0.2665
1574	0.4046	0.2674
1575	0.4037	0.2654
1576	0.4033	0.2657
1577	0.4015	0.2633
1578	0.4026	0.2646
1579	0.4049	0.2676
1580	0.4059	0.2692
1581	0.4042	0.2677
1582	0.4037	0.2663
1583	0.4031	0.2663
1584	0.4021	0.2659
1585	0.4061	0.2696
1586	0.405	0.2679
1587	0.4025	0.2653
1588	0.4021	0.2647
1589	0.4034	0.2675
1590	0.4044	0.2686
1591	0.4036	0.266
1592	0.4046	0.2676
1593	0.4077	0.2709
1594	0.4113	0.2752
1595	0.403	0.2664
1596	0.4034	0.2672
1597	0.4039	0.2672
1598	0.4036	0.2681
1599	0.4023	0.2663
1600	0.4051	0.2686
1601	0.4034	0.2669
1602	0.4022	0.2663
1603	0.4015	0.2649
1604	0.4025	0.2649
1605	0.402	0.2648
1606	0.4015	0.2654
1607	0.404	0.2681
1608	0.4025	0.2665
1609	0.4024	0.2665
1610	0.4024	0.2664
1611	0.4027	0.2672
1612	0.4035	0.2678
1613	0.4019	0.2654
1614	0.4087	0.2742
1615	0.4035	0.2672
1616	0.4055	0.2705
1617	0.4111	0.2774
1618	0.4048	0.2692
1619	0.4032	0.2673
1620	0.4022	0.2656
1621	0.4031	0.266
1622	0.4024	0.2663
1623	0.4011	0.2649
1624	0.4021	0.2659
1625	0.401	0.2641
1626	0.4014	0.2643
1627	0.4014	0.2644
1628	0.4024	0.2661
1629	0.4014	0.2658
1630	0.4018	0.2665
1631	0.4044	0.2693
1632	0.4029	0.2672
1633	0.4022	0.2663
1634	0.4007	0.2645
1635	0.4042	0.2681
1636	0.4	0.263
1637	0.4016	0.2659
1638	0.3992	0.2627
1639	0.3997	0.2631
1640	0.3997	0.2631
1641	0.3995	0.2632
1642	0.3993	0.2635
1643	0.4	0.2644
1644	0.4038	0.2691
1645	0.4012	0.2653
1646	0.4008	0.264
1647	0.4	0.2631
1648	0.401	0.2644
1649	0.3993	0.2625
1650	0.401	0.2647
1651	0.4022	0.2676
1652	0.3989	0.2628
1653	0.4009	0.2649
1654	0.3989	0.2622
1655	0.4013	0.265
1656	0.4014	0.2651
1657	0.4012	0.2644
1658	0.4023	0.2661
1659	0.4043	0.2688
1660	0.401	0.2647
1661	0.4019	0.2655
1662	0.3992	0.2627
1663	0.4007	0.265
1664	0.3987	0.2626
1665	0.3988	0.2629
1666	0.3986	0.2625
1667	0.4004	0.2649
1668	0.3994	0.2632
1669	0.4006	0.2645
1670	0.3988	0.2617
1671	0.4002	0.2641
1672	0.3995	0.2637
1673	0.3982	0.2616
1674	0.3999	0.264
1675	0.398	0.2616
1676	0.3997	0.2639
1677	0.3985	0.2625
1678	0.3999	0.2643
1679	0.3986	0.2625
1680	0.4021	0.267
1681	0.3979	0.2615
1682	0.3997	0.2636
1683	0.4008	0.2655
1684	0.4004	0.2652
1685	0.4001	0.2643
1686	0.401	0.2657
1687	0.4023	0.2673
1688	0.3984	0.2629
1689	0.4008	0.2662
1690	0.4094	0.2767
1691	0.4054	0.2719
1692	0.3987	0.2629
1693	0.4051	0.2718
1694	0.4077	0.2741
1695	0.4016	0.2656
1696	0.3994	0.2631
1697	0.3989	0.2632
1698	0.4003	0.265
1699	0.402	0.2666
1700	0.3986	0.2622
1701	0.4016	0.2656
1702	0.4012	0.2655
1703	0.3988	0.2625
1704	0.3984	0.2624
1705	0.3967	0.2604
1706	0.4	0.2648
1707	0.3984	0.2622
1708	0.4015	0.2666
1709	0.3985	0.2632
1710	0.3995	0.265
1711	0.3987	0.264
1712	0.3986	0.2639
1713	0.3988	0.264
1714	0.3979	0.2621
1715	0.3978	0.2631
1716	0.3978	0.2616
1717	0.3976	0.2614
1718	0.3981	0.2627
1719	0.3961	0.2603
1720	0.3995	0.265
1721	0.3972	0.2616
1722	0.3967	0.261
1723	0.3991	0.2646
1724	0.3987	0.2632
1725	0.3983	0.2624
1726	0.3979	0.263
1727	0.3984	0.2635
1728	0.3974	0.2619
1729	0.3979	0.2625
1730	0.4004	0.2657
1731	0.3972	0.2626
1732	0.3972	0.2622
1733	0.3985	0.2636
1734	0.4	0.2646
1735	0.3985	0.2631
1736	0.3976	0.2623
1737	0.3974	0.2622
1738	0.3964	0.2605
1739	0.3967	0.2611
1740	0.3969	0.261
1741	0.3968	0.2607
1742	0.3958	0.2602
1743	0.3963	0.2613
1744	0.3961	0.2606
1745	0.3976	0.2623
1746	0.3984	0.2628
1747	0.3972	0.2612
1748	0.3999	0.2649
1749	0.3986	0.2638
1750	0.3983	0.2632
1751	0.3975	0.2626
1752	0.3976	0.2628
1753	0.3965	0.2603
1754	0.3975	0.262
1755	0.3971	0.2622
1756	0.3985	0.2644
1757	0.3974	0.2624
1758	0.4011	0.267
1759	0.4008	0.2668
1760	0.3967	0.2616
1761	0.3972	0.2629
1762	0.3965	0.2624
1763	0.3987	0.2642
1764	0.3982	0.2632
1765	0.3974	0.2623
1766	0.3968	0.2609
1767	0.4003	0.265
1768	0.3968	0.261
1769	0.396	0.2597
1770	0.398	0.2622
1771	0.3963	0.2611
1772	0.3954	0.2606
1773	0.3971	0.263
1774	0.3967	0.261
1775	0.3963	0.2602
1776	0.396	0.2602
1777	0.3964	0.262
1778	0.3953	0.2605
1779	0.3971	0.2635
1780	0.3994	0.2664
1781	0.3958	0.2608
1782	0.3964	0.2612
1783	0.3968	0.2614
1784	0.3967	0.2626
1785	0.3973	0.2642
1786	0.3993	0.266
1787	0.3975	0.2636
1788	0.3973	0.2627
1789	0.3946	0.2593
1790	0.3998	0.2667
1791	0.3979	0.2639
1792	0.3945	0.2588
1793	0.3959	0.2613
1794	0.3938	0.2584
1795	0.3949	0.2599
1796	0.3963	0.2611
1797	0.396	0.2612
1798	0.3948	0.2595
1799	0.3964	0.2608
1800	0.3955	0.2598
1801	0.3965	0.2611
1802	0.3969	0.2619
1803	0.3954	0.261
1804	0.3964	0.2622
1805	0.3955	0.2605
1806	0.3965	0.2621
1807	0.3952	0.2603
1808	0.4003	0.2668
1809	0.3972	0.2623
1810	0.3989	0.2652
1811	0.3955	0.2608
1812	0.3947	0.2598
1813	0.3959	0.2618
1814	0.3935	0.2587
1815	0.395	0.2611
1816	0.3962	0.2625
1817	0.3945	0.2596
1818	0.3969	0.2632
1819	0.3934	0.2583
1820	0.3941	0.2586
1821	0.3948	0.2598
1822	0.3944	0.2596
1823	0.3947	0.2603
1824	0.3941	0.2602
1825	0.3976	0.2635
1826	0.3982	0.2639
1827	0.3986	0.2645
1828	0.3935	0.2588
1829	0.3945	0.2607
1830	0.393	0.2579
1831	0.3944	0.2597
1832	0.3976	0.265
1833	0.3952	0.2618
1834	0.3976	0.2642
1835	0.3932	0.2578
1836	0.3939	0.2588
1837	0.3938	0.2597
1838	0.3941	0.2602
1839	0.393	0.2587
1840	0.3941	0.2594
1841	0.3934	0.2588
1842	0.3953	0.2608
1843	0.3943	0.2596
1844	0.3939	0.2592
1845	0.3973	0.2634
1846	0.3939	0.2593
1847	0.3927	0.2573
1848	0.3944	0.2597
1849	0.3935	0.258
1850	0.3939	0.2585
1851	0.3941	0.2596
1852	0.395	0.2616
1853	0.3954	0.2611
1854	0.3942	0.2594
1855	0.3929	0.2586
1856	0.3958	0.2627
1857	0.3943	0.2604
1858	0.3937	0.26
1859	0.3934	0.2585
1860	0.3935	0.259
1861	0.3951	0.261
1862	0.3965	0.2634
1863	0.3948	0.2614
1864	0.392	0.2572
1865	0.3962	0.2633
1866	0.3939	0.2601
1867	0.3942	0.2595
1868	0.3925	0.2579
1869	0.3938	0.2592
1870	0.392	0.2564
1871	0.3923	0.2577
1872	0.3945	0.2612
1873	0.3928	0.2585
1874	0.3935	0.2592
1875	0.394	0.2595
1876	0.393	0.2588
1877	0.394	0.2594
1878	0.3923	0.2572
1879	0.3931	0.2582
1880	0.3934	0.2585
1881	0.3934	0.2583
1882	0.3926	0.2583
1883	0.3925	0.2586
1884	0.3927	0.2582
1885	0.3928	0.2579
1886	0.3931	0.2582
1887	0.3926	0.2573
1888	0.3933	0.259
1889	0.3909	0.256
1890	0.3942	0.2603
1891	0.4012	0.2696
1892	0.3967	0.264
1893	0.3985	0.2665
1894	0.3955	0.262
1895	0.3929	0.2588
1896	0.3932	0.2587
1897	0.3937	0.2602
1898	0.3918	0.2571
1899	0.3948	0.2618
1900	0.3944	0.262
1901	0.3904	0.2562
1902	0.3941	0.2603
1903	0.392	0.2574
1904	0.3916	0.2568
1905	0.3924	0.2582
1906	0.3929	0.2591
1907	0.3948	0.262
1908	0.3976	0.2656
1909	0.3935	0.2597
1910	0.3948	0.2618
1911	0.3991	0.2679
1912	0.3914	0.257
1913	0.3907	0.256
1914	0.391	0.2563
1915	0.3914	0.2571
1916	0.391	0.2568
1917	0.3918	0.2572
1918	0.3911	0.257
1919	0.3906	0.2566
1920	0.3915	0.2568
1921	0.3924	0.2585
1922	0.3905	0.2568
1923	0.3954	0.2637
1924	0.3957	0.2636
1925	0.3942	0.2607
1926	0.3913	0.2565
1927	0.3927	0.2584
1928	0.3927	0.2585
1929	0.3976	0.2652
1930	0.3934	0.2608
1931	0.3903	0.2567
1932	0.3911	0.2565
1933	0.3917	0.2574
1934	0.3916	0.2575
1935	0.3907	0.2567
1936	0.3907	0.2562
1937	0.3908	0.2561
1938	0.3927	0.2586
1939	0.3917	0.2584
1940	0.3934	0.2601
1941	0.3947	0.2607
1942	0.3911	0.2575
1943	0.3907	0.2566
1944	0.392	0.2582
1945	0.3917	0.257
1946	0.3897	0.2553
1947	0.3963	0.2641
1948	0.3947	0.2614
1949	0.3928	0.2594
1950	0.3926	0.2595
1951	0.3957	0.264
1952	0.393	0.2595
1953	0.3903	0.2558
1954	0.3918	0.2581
1955	0.3922	0.2588
1956	0.3911	0.2569
1957	0.3917	0.2574
1958	0.393	0.2602
1959	0.3911	0.2584
1960	0.3945	0.2613
1961	0.3896	0.2554
1962	0.3907	0.2571
1963	0.3916	0.2583
1964	0.391	0.2569
1965	0.3923	0.258
1966	0.393	0.2594
1967	0.3917	0.2582
1968	0.3901	0.2562
1969	0.393	0.2598
1970	0.3903	0.2559
1971	0.3911	0.2579
1972	0.3925	0.2598
1973	0.3908	0.2581
1974	0.3937	0.2623
1975	0.3918	0.2593
1976	0.3976	0.2674
1977	0.3909	0.2578
1978	0.3907	0.2572
1979	0.3901	0.2558
1980	0.3957	0.2638
1981	0.3944	0.2623
1982	0.3914	0.2582
1983	0.3929	0.2613
1984	0.3914	0.2592
1985	0.3912	0.2577
1986	0.3891	0.2549
1987	0.3903	0.2566
1988	0.3932	0.2613
1989	0.3895	0.2562
1990	0.3934	0.2612
1991	0.3915	0.2588
1992	0.3903	0.2572
1993	0.3883	0.2553
1994	0.3959	0.2649
1995	0.3982	0.2678
1996	0.3946	0.2634
1997	0.3903	0.2577
1998	0.3949	0.2634
1999	0.3902	0.2573
